Time	 Int488	 Int561	 Back488	 Back561	 Raw488	 Raw561
0.0	 11.21536	 -2.4	 60.39264	 182.4	71.608	 180.0
0.5	 20.2321790476	 2.53650793651	 60.0938209524	 182.463492063	80.326	 185.0
1.0	 -24.1358019048	 -10.526984127	 59.7950019048	 182.526984127	35.6592	 172.0
1.5	 -13.6829828571	 4.40952380952	 59.4961828571	 182.59047619	45.8132	 187.0
2.0	 9.35943619048	 5.34603174603	 59.1973638095	 182.653968254	68.5568	 188.0
2.5	 -17.2905447619	 -2.71746031746	 58.8985447619	 182.717460317	41.608	 180.0
3.0	 -19.0173257143	 1.21904761905	 58.5997257143	 182.780952381	39.5824	 184.0
3.5	 -4.51330666667	 8.15555555556	 58.3009066667	 182.844444444	53.7876	 191.0
4.0	 22.041912381	 7.09206349206	 58.002087619	 182.907936508	80.044	 190.0
4.5	 16.0843314286	 8.02857142857	 57.7032685714	 182.971428571	73.7876	 191.0
5.0	 20.2291504762	 -7.03492063492	 57.4044495238	 183.034920635	77.6336	 176.0
5.5	 11.9895695238	 -1.09841269841	 57.1056304762	 183.098412698	69.0952	 182.0
6.0	 -14.5832114286	 17.8380952381	 56.8068114286	 183.161904762	42.2236	 201.0
6.5	 -9.69479238095	 3.7746031746	 56.507992381	 183.225396825	46.8132	 187.0
7.0	 12.1424266667	 -2.28888888889	 56.2091733333	 183.288888889	68.3516	 181.0
7.5	 50.8516457143	 11.6476190476	 55.9103542857	 183.352380952	106.762	 195.0
8.0	 72.0476647619	 -11.4158730159	 55.6115352381	 183.415873016	127.6592	 172.0
8.5	 2.03888380952	 -2.47936507937	 55.3127161905	 183.479365079	57.3516	 181.0
9.0	 80.3377028571	 -2.54285714286	 55.0138971429	 183.542857143	135.3516	 181.0
9.5	 86.5853219048	 5.39365079365	 54.7150780952	 183.606349206	141.3004	 189.0
10.0	 85.9609409524	 -6.66984126984	 54.4162590476	 183.66984127	140.3772	 177.0
10.5	 153.74696	 -4.73333333333	 54.11744	 183.733333333	207.8644	 179.0
11.0	 128.814979048	 -7.79682539683	 53.8186209524	 183.796825397	182.6336	 176.0
11.5	 123.036998095	 4.13968253968	 53.5198019048	 183.86031746	176.5568	 188.0
12.0	 112.643417143	 -4.92380952381	 53.2209828571	 183.923809524	165.8644	 179.0
12.5	 185.22423619	 -9.9873015873	 52.9221638095	 183.987301587	238.1464	 174.0
13.0	 159.189855238	 2.94920634921	 52.6233447619	 184.050793651	211.8132	 187.0
13.5	 187.488674286	 2.88571428571	 52.3245257143	 184.114285714	239.8132	 187.0
14.0	 227.043893333	 1.82222222222	 52.0257066667	 184.177777778	279.0696	 186.0
14.5	 181.855512381	 -0.24126984127	 51.726887619	 184.241269841	233.5824	 184.0
15.0	 171.179931429	 -4.30476190476	 51.4280685714	 184.304761905	222.608	 180.0
15.5	 134.453150476	 -0.368253968254	 51.1292495238	 184.368253968	185.5824	 184.0
16.0	 162.162369524	 13.5682539683	 50.8304304762	 184.431746032	212.9928	 198.0
16.5	 137.973988571	 11.5047619048	 50.5316114286	 184.495238095	188.5056	 196.0
17.0	 141.375207619	 -4.55873015873	 50.232792381	 184.558730159	191.608	 180.0
17.5	 123.879226667	 2.37777777778	 49.9339733333	 184.622222222	173.8132	 187.0
18.0	 140.972845714	 -4.68571428571	 49.6351542857	 184.685714286	190.608	 180.0
18.5	 138.502464762	 -1.74920634921	 49.3363352381	 184.749206349	187.8388	 183.0
19.0	 83.2884838095	 0.187301587302	 49.0375161905	 184.812698413	132.326	 185.0
19.5	 69.3053028571	 5.12380952381	 48.7386971429	 184.876190476	118.044	 190.0
20.0	 25.1169219048	 3.06031746032	 48.4398780952	 184.93968254	73.5568	 188.0
20.5	 28.7489409524	 -10.0031746032	 48.1410590476	 185.003174603	76.89	 175.0
21.0	 15.25296	 -3.06666666667	 47.84224	 185.066666667	63.0952	 182.0
21.5	 4.55177904762	 -3.13015873016	 47.5434209524	 185.13015873	52.0952	 182.0
22.0	 2.13259809524	 -8.19365079365	 47.2446019048	 185.193650794	49.3772	 177.0
22.5	 -18.8761828571	 0.742857142857	 46.9457828571	 185.257142857	28.0696	 186.0
23.0	 3.42263619048	 0.679365079365	 46.6469638095	 185.320634921	50.0696	 186.0
23.5	 -0.996544761905	 -4.38412698413	 46.3481447619	 185.384126984	45.3516	 181.0
24.0	 -7.39012571429	 -13.4476190476	 46.0493257143	 185.447619048	38.6592	 172.0
24.5	 -5.65530666667	 -3.51111111111	 45.7505066667	 185.511111111	40.0952	 182.0
25.0	 -38.330887619	 -7.5746031746	 45.451687619	 185.574603175	7.1208	 178.0
25.5	 -9.51926857143	 -9.6380952381	 45.1528685714	 185.638095238	35.6336	 176.0
26.0	 -29.2204495238	 -9.70158730159	 44.8540495238	 185.701587302	15.6336	 176.0
26.5	 -12.9472304762	 -5.76507936508	 44.5552304762	 185.765079365	31.608	 180.0
27.0	 0.838788571429	 -3.82857142857	 44.2564114286	 185.828571429	45.0952	 182.0
27.5	 -15.913592381	 4.10793650794	 43.957592381	 185.892063492	28.044	 190.0
28.0	 -19.8455733333	 1.04444444444	 43.6587733333	 185.955555556	23.8132	 187.0
28.5	 -12.5467542857	 0.980952380952	 43.3599542857	 186.019047619	30.8132	 187.0
29.0	 -5.4787352381	 -2.08253968254	 43.0611352381	 186.082539683	37.5824	 184.0
29.5	 6.56368380952	 -1.14603174603	 42.7623161905	 186.146031746	49.326	 185.0
30.0	 7.86250285714	 -1.20952380952	 42.4634971429	 186.20952381	50.326	 185.0
30.5	 -5.63347809524	 5.72698412698	 42.1646780952	 186.273015873	36.5312	 192.0
31.0	 -7.79625904762	 -0.336507936508	 41.8658590476	 186.336507937	34.0696	 186.0
Actin association begins: 7.0
Actin association ends: 22.0
Length of actin association: 15.0
Cofilin association begins: 3.0
Cofilin association ends: 4.5
Length of cofilin association: 1.5
Delay between actin and cofilin association: -4.0
Maximum normalized actin intensity: 227.043893333
Maximum normalized cofilin intensity: 8.15555555556