Time	 Int488	 Int561	 Back488	 Back561	 Raw488	 Raw561
0.0	 -4.75376	 8.4	 40.00296	 188.6	35.2492	 197.0
0.5	 26.4735669565	 -6.56956521739	 39.6216330435	 188.569565217	66.0952	 182.0
1.0	 11.367693913	 -8.53913043478	 39.240306087	 188.539130435	50.608	 180.0
1.5	 -27.8149791304	 1.49130434783	 38.8589791304	 188.508695652	11.044	 190.0
2.0	 -1.45925217391	 5.52173913043	 38.4776521739	 188.47826087	37.0184	 194.0
2.5	 17.4604747826	 -0.447826086957	 38.0963252174	 188.447826087	55.5568	 188.0
3.0	 5.14940173913	 -9.41739130435	 37.7149982609	 188.417391304	42.8644	 179.0
3.5	 8.24872869565	 -4.38695652174	 37.3336713043	 188.386956522	45.5824	 184.0
4.0	 9.39925565217	 -7.35652173913	 36.9523443478	 188.356521739	46.3516	 181.0
4.5	 -18.7322173913	 -5.32608695652	 36.5710173913	 188.326086957	17.8388	 183.0
5.0	 3.70030956522	 -13.2956521739	 36.1896904348	 188.295652174	39.89	 175.0
5.5	 13.7484365217	 -0.265217391304	 35.8083634783	 188.265217391	49.5568	 188.0
6.0	 -4.61383652174	 -1.2347826087	 35.4270365217	 188.234782609	30.8132	 187.0
6.5	 5.10069043478	 -14.2043478261	 35.0457095652	 188.204347826	40.1464	 174.0
7.0	 24.4052173913	 -2.17391304348	 34.6643826087	 188.173913043	59.0696	 186.0
7.5	 24.8121443478	 -6.14347826087	 34.2830556522	 188.143478261	59.0952	 182.0
8.0	 -13.1397286957	 6.88695652174	 33.9017286957	 188.113043478	20.762	 195.0
8.5	 5.47239826087	 9.91739130435	 33.5204017391	 188.082608696	38.9928	 198.0
9.0	 46.9305252174	 -2.05217391304	 33.1390747826	 188.052173913	80.0696	 186.0
9.5	 37.0554521739	 -1.02173913043	 32.7577478261	 188.02173913	69.8132	 187.0
10.0	 35.9751791304	 -6.99130434783	 32.3764208696	 187.991304348	68.3516	 181.0
10.5	 2.56170608696	 0.0391304347826	 31.995093913	 187.960869565	34.5568	 188.0
11.0	 41.7378330435	 -6.93043478261	 31.6137669565	 187.930434783	73.3516	 181.0
11.5	 54.58076	 -0.9	 31.23244	 187.9	85.8132	 187.0
12.0	 43.4236869565	 5.13043478261	 30.8511130435	 187.869565217	74.2748	 193.0
12.5	 84.625413913	 -5.83913043478	 30.469786087	 187.839130435	115.0952	 182.0
13.0	 82.5451408696	 -11.8086956522	 30.0884591304	 187.808695652	112.6336	 176.0
13.5	 93.3624678261	 -1.77826086957	 29.7071321739	 187.77826087	123.0696	 186.0
14.0	 91.9745947826	 1.25217391304	 29.3258052174	 187.747826087	121.3004	 189.0
14.5	 144.381521739	 -2.71739130435	 28.9444782609	 187.717391304	173.326	 185.0
15.0	 137.019248696	 -3.68695652174	 28.5631513043	 187.686956522	165.5824	 184.0
15.5	 123.631375652	 -0.65652173913	 28.1818243478	 187.656521739	151.8132	 187.0
16.0	 114.089502609	 -12.6260869565	 27.8004973913	 187.626086957	141.89	 175.0
16.5	 94.8812295652	 1.40434782609	 27.4191704348	 187.595652174	122.3004	 189.0
17.0	 144.544556522	 -3.5652173913	 27.0378434783	 187.565217391	171.5824	 184.0
17.5	 139.695083478	 -6.5347826087	 26.6565165217	 187.534782609	166.3516	 181.0
18.0	 125.563610435	 -4.50434782609	 26.2751895652	 187.504347826	151.8388	 183.0
18.5	 189.226937391	 -9.47391304348	 25.8938626087	 187.473913043	215.1208	 178.0
19.0	 102.018664348	 4.55652173913	 25.5125356522	 187.443478261	127.5312	 192.0
19.5	 122.681991304	 -0.413043478261	 25.1312086957	 187.413043478	147.8132	 187.0
20.0	 134.576118261	 -2.38260869565	 24.7498817391	 187.382608696	159.326	 185.0
20.5	 139.470245217	 -4.35217391304	 24.3685547826	 187.352173913	163.8388	 183.0
21.0	 167.287572174	 5.67826086957	 23.9872278261	 187.32173913	191.2748	 193.0
21.5	 154.41249913	 6.70869565217	 23.6059008696	 187.291304348	178.0184	 194.0
22.0	 169.870626087	 -5.26086956522	 23.224573913	 187.260869565	193.0952	 182.0
22.5	 145.662353043	 8.76956521739	 22.8432469565	 187.230434783	168.5056	 196.0
23.0	 179.37688	 -4.2	 22.46192	 187.2	201.8388	 183.0
23.5	 104.732606957	 -0.169565217391	 22.0805930435	 187.169565217	126.8132	 187.0
24.0	 128.165133913	 -8.13913043478	 21.699266087	 187.139130435	149.8644	 179.0
24.5	 143.52086087	 -4.10869565217	 21.3179391304	 187.108695652	164.8388	 183.0
25.0	 146.876587826	 -0.0782608695652	 20.9366121739	 187.07826087	167.8132	 187.0
25.5	 99.0015147826	 0.952173913043	 20.5552852174	 187.047826087	119.5568	 188.0
26.0	 136.408441739	 -3.01739130435	 20.1739582609	 187.017391304	156.5824	 184.0
26.5	 123.046168696	 -3.98695652174	 19.7926313043	 186.986956522	142.8388	 183.0
27.0	 64.9658956522	 -9.95652173913	 19.4113043478	 186.956521739	84.3772	 177.0
27.5	 57.3728226087	 -13.9260869565	 19.0299773913	 186.926086957	76.4028	 173.0
28.0	 96.3953495652	 3.10434782609	 18.6486504348	 186.895652174	115.044	 190.0
28.5	 50.0842765217	 -5.8652173913	 18.2673234783	 186.865217391	68.3516	 181.0
29.0	 72.9272034783	 0.165217391304	 17.8859965217	 186.834782609	90.8132	 187.0
29.5	 43.1289304348	 -10.8043478261	 17.5046695652	 186.804347826	60.6336	 176.0
30.0	 35.4590573913	 -2.77391304348	 17.1233426087	 186.773913043	52.5824	 184.0
30.5	 55.8147843478	 1.25652173913	 16.7420156522	 186.743478261	72.5568	 188.0
31.0	 35.7089113043	 -0.713043478261	 16.3606886957	 186.713043478	52.0696	 186.0
31.5	 21.3466382609	 -1.68260869565	 15.9793617391	 186.682608696	37.326	 185.0
32.0	 54.6767652174	 6.34782608696	 15.5980347826	 186.652173913	70.2748	 193.0
32.5	 26.0836921739	 2.37826086957	 15.2167078261	 186.62173913	41.3004	 189.0
33.0	 6.79821913043	 -10.5913043478	 14.8353808696	 186.591304348	21.6336	 176.0
33.5	 13.923146087	 -9.56086956522	 14.454053913	 186.560869565	28.3772	 177.0
34.0	 4.53527304348	 -6.53043478261	 14.0727269565	 186.530434783	18.608	 180.0
34.5	 -5.4422	 10.5	 13.6914	 186.5	8.2492	 197.0
35.0	 -2.95847304348	 -5.46956521739	 13.3100730435	 186.469565217	10.3516	 181.0
35.5	 -7.83354608696	 -4.43913043478	 12.928746087	 186.439130435	5.0952	 182.0
36.0	 3.59898086957	 -12.4086956522	 12.5474191304	 186.408695652	16.1464	 174.0
36.5	 -1.12209217391	 3.62173913043	 12.1660921739	 186.37826087	11.044	 190.0
37.0	 -12.2535652174	 5.65217391304	 11.7847652174	 186.347826087	-0.4688	 192.0
37.5	 -5.00063826087	 -13.3173913043	 11.4034382609	 186.317391304	6.4028	 173.0
38.0	 0.0218886956522	 3.71304347826	 11.0221113043	 186.286956522	11.044	 190.0
38.5	 3.37761565217	 7.74347826087	 10.6407843478	 186.256521739	14.0184	 194.0
39.0	 2.6305426087	 -11.2260869565	 10.2594573913	 186.226086957	12.89	 175.0
39.5	 6.47346956522	 -5.19565217391	 9.87813043478	 186.195652174	16.3516	 181.0
40.0	 4.54719652174	 3.8347826087	 9.49680347826	 186.165217391	14.044	 190.0
40.5	 -2.78947652174	 -1.1347826087	 9.11547652174	 186.134782609	6.326	 185.0
41.0	 -6.15174956522	 -2.10434782609	 8.73414956522	 186.104347826	2.5824	 184.0
41.5	 13.7167773913	 -0.0739130434783	 8.3528226087	 186.073913043	22.0696	 186.0
42.0	 15.5853043478	 1.95652173913	 7.97149565217	 186.043478261	23.5568	 188.0
42.5	 0.0434313043478	 -10.0130434783	 7.59016869565	 186.013043478	7.6336	 176.0
43.0	 -9.44684173913	 9.01739130435	 7.20884173913	 185.982608696	-2.238	 195.0
43.5	 12.7548852174	 -1.95217391304	 6.82751478261	 185.952173913	19.5824	 184.0
44.0	 14.5978121739	 4.07826086957	 6.44618782609	 185.92173913	21.044	 190.0
44.5	 -6.40566086957	 -13.8913043478	 6.06486086957	 185.891304348	-0.3408	 172.0
45.0	 -22.408733913	 7.13913043478	 5.68353391304	 185.860869565	-16.7252	 193.0
45.5	 -4.25820695652	 4.16956521739	 5.30220695652	 185.830434783	1.044	 190.0
Actin association begins: 8.5
Actin association ends: 34.0
Length of actin association: 25.5
Cofilin association begins: 1.5
Cofilin association ends: 2.0
Length of cofilin association: 0.5
Delay between actin and cofilin association: -7.0
Maximum normalized actin intensity: 189.226937391
Maximum normalized cofilin intensity: 1.49130434783