Time	 Int488	 Int561	 Back488	 Back561	 Raw488	 Raw561
0.0	 34.6287152156	 -2.40092596228	 61.30032	 181.2	78.608	 180.0
0.5	 23.4046599959	 -22.5119079474	 60.4741832258	 181.251612903	72.172	 170.0
1.0	 15.8748295235	 5.39562931307	 59.6480464516	 181.303225806	67.5824	 184.0
1.5	 -24.5396835456	 13.2954502212	 58.8219096774	 181.35483871	46.5568	 188.0
2.0	 -32.8394109432	 5.1890980475	 57.9957729032	 181.406451613	41.5824	 184.0
2.5	 -14.6673289895	 3.08506077948	 57.169636129	 181.458064516	49.8388	 183.0
3.0	 -17.9395174221	 -9.02283466468	 56.3434993548	 181.509677419	47.3772	 177.0
3.5	 -22.7506993966	 -15.1284152032	 55.5173625806	 181.561290323	44.1464	 174.0
4.0	 -5.65583289128	 -5.22782265979	 54.6912258065	 181.612903226	51.8644	 179.0
4.5	 18.9803420616	 -1.32954502212	 53.8650890323	 181.664516129	63.3516	 181.0
5.0	 107.949328174	 32.580307144	 53.0389522581	 181.716129032	106.9928	 198.0
5.5	 12.7440840281	 4.466238618	 52.2128154839	 181.767741935	58.5824	 184.0
6.0	 -8.63748862938	 8.36451625567	 51.3866787097	 181.819354839	47.0696	 186.0
6.5	 18.6148953137	 -5.74415082373	 50.5605419355	 181.870967742	59.8644	 179.0
7.0	 -39.2423448713	 -7.84818809174	 49.7344051613	 181.922580645	30.1208	 178.0
7.5	 40.3894401734	 0.051632816393	 48.9082683871	 181.974193548	69.0952	 182.0
8.0	 32.5002711153	 5.9506820893	 48.0821316129	 182.025806452	64.326	 185.0
8.5	 73.6556169973	 7.84818809174	 47.2559948387	 182.077419355	84.0696	 186.0
9.0	 188.377735289	 3.74337918849	 46.4298580645	 182.129032258	140.5824	 184.0
9.5	 161.506845573	 5.64088519094	 45.6037212903	 182.180645161	126.326	 185.0
10.0	 214.666821267	 7.53839119338	 44.7775845161	 182.232258065	152.0696	 186.0
10.5	 352.83398158	 13.4374404663	 43.9514477419	 182.283870968	220.3004	 189.0
11.0	 431.439770931	 25.3388046449	 43.1253109677	 182.335483871	258.762	 195.0
11.5	 324.589235559	 19.2332241064	 42.2991741935	 182.387096774	204.5312	 192.0
12.0	 388.419726538	 -4.87930114914	 41.4730374194	 182.438709677	235.608	 180.0
12.5	 600.0	 19.0266928408	 40.6469006452	 182.490322581	340.5312	 192.0
13.0	 500.280214737	 -7.08660404994	 39.820763871	 182.541935484	289.8644	 179.0
13.5	 530.405706748	 -1.18755477704	 38.9946270968	 182.593548387	304.0952	 182.0
14.0	 588.131443313	 -9.29390695075	 38.1684903226	 182.64516129	332.1208	 178.0
14.5	 414.99934521	 24.6159452154	 37.3423535484	 182.696774194	244.762	 195.0
15.0	 422.295232554	 2.50419159506	 36.5162167742	 182.748387097	247.5824	 184.0
15.5	 401.016099405	 -9.6037038491	 35.69008	 182.8	236.1208	 178.0
16.0	 391.536717051	 10.3007468704	 34.8639432258	 182.851612903	230.5568	 188.0
16.5	 262.164695845	 6.19593796716	 34.0378064516	 182.903225806	165.0696	 186.0
17.0	 325.226090207	 24.0996170514	 33.2116696774	 182.95483871	195.762	 195.0
17.5	 216.3747832	 17.994036513	 32.3855329032	 183.006451613	140.5312	 192.0
18.0	 233.11031112	 5.88614106881	 31.559396129	 183.058064516	148.0696	 186.0
18.5	 142.778946678	 -2.2202111049	 30.7332593548	 183.109677419	102.0952	 182.0
19.0	 150.3317331	 13.6826963442	 29.9071225806	 183.161290323	105.044	 190.0
19.5	 73.1846534258	 -22.4344587228	 29.0809858065	 183.212903226	65.6592	 172.0
20.0	 58.5752925993	 17.477708349	 28.2548490323	 183.264516129	57.5312	 192.0
20.5	 105.271175294	 13.3728994458	 27.4287122581	 183.316129032	80.044	 190.0
21.0	 69.5760823576	 -12.740397445	 26.6025754839	 183.367741935	61.3772	 177.0
21.5	 6.48642419219	 21.1694547211	 25.7764387097	 183.419354839	29.0184	 194.0
22.0	 57.3887291723	 -14.9477003458	 24.9503019355	 183.470967742	53.6336	 176.0
22.5	 34.8787213126	 8.95829364419	 24.1241651613	 183.522580645	41.5568	 188.0
23.0	 8.36717018243	 32.8642876342	 23.2980283871	 183.574193548	27.48	 200.0
23.5	 4.68442341023	 6.75099074339	 22.4718916129	 183.625806452	24.8132	 187.0
24.0	 17.4696278133	 -13.3599912417	 21.6457548387	 183.677419355	30.3772	 177.0
24.5	 -20.8928938667	 -13.4632568745	 20.8196180645	 183.729032258	10.3772	 177.0
25.0	 -13.9555447991	 20.4465952916	 19.9934812903	 183.780645161	13.0184	 194.0
25.5	 2.88242262827	 -7.66747323437	 19.1673445161	 183.832258065	20.608	 180.0
26.0	 17.0017415577	 -1.76842396146	 18.3412077419	 183.883870968	26.8388	 183.0
26.5	 -26.0289805016	 24.1383416637	 17.5150709677	 183.935483871	4.5056	 196.0
27.0	 -15.2445477338	 4.02735967866	 16.6889341935	 183.987096774	9.0696	 186.0
27.5	 -3.07478068574	 1.92332241064	 15.8627974194	 184.038709677	14.326	 185.0
28.0	 -23.8409159882	 -12.1853446688	 15.0366606452	 184.090322581	3.1208	 178.0
28.5	 -20.2384530822	 -4.28552376062	 14.210523871	 184.141935484	4.0952	 182.0
29.0	 -33.1039413515	 -2.38801775818	 13.3843870968	 184.193548387	-3.1612	 183.0
29.5	 18.9275991396	 19.5172045966	 12.5582503226	 184.24516129	22.0184	 194.0
30.0	 15.2960721213	 -14.5991788351	 11.7321135484	 184.296774194	19.3772	 177.0
30.5	 -5.67494219663	 3.30450024915	 10.9059767742	 184.348387097	8.0696	 186.0
Actin association begins: 7.5
Actin association ends: 24.0
Length of actin association: 16.5
Area under actin curve during patch life: 7822.91306395
Cofilin intensity score: 229.58045475