Time	 Int488	 Int561	 Back488	 Back561	 Raw488	 Raw561
0.0	 -34.93328	 5.2	 65.46448	 186.8	30.5312	 192.0
0.5	 -2.76766580645	 -0.641935483871	 64.8372658065	 186.641935484	62.0696	 186.0
1.0	 19.0647483871	 6.51612903226	 64.2100516129	 186.483870968	83.2748	 193.0
1.5	 29.7943625806	 -9.32580645161	 63.5828374194	 186.325806452	93.3772	 177.0
2.0	 -4.88602322581	 -0.167741935484	 62.9556232258	 186.167741935	58.0696	 186.0
2.5	 -7.23320903226	 -4.00967741935	 62.3284090323	 186.009677419	55.0952	 182.0
3.0	 23.1632051613	 -6.85161290323	 61.7011948387	 185.851612903	84.8644	 179.0
3.5	 16.9956193548	 0.306451612903	 61.0739806452	 185.693548387	78.0696	 186.0
4.0	 14.3664335484	 1.46451612903	 60.4467664516	 185.535483871	74.8132	 187.0
4.5	 -1.18595225806	 -9.37741935484	 59.8195522581	 185.377419355	58.6336	 176.0
5.0	 3.44126193548	 -9.21935483871	 59.1923380645	 185.219354839	62.6336	 176.0
5.5	 36.735276129	 3.93870967742	 58.565123871	 185.061290323	95.3004	 189.0
6.0	 133.413690323	 -3.90322580645	 57.9379096774	 184.903225806	191.3516	 181.0
6.5	 112.938504516	 12.2548387097	 57.3106954839	 184.74516129	170.2492	 197.0
7.0	 104.20651871	 -9.58709677419	 56.6834812903	 184.587096774	160.89	 175.0
7.5	 159.500532903	 3.57096774194	 56.0562670968	 184.429032258	215.5568	 188.0
8.0	 213.153347097	 -0.270967741935	 55.4290529032	 184.270967742	268.5824	 184.0
8.5	 216.08816129	 -9.11290322581	 54.8018387097	 184.112903226	270.89	 175.0
9.0	 267.100175484	 9.04516129032	 54.1746245161	 183.95483871	321.2748	 193.0
9.5	 274.804189677	 -2.79677419355	 53.5474103226	 183.796774194	328.3516	 181.0
10.0	 343.200603871	 -5.63870967742	 52.920196129	 183.638709677	396.1208	 178.0
10.5	 301.520218065	 3.51935483871	 52.2929819355	 183.480645161	353.8132	 187.0
11.0	 318.660232258	 1.67741935484	 51.6657677419	 183.322580645	370.326	 185.0
11.5	 346.518246452	 4.83548387097	 51.0385535484	 183.164516129	397.5568	 188.0
12.0	 328.401860645	 3.9935483871	 50.4113393548	 183.006451613	378.8132	 187.0
12.5	 249.311074839	 -0.848387096774	 49.7841251613	 182.848387097	299.0952	 182.0
13.0	 313.707489032	 -3.69032258065	 49.1569109677	 182.690322581	362.8644	 179.0
13.5	 404.052703226	 1.46774193548	 48.5296967742	 182.532258065	452.5824	 184.0
14.0	 389.679917419	 1.62580645161	 47.9024825806	 182.374193548	437.5824	 184.0
14.5	 408.383931613	 -10.2161290323	 47.2752683871	 182.216129032	455.6592	 172.0
15.0	 224.934345806	 1.94193548387	 46.6480541935	 182.058064516	271.5824	 184.0
15.5	 274.04876	 4.1	 46.02084	 181.9	320.0696	 186.0
16.0	 334.650374194	 8.25806451613	 45.3936258065	 181.741935484	380.044	 190.0
16.5	 294.303188387	 4.41612903226	 44.7664116129	 181.583870968	339.0696	 186.0
17.0	 167.468802581	 -1.42580645161	 44.1391974194	 181.425806452	211.608	 180.0
17.5	 267.865216774	 -4.26774193548	 43.5119832258	 181.267741935	311.3772	 177.0
18.0	 168.979630968	 -2.10967741935	 42.8847690323	 181.109677419	211.8644	 179.0
18.5	 139.017245161	 12.0483870968	 42.2575548387	 180.951612903	181.2748	 193.0
19.0	 177.721259355	 0.206451612903	 41.6303406452	 180.793548387	219.3516	 181.0
19.5	 141.143273548	 -6.63548387097	 41.0031264516	 180.635483871	182.1464	 174.0
20.0	 23.7704877419	 -6.47741935484	 40.3759122581	 180.477419355	64.1464	 174.0
20.5	 54.8337019355	 3.68064516129	 39.7486980645	 180.319354839	94.5824	 184.0
21.0	 66.742916129	 -1.16129032258	 39.121483871	 180.161290323	105.8644	 179.0
21.5	 0.575330322581	 5.99677419355	 38.4942696774	 180.003225806	39.0696	 186.0
22.0	 -11.0026554839	 -0.845161290323	 37.8670554839	 179.84516129	26.8644	 179.0
22.5	 -21.1702412903	 6.31290322581	 37.2398412903	 179.687096774	16.0696	 186.0
23.0	 -36.2866270968	 5.47096774194	 36.6126270968	 179.529032258	0.326	 185.0
23.5	 -11.1466129032	 3.62903225806	 35.9854129032	 179.370967742	24.8388	 183.0
24.0	 -11.7757987097	 4.78709677419	 35.3581987097	 179.212903226	23.5824	 184.0
24.5	 -11.3537845161	 -2.05483870968	 34.7309845161	 179.05483871	23.3772	 177.0
25.0	 3.96582967742	 7.10322580645	 34.1037703226	 178.896774194	38.0696	 186.0
25.5	 -4.38135612903	 3.26129032258	 33.476556129	 178.738709677	29.0952	 182.0
26.0	 -5.70294193548	 -4.58064516129	 32.8493419355	 178.580645161	27.1464	 174.0
26.5	 23.4114722581	 -2.42258064516	 32.2221277419	 178.422580645	55.6336	 176.0
27.0	 23.7310864516	 6.73548387097	 31.5949135484	 178.264516129	55.326	 185.0
27.5	 26.0763006452	 11.8935483871	 30.9676993548	 178.106451613	57.044	 190.0
28.0	 -13.8604851613	 22.0516129032	 30.3404851613	 177.948387097	16.48	 200.0
28.5	 -14.3360709677	 -0.790322580645	 29.7132709677	 177.790322581	15.3772	 177.0
29.0	 8.57314322581	 -5.63225806452	 29.0860567742	 177.632258065	37.6592	 172.0
29.5	 4.14915741935	 2.52580645161	 28.4588425806	 177.474193548	32.608	 180.0
30.0	 -15.2236283871	 2.68387096774	 27.8316283871	 177.316129032	12.608	 180.0
30.5	 7.42918580645	 -1.15806451613	 27.2044141935	 177.158064516	34.6336	 176.0
Actin association begins: 5.0
Actin association ends: 21.5
Length of actin association: 16.5
Cofilin association begins: 10.5
Cofilin association ends: 12.0
Length of cofilin association: 1.5
Delay between actin and cofilin association: 5.5
Maximum normalized actin intensity: 408.383931613
Maximum normalized cofilin intensity: 4.83548387097