Time	 Int488	 Int561	 Back488	 Back561	 Raw488	 Raw561
0.0	 -6.48816286427	 -8.33865394443	 49.65928	 179.8	45.1464	 174.0
0.5	 26.6821747361	 16.0252810384	 49.2286557746	 179.853521127	67.7876	 191.0
1.0	 -5.24994686589	 -8.49254848056	 48.7980315493	 179.907042254	45.1464	 174.0
1.5	 -8.28029389645	 0.0566979869946	 48.3674073239	 179.96056338	42.608	 180.0
2.0	 -0.472691117575	 -0.0202492810695	 47.9367830986	 180.014084507	47.608	 180.0
2.5	 -21.4190674574	 -0.0971965491337	 47.5061588732	 180.067605634	32.608	 180.0
3.0	 -1.40942609974	 2.70125409467	 47.0755346479	 180.121126761	46.0952	 182.0
3.5	 47.6860152957	 9.81280160629	 46.6449104225	 180.174647887	79.8132	 187.0
4.0	 9.63447185771	 -13.2673289568	 46.2142861972	 180.228169014	52.9156	 171.0
4.5	 7.96821359654	 6.78350915829	 45.7836619718	 180.281690141	51.326	 185.0
5.0	 42.0598286878	 -0.481932889455	 45.3530377465	 180.335211268	74.608	 180.0
5.5	 46.217976437	 8.0673135781	 44.9224135211	 180.388732394	77.0696	 186.0
6.0	 40.1276309486	 -10.6997201171	 44.4917892958	 180.442253521	72.4028	 173.0
6.5	 55.7137601587	 9.35111799791	 44.0611650704	 180.495774648	82.8132	 187.0
7.0	 31.8551808137	 15.0249665536	 43.6305408451	 180.549295775	65.7876	 191.0
7.5	 52.5652691027	 20.6988151093	 43.1999166197	 180.602816901	79.762	 195.0
8.0	 128.386959009	 7.68257723778	 42.7692923944	 180.656338028	132.0696	 186.0
8.5	 138.332707676	 10.4810278816	 42.338668169	 180.709859155	138.5568	 188.0
9.0	 201.510122805	 7.52868270165	 41.9080439437	 180.763380282	182.0696	 186.0
9.5	 225.353819738	 29.0172197726	 41.4774197183	 180.816901408	198.2236	 201.0
10.0	 223.281555292	 0.18629338584	 41.046795493	 180.870422535	196.3516	 181.0
10.5	 307.324007828	 -5.64144970597	 40.6161712676	 180.923943662	254.3772	 177.0
11.0	 435.861517813	 0.0323988497112	 40.1855470423	 180.977464789	343.3516	 181.0
11.5	 435.411552868	 -1.48224737429	 39.7549228169	 181.030985915	342.608	 180.0
12.0	 509.4637229	 -18.8115821136	 39.3242985915	 181.084507042	393.6848	 168.0
12.5	 431.193988869	 8.42775078114	 38.8936743662	 181.138028169	338.8132	 187.0
13.0	 474.685854813	 -7.46388500223	 38.4630501408	 181.191549296	368.6336	 176.0
13.5	 558.691502257	 -7.54083227029	 38.0324259155	 181.245070423	426.6336	 176.0
14.0	 537.339694811	 -0.429284758674	 37.6018016901	 181.298591549	411.3516	 181.0
14.5	 558.602434579	 -24.9471142777	 37.1711774648	 181.352112676	425.7104	 164.0
15.0	 511.667061753	 -7.77167407448	 36.7405532394	 181.405633803	392.6336	 176.0
15.5	 417.951265218	 18.0299598643	 36.3099290141	 181.45915493	327.0184	 194.0
16.0	 417.538105367	 10.7645178166	 35.8793047887	 181.512676056	326.3004	 189.0
16.5	 584.598471336	 6.37447368069	 35.4486805634	 181.566197183	442.0696	 186.0
17.0	 600.0	 -0.890968367059	 35.018056338	 181.61971831	452.3516	 181.0
17.5	 500.348807096	 -2.40561459106	 34.5874321127	 181.673239437	382.608	 180.0
18.0	 485.485047499	 1.83053500869	 34.1568078873	 181.726760563	371.8388	 183.0
18.5	 515.92720756	 3.19128669656	 33.726183662	 181.78028169	392.5824	 184.0
19.0	 503.607024956	 3.11433942849	 33.2955594366	 181.833802817	383.5824	 184.0
19.5	 380.98945385	 -4.15110261925	 32.8649352113	 181.887323944	297.8644	 179.0
20.0	 274.592002366	 -18.6050394467	 32.4343109859	 181.94084507	223.4284	 169.0
20.5	 189.207383741	 -2.86729819944	 32.0036867606	 181.994366197	163.608	 180.0
21.0	 336.766801071	 7.11964722404	 31.5730625352	 182.047887324	265.8132	 187.0
21.5	 262.625563362	 7.04269995598	 31.1424383099	 182.101408451	213.8132	 187.0
22.0	 160.209387826	 -11.7243337393	 30.7118140845	 182.154929577	142.1464	 174.0
22.5	 154.26683779	 2.57570855204	 30.2811898592	 182.208450704	137.5824	 184.0
23.0	 138.592215982	 21.1888477112	 29.8505656338	 182.261971831	126.2492	 197.0
23.5	 101.609745488	 -0.453583895957	 29.4199414085	 182.315492958	100.0952	 182.0
24.0	 -20.0859730476	 16.7218563072	 28.9893171831	 182.369014085	15.0184	 194.0
24.5	 0.881750894316	 -17.8598659033	 28.5586929577	 182.422535211	29.172	 170.0
25.0	 1.68545943945	 9.3794669914	 28.1280687324	 182.476056338	29.3004	 189.0
25.5	 24.3490930698	 -9.38756670383	 27.697444507	 182.529577465	44.6336	 176.0
26.0	 8.01082942351	 0.599378719658	 27.2668202817	 182.583098592	32.8388	 183.0
26.5	 -14.1518402331	 22.0879157906	 26.8361960563	 182.636619718	16.9928	 198.0
27.0	 10.7971596576	 -16.8069032877	 26.405571831	 182.690140845	33.9156	 171.0
27.5	 -9.927811043	 4.68163378327	 25.9749476056	 182.743661972	19.0696	 186.0
28.0	 -5.95426383982	 -14.085399912	 25.5443233803	 182.797183099	21.4028	 173.0
28.5	 12.5072632821	 5.96543820308	 25.1136991549	 182.850704225	33.8132	 187.0
29.0	 -22.3002562317	 -18.5523913159	 24.6830749296	 182.904225352	9.172	 170.0
29.5	 25.6893071268	 -7.12774693647	 24.2524507042	 182.957746479	42.1208	 178.0
30.0	 23.7280330399	 2.85919848702	 23.8218264789	 183.011267606	40.326	 185.0
30.5	 7.46337958017	 1.34455226302	 23.3912022535	 183.064788732	28.5824	 184.0
31.0	 -0.175080143955	 -0.170093960984	 22.9605780282	 183.118309859	22.8388	 183.0
31.5	 14.0101552034	 14.1299483303	 22.5299538028	 183.171830986	32.2748	 193.0
32.0	 -3.69219721223	 12.6153021063	 22.0993295775	 183.225352113	19.5312	 192.0
32.5	 -7.71800699988	 8.22525797044	 21.6687053521	 183.278873239	16.3004	 189.0
33.0	 -9.86388163275	 -9.10407676886	 21.2380811268	 183.332394366	14.3772	 177.0
33.5	 16.1547662812	 9.50906239025	 20.8074569014	 183.385915493	32.044	 190.0
34.0	 -12.717356863	 12.3075130341	 20.3768326761	 183.43943662	11.5312	 192.0
34.5	 4.56410695595	 -7.89721961711	 19.9462084507	 183.492957746	23.1208	 178.0
35.0	 -7.42425472926	 -3.66107001737	 19.5155842254	 183.546478873	14.3516	 181.0
Actin association begins: 3.5
Actin association ends: 23.5
Length of actin association: 20.0
Area under actin curve during patch life: 12035.2501704
Cofilin intensity score: 296.462383572