Time	 Int488	 Int561	 Back488	 Back561	 Raw488	 Raw561
0.0	 14.70776	 6.6	 54.87464	 177.4	69.5824	 184.0
0.5	 -31.9085524706	 -1.51294117647	 54.5421524706	 177.512941176	22.6336	 176.0
1.0	 -33.3196649412	 -2.62588235294	 54.2096649412	 177.625882353	20.89	 175.0
1.5	 3.01282258824	 -2.73882352941	 53.8771774118	 177.738823529	56.89	 175.0
2.0	 50.8325101176	 -0.851764705882	 53.5446898824	 177.851764706	104.3772	 177.0
2.5	 -40.7066023529	 18.0352941176	 53.2122023529	 177.964705882	12.5056	 196.0
3.0	 -15.7333148235	 -4.07764705882	 52.8797148235	 178.077647059	37.1464	 174.0
3.5	 -18.1956272941	 2.80941176471	 52.5472272941	 178.190588235	34.3516	 181.0
4.0	 -21.5811397647	 -2.30352941176	 52.2147397647	 178.303529412	30.6336	 176.0
4.5	 1.75134776471	 -2.41647058824	 51.8822522353	 178.416470588	53.6336	 176.0
5.0	 -0.172564705882	 -1.52941176471	 51.5497647059	 178.529411765	51.3772	 177.0
5.5	 -3.66047717647	 9.35764705882	 51.2172771765	 178.642352941	47.5568	 188.0
6.0	 -3.84078964706	 11.2447058824	 50.8847896471	 178.755294118	47.044	 190.0
6.5	 -5.45710211765	 3.13176470588	 50.5523021176	 178.868235294	45.0952	 182.0
7.0	 -6.58621458824	 -2.98117647059	 50.2198145882	 178.981176471	43.6336	 176.0
7.5	 29.5410729412	 -10.0941176471	 49.8873270588	 179.094117647	79.4284	 169.0
8.0	 -16.4596395294	 2.79294117647	 49.5548395294	 179.207058824	33.0952	 182.0
8.5	 23.103648	 5.68	 49.222352	 179.32	72.326	 185.0
9.0	 12.2053355294	 2.56705882353	 48.8898644706	 179.432941176	61.0952	 182.0
9.5	 14.0250230588	 4.45411764706	 48.5573769412	 179.545882353	62.5824	 184.0
10.0	 6.33191058824	 8.34117647059	 48.2248894118	 179.658823529	54.5568	 188.0
10.5	 -0.233201882353	 -7.77176470588	 47.8924018824	 179.771764706	47.6592	 172.0
11.0	 17.5352856471	 2.11529411765	 47.5599143529	 179.884705882	65.0952	 182.0
11.5	 -11.4142268235	 7.00235294118	 47.2274268235	 179.997647059	35.8132	 187.0
12.0	 24.5334607059	 -11.1105882353	 46.8949392941	 180.110588235	71.4284	 169.0
12.5	 33.2763482353	 2.77647058824	 46.5624517647	 180.223529412	79.8388	 183.0
13.0	 44.8908357647	 -2.33647058824	 46.2299642353	 180.336470588	91.1208	 178.0
13.5	 46.1465232941	 9.55058823529	 45.8974767059	 180.449411765	92.044	 190.0
14.0	 35.8122108235	 -3.56235294118	 45.5649891765	 180.562352941	81.3772	 177.0
14.5	 66.8882983529	 -2.67529411765	 45.2325016471	 180.675294118	112.1208	 178.0
15.0	 121.400385882	 8.21176470588	 44.9000141176	 180.788235294	166.3004	 189.0
15.5	 136.502073412	 5.09882352941	 44.5675265882	 180.901176471	181.0696	 186.0
16.0	 150.578160941	 5.98588235294	 44.2350390588	 181.014117647	194.8132	 187.0
16.5	 157.756648471	 -9.12705882353	 43.9025515294	 181.127058824	201.6592	 172.0
17.0	 194.268736	 1.76	 43.570064	 181.24	237.8388	 183.0
17.5	 213.139623529	 -4.35294117647	 43.2375764706	 181.352941176	256.3772	 177.0
18.0	 226.164511059	 4.53411764706	 42.9050889412	 181.465882353	269.0696	 186.0
18.5	 219.958598588	 10.4211764706	 42.5726014118	 181.578823529	262.5312	 192.0
19.0	 284.316686118	 6.30823529412	 42.2401138824	 181.691764706	326.5568	 188.0
19.5	 305.700373647	 -1.80470588235	 41.9076263529	 181.804705882	347.608	 180.0
20.0	 296.058461176	 -5.91764705882	 41.5751388235	 181.917647059	337.6336	 176.0
20.5	 319.929348706	 -12.0305882353	 41.2426512941	 182.030588235	361.172	 170.0
21.0	 357.672236235	 1.85647058824	 40.9101637647	 182.143529412	398.5824	 184.0
21.5	 367.030323765	 -2.25647058824	 40.5776762353	 182.256470588	407.608	 180.0
22.0	 390.747611294	 15.6305882353	 40.2451887059	 182.369411765	430.9928	 198.0
22.5	 368.413298824	 2.51764705882	 39.9127011765	 182.482352941	408.326	 185.0
23.0	 347.002186353	 1.40470588235	 39.5802136471	 182.595294118	386.5824	 184.0
23.5	 293.616673882	 -3.70823529412	 39.2477261176	 182.708235294	332.8644	 179.0
24.0	 327.231161412	 -8.82117647059	 38.9152385882	 182.821176471	366.1464	 174.0
24.5	 271.076448941	 -10.9341176471	 38.5827510588	 182.934117647	309.6592	 172.0
25.0	 236.870536471	 -5.04705882353	 38.2502635294	 183.047058824	275.1208	 178.0
25.5	 217.690224	 -3.16	 37.917776	 183.16	255.608	 180.0
26.0	 214.279111529	 -4.27294117647	 37.5852884706	 183.272941176	251.8644	 179.0
26.5	 184.355199059	 -3.38588235294	 37.2528009412	 183.385882353	221.608	 180.0
27.0	 143.687686588	 -3.49882352941	 36.9203134118	 183.498823529	180.608	 180.0
27.5	 185.020174118	 -3.61176470588	 36.5878258824	 183.611764706	221.608	 180.0
28.0	 120.839861647	 -1.72470588235	 36.2553383529	 183.724705882	157.0952	 182.0
28.5	 143.172349176	 -1.83764705882	 35.9228508235	 183.837647059	179.0952	 182.0
29.0	 94.4280367059	 10.0494117647	 35.5903632941	 183.950588235	130.0184	 194.0
29.5	 110.350124235	 -4.06352941176	 35.2578757647	 184.063529412	145.608	 180.0
30.0	 141.144211765	 1.82352941176	 34.9253882353	 184.176470588	176.0696	 186.0
30.5	 83.5022992941	 -2.28941176471	 34.5929007059	 184.289411765	118.0952	 182.0
31.0	 52.3987868235	 -12.4023529412	 34.2604131765	 184.402352941	86.6592	 172.0
31.5	 11.7828743529	 18.4847058824	 33.9279256471	 184.515294118	45.7108	 203.0
32.0	 33.2689618824	 -5.62823529412	 33.5954381176	 184.628235294	66.8644	 179.0
32.5	 44.8578494118	 -6.74117647059	 33.2629505882	 184.741176471	78.1208	 178.0
33.0	 -5.52766305882	 -11.8541176471	 32.9304630588	 184.854117647	27.4028	 173.0
33.5	 5.24082447059	 -1.96705882353	 32.5979755294	 184.967058824	37.8388	 183.0
34.0	 15.086112	 -4.08	 32.265488	 185.08	47.3516	 181.0
34.5	 -11.6326004706	 3.80705882353	 31.9330004706	 185.192941176	20.3004	 189.0
35.0	 17.5714870588	 -15.3058823529	 31.6005129412	 185.305882353	49.172	 170.0
35.5	 16.1347745882	 -12.4188235294	 31.2680254118	 185.418823529	47.4028	 173.0
36.0	 -9.60953788235	 -0.531764705882	 30.9355378824	 185.531764706	21.326	 185.0
36.5	 19.6201496471	 -23.6447058824	 30.6030503529	 185.644705882	50.2232	 162.0
37.0	 12.3374371765	 -5.75764705882	 30.2705628235	 185.757647059	42.608	 180.0
37.5	 19.9007247059	 -2.87058823529	 29.9380752941	 185.870588235	49.8388	 183.0
38.0	 -6.02318776471	 -1.98352941176	 29.6055877647	 185.983529412	23.5824	 184.0
38.5	 14.0784997647	 -5.09647058824	 29.2731002353	 186.096470588	43.3516	 181.0
39.0	 -15.1274127059	 0.790588235294	 28.9406127059	 186.209411765	13.8132	 187.0
39.5	 18.4614748235	 -0.322352941176	 28.6081251765	 186.322352941	47.0696	 186.0
40.0	 -1.05203764706	 14.5647058824	 28.2756376471	 186.435294118	27.2236	 201.0
40.5	 1.12644988235	 -0.548235294118	 27.9431501176	 186.548235294	29.0696	 186.0
41.0	 -11.5410625882	 -0.661176470588	 27.6106625882	 186.661176471	16.0696	 186.0
41.5	 6.30422494118	 -2.77411764706	 27.2781750588	 186.774117647	33.5824	 184.0
42.0	 0.175112470588	 -8.88705882353	 26.9456875294	 186.887058824	27.1208	 178.0
Actin association begins: 12.0
Actin association ends: 32.5
Length of actin association: 20.5
Cofilin association begins: 8.0
Cofilin association ends: 10.0
Length of cofilin association: 2.0
Delay between actin and cofilin association: -4.0
Maximum normalized actin intensity: 390.747611294
Maximum normalized cofilin intensity: 5.68