Time	 Int488	 Int561	 Back488	 Back561	 Raw488	 Raw561
0.0	 17.66152	 -1.8	 104.69008	 182.8	122.3516	 181.0
0.5	 -2.1646	 -7.8023255814	 105.0546	 182.802325581	102.89	 175.0
1.0	 -13.81112	 -2.80465116279	 105.41912	 182.804651163	91.608	 180.0
1.5	 -5.94484	 0.193023255814	 105.78364	 182.806976744	99.8388	 183.0
2.0	 0.61384	 12.1906976744	 106.14816	 182.809302326	106.762	 195.0
2.5	 -23.00708	 13.188372093	 106.51268	 182.811627907	83.5056	 196.0
3.0	 -4.8076	 3.18604651163	 106.8772	 182.813953488	102.0696	 186.0
3.5	 27.34068	 1.18372093023	 107.24172	 182.81627907	134.5824	 184.0
4.0	 -29.79304	 4.18139534884	 107.60624	 182.818604651	77.8132	 187.0
4.5	 -58.08076	 -7.82093023256	 107.97076	 182.820930233	49.89	 175.0
5.0	 -22.54768	 8.17674418605	 108.33528	 182.823255814	85.7876	 191.0
5.5	 -0.6302	 3.17441860465	 108.6998	 182.825581395	108.0696	 186.0
6.0	 -14.91792	 -8.82790697674	 109.06432	 182.827906977	94.1464	 174.0
6.5	 -59.51324	 -11.8302325581	 109.42884	 182.830232558	49.9156	 171.0
7.0	 -18.72376	 3.16744186047	 109.79336	 182.83255814	91.0696	 186.0
7.5	 -3.57548	 1.16511627907	 110.15788	 182.834883721	106.5824	 184.0
8.0	 6.5472	 3.16279069767	 110.5224	 182.837209302	117.0696	 186.0
8.5	 24.00308	 -7.83953488372	 110.88692	 182.839534884	134.89	 175.0
9.0	 28.53616	 8.15813953488	 111.25144	 182.841860465	139.7876	 191.0
9.5	 36.45364	 3.15581395349	 111.61596	 182.844186047	148.0696	 186.0
10.0	 28.08912	 3.15348837209	 111.98048	 182.846511628	140.0696	 186.0
10.5	 100.7502	 -0.848837209302	 112.345	 182.848837209	213.0952	 182.0
11.0	 102.05248	 12.1488372093	 112.70952	 182.851162791	214.762	 195.0
11.5	 165.27756	 -1.85348837209	 113.07404	 182.853488372	278.3516	 181.0
12.0	 194.55424	 15.1441860465	 113.43856	 182.855813953	307.9928	 198.0
12.5	 216.47172	 10.1418604651	 113.80308	 182.858139535	330.2748	 193.0
13.0	 309.1584	 2.13953488372	 114.1676	 182.860465116	423.326	 185.0
13.5	 323.33228	 -3.86279069767	 114.53212	 182.862790698	437.8644	 179.0
14.0	 329.40376	 6.13488372093	 114.89664	 182.865116279	444.3004	 189.0
14.5	 440.11604	 -5.86744186047	 115.26116	 182.86744186	555.3772	 177.0
15.0	 489.93112	 5.13023255814	 115.62568	 182.869767442	605.5568	 188.0
15.5	 580.0794	 3.12790697674	 115.9902	 182.872093023	696.0696	 186.0
16.0	 604.22768	 1.12558139535	 116.35472	 182.874418605	720.5824	 184.0
16.5	 628.86316	 1.12325581395	 116.71924	 182.876744186	745.5824	 184.0
17.0	 629.26784	 -1.87906976744	 117.08376	 182.879069767	746.3516	 181.0
17.5	 753.36492	 4.11860465116	 117.44828	 182.881395349	870.8132	 187.0
18.0	 792.2824	 -0.883720930233	 117.8128	 182.88372093	910.0952	 182.0
18.5	 715.86668	 7.11395348837	 118.17732	 182.886046512	834.044	 190.0
19.0	 760.50216	 7.11162790698	 118.54184	 182.888372093	879.044	 190.0
19.5	 883.16324	 3.10930232558	 118.90636	 182.890697674	1002.0696	 186.0
20.0	 616.84992	 -4.89302325581	 119.27088	 182.893023256	736.1208	 178.0
20.5	 552.1266	 12.1046511628	 119.6354	 182.895348837	671.762	 195.0
21.0	 607.60808	 -2.8976744186	 119.99992	 182.897674419	727.608	 180.0
21.5	 658.19236	 5.1	 120.36444	 182.9	778.5568	 188.0
22.0	 591.87904	 -2.9023255814	 120.72896	 182.902325581	712.608	 180.0
22.5	 476.20692	 6.09534883721	 121.09348	 182.904651163	597.3004	 189.0
23.0	 384.9448	 -9.90697674419	 121.458	 182.906976744	506.4028	 173.0
23.5	 517.99068	 4.09069767442	 121.82252	 182.909302326	639.8132	 187.0
24.0	 240.44656	 -6.91162790698	 122.18704	 182.911627907	362.6336	 176.0
24.5	 253.00524	 5.08604651163	 122.55156	 182.913953488	375.5568	 188.0
25.0	 196.43552	 -1.91627906977	 122.91608	 182.91627907	319.3516	 181.0
25.5	 139.8402	 -4.91860465116	 123.2806	 182.918604651	263.1208	 178.0
26.0	 50.98848	 -6.92093023256	 123.64512	 182.920930233	174.6336	 176.0
26.5	 37.82916	 0.0767441860465	 124.00964	 182.923255814	161.8388	 183.0
27.0	 19.66984	 7.07441860465	 124.37416	 182.925581395	144.044	 190.0
27.5	 -19.18188	 5.07209302326	 124.73868	 182.927906977	105.5568	 188.0
28.0	 -41.7516	 -1.93023255814	 125.1032	 182.930232558	83.3516	 181.0
28.5	 -76.96212	 13.0674418605	 125.46772	 182.93255814	48.5056	 196.0
29.0	 -54.45504	 -5.93488372093	 125.83224	 182.934883721	71.3772	 177.0
29.5	 -85.89636	 6.06279069767	 126.19676	 182.937209302	40.3004	 189.0
30.0	 -67.20968	 -1.93953488372	 126.56128	 182.939534884	59.3516	 181.0
30.5	 -64.1126	 4.05813953488	 126.9258	 182.941860465	62.8132	 187.0
31.0	 -77.96432	 2.05581395349	 127.29032	 182.944186047	49.326	 185.0
31.5	 -88.53404	 -4.94651162791	 127.65484	 182.946511628	39.1208	 178.0
32.0	 -54.69336	 2.0511627907	 128.01936	 182.948837209	73.326	 185.0
32.5	 -52.26308	 -4.9511627907	 128.38388	 182.951162791	76.1208	 178.0
33.0	 -41.4224	 2.04651162791	 128.7484	 182.953488372	87.326	 185.0
33.5	 -66.06892	 7.04418604651	 129.11292	 182.955813953	63.044	 190.0
34.0	 -86.12584	 -1.95813953488	 129.47744	 182.958139535	43.3516	 181.0
34.5	 -71.23396	 -2.96046511628	 129.84196	 182.960465116	58.608	 180.0
35.0	 -58.85488	 -1.96279069767	 130.20648	 182.962790698	71.3516	 181.0
35.5	 -84.2706	 6.03488372093	 130.571	 182.965116279	46.3004	 189.0
36.0	 -57.37872	 5.03255813953	 130.93552	 182.96744186	73.5568	 188.0
36.5	 -56.17924	 -4.96976744186	 131.30004	 182.969767442	75.1208	 178.0
37.0	 -74.33856	 2.02790697674	 131.66456	 182.972093023	57.326	 185.0
37.5	 -49.49788	 9.02558139535	 132.02908	 182.974418605	82.5312	 192.0
38.0	 -53.0932	 6.02325581395	 132.3936	 182.976744186	79.3004	 189.0
38.5	 -43.63732	 -4.97906976744	 132.75812	 182.979069767	89.1208	 178.0
39.0	 -36.30944	 4.01860465116	 133.12264	 182.981395349	96.8132	 187.0
39.5	 -41.64836	 0.0162790697674	 133.48716	 182.98372093	91.8388	 183.0
40.0	 -8.24368	 -2.98604651163	 133.85168	 182.986046512	125.608	 180.0
40.5	 -10.121	 -0.988372093023	 134.2162	 182.988372093	124.0952	 182.0
41.0	 -29.99832	 1.00930232558	 134.58072	 182.990697674	104.5824	 184.0
41.5	 -20.41404	 9.00697674419	 134.94524	 182.993023256	114.5312	 192.0
42.0	 22.55464	 -3.99534883721	 135.30976	 182.995348837	157.8644	 179.0
42.5	 43.44652	 -4.9976744186	 135.67428	 182.997674419	179.1208	 178.0
Actin association begins: 8.0
Actin association ends: 27.0
Length of actin association: 19.0
Cofilin association begins: 1.5
Cofilin association ends: 4.0
Length of cofilin association: 2.5
Delay between actin and cofilin association: -6.5
Maximum normalized actin intensity: 883.16324
Maximum normalized cofilin intensity: 13.188372093