Time	 Int488	 Int561	 Back488	 Back561	 Raw488	 Raw561
0.0	 -12.1387185979	 3.62641102697	 97.97208	 177.8	90.608	 180.0
0.5	 -36.9499293086	 3.50023959954	 97.0240592593	 177.87654321	74.608	 180.0
1.0	 -14.2966944559	 -8.16451236823	 96.0760385185	 177.95308642	87.4028	 173.0
1.5	 104.300167263	 -8.29068379566	 95.1280177778	 178.02962963	158.4028	 173.0
2.0	 -25.2879482282	 8.06683126313	 94.179997037	 178.10617284	78.8388	 183.0
2.5	 -50.4796024229	 2.99555388984	 93.2319762963	 178.182716049	62.608	 180.0
3.0	 5.47925064884	 2.86938246241	 92.2839555556	 178.259259259	95.608	 180.0
3.5	 -33.0259474471	 17.5785288726	 91.3359348148	 178.335802469	71.3004	 189.0
4.0	 -26.4759555965	 10.8588828507	 90.3879140741	 178.412345679	74.326	 185.0
4.5	 -70.2223066476	 7.435974126	 89.4398933333	 178.488888889	46.8388	 183.0
5.0	 -76.013980543	 -2.58040919315	 88.4918725926	 178.565432099	42.3772	 177.0
5.5	 -67.5195730346	 8.83199991977	 87.5438518519	 178.641975309	46.5824	 184.0
6.0	 -87.8083195209	 10.354197141	 86.5958311111	 178.718518519	33.326	 185.0
6.5	 -87.5135570181	 15.1731316594	 85.6478103704	 178.795061728	32.5568	 188.0
7.0	 -89.2898048855	 21.6404348265	 84.6997896296	 178.871604938	30.5312	 192.0
7.5	 40.9722320864	 1.73383961559	 83.7517688889	 178.948148148	108.608	 180.0
8.0	 -12.1994908975	 -9.93091235219	 82.8037481481	 179.024691358	75.4028	 173.0
8.5	 -5.43784851245	 14.6684459497	 81.8557274074	 179.101234568	78.5568	 188.0
9.0	 -22.3876594641	 9.59716857642	 80.9077066667	 179.177777778	67.326	 185.0
9.5	 9.26830559986	 7.82262850037	 79.9596859259	 179.254320988	85.5824	 184.0
10.0	 102.716995868	 9.34482572156	 79.0116651852	 179.330864198	141.326	 185.0
10.5	 61.5064951464	 -3.96829489483	 78.0636444444	 179.407407407	115.3772	 177.0
11.0	 144.093095368	 20.6310634071	 77.1156237037	 179.483950617	164.5312	 192.0
11.5	 195.191238969	 7.31794279067	 76.167602963	 179.560493827	194.5824	 184.0
12.0	 284.540106734	 5.54340271462	 75.2195822222	 179.637037037	247.8388	 183.0
12.5	 182.339966013	 -7.76971790177	 74.2715614815	 179.713580247	184.89	 175.0
13.0	 250.133446635	 10.2361658056	 73.3235407407	 179.790123457	225.0696	 186.0
13.5	 322.407193243	 36.4838927561	 72.37552	 179.866666667	267.9672	 202.0
14.0	 447.808520744	 3.3903483563	 71.4274992593	 179.943209877	343.0952	 182.0
14.5	 370.968202008	 19.7478634151	 70.4794785185	 180.019753086	295.5312	 192.0
15.0	 519.700539362	 11.3798487446	 69.5314577778	 180.096296296	384.8132	 187.0
15.5	 449.538091695	 14.5504146144	 68.583437037	 180.172839506	341.3004	 189.0
16.0	 500.086998862	 22.66608643	 67.6354162963	 180.249382716	371.0184	 194.0
16.5	 453.931392194	 9.35296581366	 66.6873955556	 180.325925926	342.0696	 186.0
17.0	 536.644587128	 14.1719003321	 65.7393748148	 180.402469136	391.3004	 189.0
17.5	 600.0	 17.3424662019	 64.7913540741	 180.479012346	428.7876	 191.0
18.0	 521.76450204	 -5.86086630621	 63.8433333333	 180.555555556	380.3772	 177.0
18.5	 477.975952752	 -2.69030043639	 62.8953125926	 180.632098765	352.8644	 179.0
19.0	 572.60817171	 7.07374002791	 61.9472918519	 180.708641975	409.326	 185.0
19.5	 520.662175653	 -2.94264329124	 60.9992711111	 180.785185185	376.8644	 179.0
20.0	 533.763443861	 -3.06881471867	 60.0512503704	 180.861728395	383.8644	 179.0
20.5	 486.255515553	 1.75011979977	 59.1032296296	 180.938271605	354.0952	 182.0
21.0	 492.847705641	 -11.5630008166	 58.1552088889	 181.014814815	357.1464	 174.0
21.5	 469.980910589	 6.44288289078	 57.2071881481	 181.091358025	342.326	 185.0
22.0	 507.511661516	 -11.8153436715	 56.2591674074	 181.167901235	364.1464	 174.0
22.5	 440.984196394	 2.89380273869	 55.3111466667	 181.244444444	322.8388	 183.0
23.0	 514.990708126	 15.9545805002	 54.3631259259	 181.320987654	366.7876	 191.0
23.5	 408.690744902	 -0.655277413402	 53.4151051852	 181.397530864	301.3516	 181.0
24.0	 474.159366381	 -5.72655478669	 52.4670844444	 181.474074074	340.1208	 178.0
24.5	 555.266390904	 -7.50109486274	 51.5190637037	 181.550617284	388.3772	 177.0
25.0	 346.979222	 7.20805154743	 50.571042963	 181.627160494	261.0696	 186.0
25.5	 345.752210566	 -7.75343771759	 49.6230222222	 181.703703704	259.3772	 177.0
26.0	 218.657747166	 5.30734004395	 48.6750014815	 181.780246914	181.326	 185.0
26.5	 150.56630987	 6.82953726515	 47.7269807407	 181.856790123	139.0696	 186.0
27.0	 131.96813027	 1.75825989186	 46.77896	 181.933333333	126.8388	 183.0
27.5	 160.623405046	 18.1157749506	 45.8309392593	 182.009876543	143.2748	 193.0
28.0	 96.3779414803	 -1.79082026023	 44.8829185185	 182.086419753	103.3516	 181.0
28.5	 66.9598700705	 9.62158885269	 43.9348977778	 182.162962963	84.5568	 188.0
29.0	 85.0906406988	 -3.6915317637	 42.986877037	 182.239506173	94.608	 180.0
29.5	 -3.1616638651	 -7.11444048837	 42.0388562963	 182.316049383	40.1208	 178.0
30.0	 21.4359866455	 -0.64713732131	 41.0908355556	 182.392592593	54.0952	 182.0
30.5	 13.4889059051	 4.17179719713	 40.1428148148	 182.469135802	48.326	 185.0
31.0	 -26.9185096113	 -5.84458612202	 39.1947940741	 182.545679012	22.8644	 179.0
31.5	 -40.698177978	 8.86456028814	 38.2467733333	 182.622222222	13.5568	 188.0
32.0	 -46.9124935949	 0.496545617609	 37.2987525926	 182.698765432	8.8388	 183.0
32.5	 -62.2983323727	 8.61221743329	 36.3507318519	 182.775308642	-1.4432	 188.0
33.0	 -56.9740674493	 0.244202762759	 35.4027111111	 182.851851852	0.8388	 183.0
33.5	 -16.6536174207	 -3.17870596191	 34.4546903704	 182.928395062	24.3516	 181.0
34.0	 -42.6483568211	 -11.5467206324	 33.5066696296	 183.004938272	7.6336	 176.0
34.5	 -15.1766107348	 -3.43104881676	 32.5586488889	 183.081481481	23.3516	 181.0
35.0	 -15.3044899535	 3.0362543503	 31.6106281481	 183.158024691	22.326	 185.0
35.5	 -53.767489812	 11.151926166	 30.6626074074	 183.234567901	-1.956	 190.0
36.0	 -32.2977836491	 -8.7546690449	 29.7145866667	 183.311111111	10.1208	 178.0
36.5	 -71.2678217039	 14.1963206084	 28.7665659259	 183.387654321	-14.4688	 192.0
37.0	 -40.7109888549	 -9.00701189975	 27.8185451852	 183.464197531	3.1208	 178.0
37.5	 -36.2742056119	 -7.48481467855	 26.8705244444	 183.540740741	4.8644	 179.0
38.0	 50.6232082996	 -12.5560920518	 25.9225037037	 183.617283951	56.6336	 176.0
38.5	 -13.4106047313	 -1.14368293892	 24.974482963	 183.69382716	16.8388	 183.0
39.0	 3.3256460203	 10.268726174	 24.0264622222	 183.77037037	26.044	 190.0
39.5	 -42.4917154009	 8.49418609796	 23.0784414815	 183.84691358	-2.6996	 189.0
40.0	 -21.4868491969	 -3.17056586982	 22.1304207407	 183.92345679	9.0952	 182.0
Actin association begins: 9.5
Actin association ends: 29.0
Length of actin association: 19.5
Area under actin curve during patch life: 14011.3120988
Cofilin intensity score: 351.445900795