Time	 Int488	 Int561	 Back488	 Back561	 Raw488	 Raw561
0.0	 9.04608	 -7.2	 49.35672	 180.2	58.4028	 173.0
0.5	 14.7170902128	 -9.23617021277	 49.1985097872	 180.236170213	63.9156	 171.0
1.0	 -2.48349957447	 7.72765957447	 49.0402995745	 180.272340426	46.5568	 188.0
1.5	 -9.2740893617	 -0.308510638298	 48.8820893617	 180.308510638	39.608	 180.0
2.0	 -10.4234791489	 8.65531914894	 48.7238791489	 180.344680851	38.3004	 189.0
2.5	 24.0423310638	 -0.38085106383	 48.5656689362	 180.380851064	72.608	 180.0
3.0	 -10.5686587234	 2.5829787234	 48.4074587234	 180.417021277	37.8388	 183.0
3.5	 20.2819514894	 11.5468085106	 48.2492485106	 180.453191489	68.5312	 192.0
4.0	 35.7221617021	 6.51063829787	 48.0910382979	 180.489361702	83.8132	 187.0
4.5	 13.5471719149	 19.4744680851	 47.9328280851	 180.525531915	61.48	 200.0
5.0	 -0.96141787234	 6.43829787234	 47.7746178723	 180.561702128	46.8132	 187.0
5.5	 -17.0596076596	 7.40212765957	 47.6164076596	 180.59787234	30.5568	 188.0
6.0	 12.3294025532	 10.3659574468	 47.4581974468	 180.634042553	59.7876	 191.0
6.5	 6.30801276596	 -0.670212765957	 47.299987234	 180.670212766	53.608	 180.0
7.0	 28.9534229787	 1.29361702128	 47.1417770213	 180.706382979	76.0952	 182.0
7.5	 34.5476331915	 11.2574468085	 46.9835668085	 180.742553191	81.5312	 192.0
8.0	 41.4750434043	 8.22127659574	 46.8253565957	 180.778723404	88.3004	 189.0
8.5	 5.86405361702	 11.185106383	 46.667146383	 180.814893617	52.5312	 192.0
9.0	 60.9966638298	 15.1489361702	 46.5089361702	 180.85106383	107.5056	 196.0
9.5	 24.7700740426	 -2.88723404255	 46.3507259574	 180.887234043	71.1208	 178.0
10.0	 56.1590842553	 0.0765957446809	 46.1925157447	 180.923404255	102.3516	 181.0
10.5	 42.2404944681	 12.0404255319	 46.0343055319	 180.959574468	88.2748	 193.0
11.0	 101.731904681	 -0.995744680851	 45.8760953191	 180.995744681	147.608	 180.0
11.5	 55.0697148936	 9.96808510638	 45.7178851064	 181.031914894	100.7876	 191.0
12.0	 74.4843251064	 8.93191489362	 45.5596748936	 181.068085106	120.044	 190.0
12.5	 124.642535319	 8.89574468085	 45.4014646809	 181.104255319	170.044	 190.0
13.0	 181.800745532	 8.85957446809	 45.2432544681	 181.140425532	227.044	 190.0
13.5	 171.574155745	 -9.17659574468	 45.0850442553	 181.176595745	216.6592	 172.0
14.0	 137.399165957	 3.78723404255	 44.9268340426	 181.212765957	182.326	 185.0
14.5	 192.32657617	 0.751063829787	 44.7686238298	 181.24893617	237.0952	 182.0
15.0	 179.741186383	 -0.285106382979	 44.610413617	 181.285106383	224.3516	 181.0
15.5	 208.617396596	 4.67872340426	 44.4522034043	 181.321276596	253.0696	 186.0
16.0	 171.083206809	 -4.35744680851	 44.2939931915	 181.357446809	215.3772	 177.0
16.5	 292.421017021	 6.60638297872	 44.1357829787	 181.393617021	336.5568	 188.0
17.0	 320.835627234	 5.57021276596	 43.977572766	 181.429787234	364.8132	 187.0
17.5	 341.763037447	 2.53404255319	 43.8193625532	 181.465957447	385.5824	 184.0
18.0	 380.66484766	 3.49787234043	 43.6611523404	 181.50212766	424.326	 185.0
18.5	 385.233457872	 17.4617021277	 43.5029421277	 181.538297872	428.7364	 199.0
19.0	 428.981268085	 3.42553191489	 43.3447319149	 181.574468085	472.326	 185.0
19.5	 403.677878298	 -2.61063829787	 43.1865217021	 181.610638298	446.8644	 179.0
20.0	 445.092488511	 -3.64680851064	 43.0283114894	 181.646808511	488.1208	 178.0
20.5	 433.917498723	 9.3170212766	 42.8701012766	 181.682978723	476.7876	 191.0
21.0	 445.819308936	 10.2808510638	 42.7118910638	 181.719148936	488.5312	 192.0
21.5	 477.772319149	 3.24468085106	 42.5536808511	 181.755319149	520.326	 185.0
22.0	 494.366529362	 13.2085106383	 42.3954706383	 181.791489362	536.762	 195.0
22.5	 558.268339574	 14.1723404255	 42.2372604255	 181.827659574	600.5056	 196.0
23.0	 470.041749787	 -3.86382978723	 42.0790502128	 181.863829787	512.1208	 178.0
23.5	 418.55916	 18.1	 41.92084	 181.9	460.48	 200.0
24.0	 451.870970213	 -5.93617021277	 41.7626297872	 181.936170213	493.6336	 176.0
24.5	 463.952380426	 6.02765957447	 41.6044195745	 181.972340426	505.5568	 188.0
25.0	 470.418190638	 -3.0085106383	 41.4462093617	 182.008510638	511.8644	 179.0
25.5	 395.986800851	 10.9553191489	 41.2879991489	 182.044680851	437.2748	 193.0
26.0	 445.965411064	 -0.0808510638298	 41.1297889362	 182.080851064	487.0952	 182.0
26.5	 367.944021277	 -11.1170212766	 40.9715787234	 182.117021277	408.9156	 171.0
27.0	 330.538231489	 -1.15319148936	 40.8133685106	 182.153191489	371.3516	 181.0
27.5	 354.183641702	 0.810638297872	 40.6551582979	 182.189361702	394.8388	 183.0
28.0	 312.547051915	 7.77446808511	 40.4969480851	 182.225531915	353.044	 190.0
28.5	 411.730862128	 3.73829787234	 40.3387378723	 182.261702128	452.0696	 186.0
29.0	 319.06867234	 14.7021276596	 40.1805276596	 182.29787234	359.2492	 197.0
29.5	 266.303682553	 2.66595744681	 40.0223174468	 182.334042553	306.326	 185.0
30.0	 240.179892766	 7.62978723404	 39.864107234	 182.370212766	280.044	 190.0
30.5	 221.825302979	 9.59361702128	 39.7058970213	 182.406382979	261.5312	 192.0
31.0	 164.291113191	 0.557446808511	 39.5476868085	 182.442553191	203.8388	 183.0
31.5	 140.680123404	 3.52127659574	 39.3894765957	 182.478723404	180.0696	 186.0
32.0	 161.145933617	 -5.51489361702	 39.231266383	 182.514893617	200.3772	 177.0
32.5	 119.74014383	 4.44893617021	 39.0730561702	 182.55106383	158.8132	 187.0
33.0	 60.8983540426	 4.41276595745	 38.9148459574	 182.587234043	99.8132	 187.0
33.5	 61.3129642553	 3.37659574468	 38.7566357447	 182.623404255	100.0696	 186.0
34.0	 37.5479744681	 -8.65957446809	 38.5984255319	 182.659574468	76.1464	 174.0
34.5	 9.83458468085	 10.3042553191	 38.4402153191	 182.695744681	48.2748	 193.0
35.0	 17.7619948936	 7.26808510638	 38.2820051064	 182.731914894	56.044	 190.0
35.5	 33.6894051064	 4.23191489362	 38.1237948936	 182.768085106	71.8132	 187.0
36.0	 34.1040153191	 3.19574468085	 37.9655846809	 182.804255319	72.0696	 186.0
36.5	 16.2878255319	 -0.840425531915	 37.8073744681	 182.840425532	54.0952	 182.0
37.0	 21.9076357447	 5.12340425532	 37.6491642553	 182.876595745	59.5568	 188.0
37.5	 8.60424595745	 -0.912765957447	 37.4909540426	 182.912765957	46.0952	 182.0
38.0	 25.0444561702	 -5.94893617021	 37.3327438298	 182.94893617	62.3772	 177.0
38.5	 -6.13053361702	 7.01489361702	 37.174533617	 182.985106383	31.044	 190.0
39.0	 5.33527659574	 -2.02127659574	 37.0163234043	 183.021276596	42.3516	 181.0
39.5	 3.00628680851	 -4.05744680851	 36.8581131915	 183.057446809	39.8644	 179.0
40.0	 -11.9635029787	 15.9063829787	 36.6999029787	 183.093617021	24.7364	 199.0
40.5	 20.861107234	 -10.129787234	 36.541692766	 183.129787234	57.4028	 173.0
41.0	 -2.85228255319	 8.83404255319	 36.3834825532	 183.165957447	33.5312	 192.0
41.5	 -21.3608723404	 -4.20212765957	 36.2252723404	 183.20212766	14.8644	 179.0
42.0	 4.23333787234	 5.76170212766	 36.0670621277	 183.238297872	40.3004	 189.0
42.5	 5.39154808511	 5.72553191489	 35.9088519149	 183.274468085	41.3004	 189.0
43.0	 -19.1682417021	 0.689361702128	 35.7506417021	 183.310638298	16.5824	 184.0
43.5	 11.5027685106	 -1.34680851064	 35.5924314894	 183.346808511	47.0952	 182.0
44.0	 -12.3390212766	 -1.3829787234	 35.4342212766	 183.382978723	23.0952	 182.0
44.5	 -17.1808110638	 -1.41914893617	 35.2760110638	 183.419148936	18.0952	 182.0
45.0	 15.9773991489	 -1.45531914894	 35.1178008511	 183.455319149	51.0952	 182.0
45.5	 -13.6335906383	 1.5085106383	 34.9595906383	 183.491489362	21.326	 185.0
46.0	 13.5502195745	 -2.52765957447	 34.8013804255	 183.527659574	48.3516	 181.0
46.5	 -1.08637021277	 4.43617021277	 34.6431702128	 183.563829787	33.5568	 188.0
Actin association begins: 6.0
Actin association ends: 38.0
Length of actin association: 32.0
Cofilin association begins: 27.5
Cofilin association ends: 31.5
Length of cofilin association: 4.0
Delay between actin and cofilin association: 21.5
Maximum normalized actin intensity: 558.268339574
Maximum normalized cofilin intensity: 14.7021276596