Time	 Int488	 Int561	 Back488	 Back561	 Raw488	 Raw561
0.0	 -36.2066854743	 -0.955062801131	 104.33112	 184.2	58.8388	 183.0
0.5	 5.21763340299	 -3.28208089595	 105.05224254	 184.123809524	111.608	 180.0
1.0	 9.56195738063	 5.53330035576	 105.773365079	 184.047619048	117.7876	 191.0
1.5	 0.457723701265	 1.61451092572	 106.494487619	 183.971428571	107.0696	 186.0
2.0	 15.2300600502	 -2.30427850432	 107.215610159	 183.895238095	126.3516	 181.0
2.5	 29.7575819678	 0.939903074129	 107.936732698	 183.819047619	145.326	 185.0
3.0	 61.8353379189	 -2.1830006883	 108.657855238	 183.742857143	186.3516	 181.0
3.5	 32.5687734449	 4.24472356058	 109.378977778	 183.666666667	150.3004	 189.0
4.0	 118.542315035	 5.1012481362	 110.100100317	 183.59047619	259.044	 190.0
4.5	 113.274568628	 -7.57228363754	 110.821222857	 183.514285714	253.1464	 174.0
5.0	 96.1299795802	 1.24309761417	 111.542345397	 183.438095238	232.326	 185.0
5.5	 59.8433851635	 16.4255642068	 112.263467937	 183.361904762	187.4544	 204.0
6.0	 93.0025905598	 -0.227395905031	 112.984590476	 183.285714286	229.8388	 183.0
6.5	 149.956867292	 -4.14618533507	 113.705713016	 183.20952381	302.1208	 178.0
7.0	 85.5080177042	 -3.28966075945	 114.426835556	 183.133333333	221.8644	 179.0
7.5	 29.2017152045	 -0.0454791810063	 115.147958095	 183.057142857	151.8388	 183.0
8.0	 49.9533813971	 -5.55603994626	 115.869080635	 182.980952381	178.6336	 176.0
8.5	 108.070924621	 -4.69951537065	 116.590203175	 182.904761905	252.3772	 177.0
9.0	 136.944763229	 -4.63887646264	 117.311325714	 182.828571429	289.3772	 177.0
9.5	 113.616779252	 6.5641617919	 118.032448254	 182.752380952	260.7876	 191.0
10.0	 201.018776439	 1.84948669425	 118.753570794	 182.676190476	371.326	 185.0
10.5	 194.077760004	 1.91012560226	 119.474693333	 182.6	363.326	 185.0
11.0	 274.439352575	 9.13373551876	 120.195815873	 182.523809524	465.0184	 194.0
11.5	 315.251476197	 9.19437442677	 120.916938413	 182.447619048	517.0184	 194.0
12.0	 385.388803127	 -2.68327167937	 121.638060952	 182.371428571	605.8644	 179.0
12.5	 432.343572331	 1.35679556669	 122.359183492	 182.295238095	665.5824	 184.0
13.0	 476.543303709	 0.621548807086	 123.080306032	 182.219047619	721.8388	 183.0
13.5	 540.048356194	 -0.909583620125	 123.801428571	 182.142857143	802.3516	 181.0
14.0	 461.11024885	 -5.62425871777	 124.522551111	 182.066666667	703.89	 175.0
14.5	 600.0	 -3.17596280694	 125.243673651	 181.99047619	879.1208	 178.0
15.0	 598.813873651	 -0.7276668961	 125.96479619	 181.914285714	878.3516	 181.0
15.5	 578.138735781	 0.128857679518	 126.68591873	 181.838095238	853.0952	 182.0
16.0	 522.648693622	 0.189496587526	 127.40704127	 181.761904762	784.0952	 182.0
16.5	 530.625439787	 1.04602116314	 128.12816381	 181.685714286	794.8388	 183.0
17.0	 477.910810128	 2.69843140637	 128.849286349	 181.60952381	729.326	 185.0
17.5	 561.272254957	 7.53438432004	 129.570408889	 181.533333333	834.7876	 191.0
18.0	 502.986425625	 9.18679456326	 130.291531429	 181.457142857	762.2748	 193.0
18.5	 459.455043153	 6.06389080083	 131.012653968	 181.380952381	708.3004	 189.0
19.0	 491.145043607	 1.34921570319	 131.733776508	 181.304761905	748.8388	 183.0
19.5	 378.779738224	 -3.36545939446	 132.454899048	 181.228571429	608.3772	 177.0
20.0	 311.92285696	 0.674607851593	 133.176021587	 181.152380952	525.0952	 182.0
20.5	 274.758559829	 -2.44829591084	 133.897144127	 181.076190476	479.1208	 178.0
21.0	 338.569869119	 10.3465136789	 134.618266667	 181.0	560.0184	 194.0
21.5	 264.427450454	 2.44829591084	 135.339389206	 180.923809524	467.5824	 184.0
22.0	 216.14112865	 -3.85815052203	 136.060511746	 180.847619048	407.6336	 176.0
22.5	 76.4912708094	 -4.59339728163	 136.781634286	 180.771428571	232.89	 175.0
23.0	 70.4483317619	 10.589069311	 137.502756825	 180.695238095	226.0184	 194.0
23.5	 -16.0812514338	 10.649708219	 138.223879365	 180.619047619	118.0184	 194.0
24.0	 -2.4721815767	 1.95560478327	 138.945001905	 180.542857143	135.8388	 183.0
24.5	 -37.6569518751	 0.424472356058	 139.666124444	 180.466666667	92.3516	 181.0
25.0	 -78.4332965198	 2.07688259929	 140.387246984	 180.39047619	41.8388	 183.0
25.5	 -43.2127472444	 5.32106417773	 141.108369524	 180.314285714	86.8132	 187.0
26.0	 -31.1954487225	 -3.37303925796	 141.829492063	 180.238095238	102.6336	 176.0
26.5	 -35.4018020034	 4.64645632614	 142.550614603	 180.161904762	98.0696	 186.0
27.0	 -16.4867215774	 6.29886656937	 143.271737143	 180.085714286	122.5568	 188.0
27.5	 -11.632394064	 -2.39523686633	 143.992859683	 180.00952381	129.3772	 177.0
28.0	 -11.022683993	 -0.742826623102	 144.713982222	 179.933333333	130.8644	 179.0
28.5	 3.30077283935	 3.29724062295	 145.435104762	 179.857142857	149.5824	 184.0
29.0	 -18.7213219339	 -3.00920580991	 146.156227302	 179.780952381	122.6336	 176.0
29.5	 -5.21412544216	 4.21440410658	 146.877349841	 179.704761905	140.326	 185.0
30.0	 16.0886119866	 5.86681434981	 147.598472381	 179.628571429	167.8132	 187.0
30.5	 20.9429395001	 -2.82728908589	 148.319594921	 179.552380952	174.6336	 176.0
31.0	 -4.48713770183	 -5.15430718071	 149.04071746	 179.476190476	143.4028	 173.0
Actin association begins: 0.5
Actin association ends: 23.0
Length of actin association: 22.5
Area under actin curve during patch life: 11843.4315311
Cofilin intensity score: 260.686999042