Time	 Int488	 Int561	 Back488	 Back561	 Raw488	 Raw561
0.0	 -10.27672	 19.8	 220.22872	 1200.2	209.952	 1220.0
0.5	 10.8780830769	 125.920512821	 218.690316923	 1193.07948718	229.5684	 1319.0
1.0	 -20.3035138462	 -66.958974359	 217.151913846	 1185.95897436	196.8484	 1119.0
1.5	 15.2608892308	 -24.8384615385	 215.613510769	 1178.83846154	230.8744	 1154.0
2.0	 19.8252923077	 17.2820512821	 214.075107692	 1171.71794872	233.9004	 1189.0
2.5	 19.9280953846	 53.4025641026	 212.536704615	 1164.5974359	232.4648	 1218.0
3.0	 14.1584984615	 30.5230769231	 210.998301538	 1157.47692308	225.1568	 1188.0
3.5	 108.414101538	 -35.3564102564	 209.459898462	 1150.35641026	317.874	 1115.0
4.0	 25.1581046154	 17.7641025641	 207.921495385	 1143.23589744	233.0796	 1161.0
4.5	 85.2861076923	 10.8846153846	 206.383092308	 1136.11538462	291.6692	 1147.0
5.0	 197.105310769	 -103.994871795	 204.844689231	 1128.99487179	401.95	 1025.0
5.5	 94.8757138462	 23.1256410256	 203.306286154	 1121.87435897	298.182	 1145.0
6.0	 123.492116923	 135.246153846	 201.767883077	 1114.75384615	325.26	 1250.0
6.5	 167.05612	 138.366666667	 200.22948	 1107.63333333	367.2856	 1246.0
7.0	 170.953323077	 128.487179487	 198.691076923	 1100.51282051	369.6444	 1229.0
7.5	 258.002926154	 -22.3923076923	 197.152673846	 1093.39230769	455.1556	 1071.0
8.0	 155.620529231	 206.728205128	 195.614270769	 1086.27179487	351.2348	 1293.0
8.5	 249.107332308	 182.848717949	 194.075867692	 1079.15128205	443.1832	 1262.0
9.0	 259.440535385	 182.969230769	 192.537464615	 1072.03076923	451.978	 1255.0
9.5	 193.493338462	 344.08974359	 190.999061538	 1064.91025641	384.4924	 1409.0
10.0	 179.160141538	 370.21025641	 189.460658462	 1057.78974359	368.6208	 1428.0
10.5	 255.979744615	 294.330769231	 187.922255385	 1050.66923077	443.902	 1345.0
11.0	 366.543347692	 258.451282051	 186.383852308	 1043.54871795	552.9272	 1302.0
11.5	 345.877350769	 336.571794872	 184.845449231	 1036.42820513	530.7228	 1373.0
12.0	 493.056553846	 321.692307692	 183.307046154	 1029.30769231	676.3636	 1351.0
12.5	 448.852556923	 444.812820513	 181.768643077	 1022.18717949	630.6212	 1467.0
13.0	 489.80016	 348.933333333	 180.23024	 1015.06666667	670.0304	 1364.0
13.5	 470.646963077	 425.053846154	 178.691836923	 1007.94615385	649.3388	 1433.0
14.0	 468.005366154	 382.174358974	 177.153433846	 1000.82564103	645.1588	 1383.0
14.5	 548.032969231	 586.294871795	 175.615030769	 993.705128205	723.648	 1580.0
15.0	 447.466572308	 375.415384615	 174.076627692	 986.584615385	621.5432	 1362.0
15.5	 504.952175385	 234.535897436	 172.538224615	 979.464102564	677.4904	 1214.0
16.0	 484.413778462	 253.656410256	 170.999821538	 972.343589744	655.4136	 1226.0
16.5	 537.491381538	 332.776923077	 169.461418462	 965.223076923	706.9528	 1298.0
17.0	 501.131384615	 245.897435897	 167.923015385	 958.102564103	669.0544	 1204.0
17.5	 479.901387692	 334.017948718	 166.384612308	 950.982051282	646.286	 1285.0
18.0	 584.440190769	 380.138461538	 164.846209231	 943.861538462	749.2864	 1324.0
18.5	 607.336993846	 331.258974359	 163.307806154	 936.741025641	770.6448	 1268.0
19.0	 511.644996923	 374.379487179	 161.769403077	 929.620512821	673.4144	 1304.0
19.5	 418.4398	 380.5	 160.231	 922.5	578.6708	 1303.0
20.0	 552.054603077	 336.620512821	 158.692596923	 915.379487179	710.7472	 1252.0
20.5	 521.825006154	 463.741025641	 157.154193846	 908.258974359	678.9792	 1372.0
21.0	 551.541809231	 364.861538462	 155.615790769	 901.138461538	707.1576	 1266.0
21.5	 421.207812308	 312.982051282	 154.077387692	 894.017948718	575.2852	 1207.0
22.0	 468.875015385	 378.102564103	 152.538984615	 886.897435897	621.414	 1265.0
22.5	 411.568618462	 517.223076923	 151.000581538	 879.776923077	562.5692	 1397.0
23.0	 449.106221538	 446.343589744	 149.462178462	 872.656410256	598.5684	 1319.0
23.5	 387.927824615	 565.464102564	 147.923775385	 865.535897436	535.8516	 1431.0
24.0	 328.338227692	 592.584615385	 146.385372308	 858.415384615	474.7236	 1451.0
24.5	 432.491830769	 581.705128205	 144.846969231	 851.294871795	577.3388	 1433.0
25.0	 338.057433846	 740.825641026	 143.308566154	 844.174358974	481.366	 1585.0
25.5	 498.007036923	 839.946153846	 141.770163077	 837.053846154	639.7772	 1677.0
26.0	 389.36344	 602.066666667	 140.23176	 829.933333333	529.5952	 1432.0
26.5	 344.259443077	 475.187179487	 138.693356923	 822.812820513	482.9528	 1298.0
27.0	 243.441046154	 694.307692308	 137.154953846	 815.692307692	380.596	 1510.0
27.5	 223.031849231	 810.428205128	 135.616550769	 808.571794872	358.6484	 1619.0
28.0	 165.695852308	 563.548717949	 134.078147692	 801.451282051	299.774	 1365.0
28.5	 37.7422553846	 100.669230769	 132.539744615	 794.330769231	170.282	 895.0
29.0	 -62.2825415385	 195.78974359	 131.001341538	 787.21025641	68.7188	 983.0
29.5	 -23.9229384615	 269.91025641	 129.462938462	 780.08974359	105.54	 1050.0
30.0	 55.0502646154	 170.030769231	 127.924535385	 772.969230769	182.9748	 943.0
30.5	 -26.5665323077	 45.1512820513	 126.386132308	 765.848717949	99.8196	 811.0
31.0	 26.2018707692	 -22.7282051282	 124.847729231	 758.728205128	151.0496	 736.0
31.5	 54.5346738462	 -61.6076923077	 123.309326154	 751.607692308	177.844	 690.0
32.0	 1.20147692308	 -35.4871794872	 121.770923077	 744.487179487	122.9724	 709.0
32.5	 -86.51572	 50.6333333333	 120.23252	 737.366666667	33.7168	 788.0
33.0	 2.63708307692	 -38.2461538462	 118.694116923	 730.246153846	121.3312	 692.0
33.5	 -25.8497138462	 11.8743589744	 117.155713846	 723.125641026	91.306	 735.0
34.0	 -19.9269107692	 -2.00512820513	 115.617310769	 716.005128205	95.6904	 714.0
34.5	 -45.2349076923	 -18.8846153846	 114.078907692	 708.884615385	68.844	 690.0
35.0	 49.2266953846	 0.235897435897	 112.540504615	 701.764102564	161.7672	 702.0
35.5	 -19.7737015385	 -25.6435897436	 111.002101538	 694.643589744	91.2284	 669.0
36.0	 3.76510153846	 20.4769230769	 109.463698462	 687.523076923	113.2288	 708.0
36.5	 -10.1840953846	 -13.4025641026	 107.925295385	 680.402564103	97.7412	 667.0
37.0	 -42.5680923077	 59.7179487179	 106.386892308	 673.282051282	63.8188	 733.0
37.5	 -18.2360892308	 -57.1615384615	 104.848489231	 666.161538462	86.6124	 609.0
38.0	 25.6095138462	 -98.041025641	 103.310086154	 659.041025641	128.9196	 561.0
38.5	 22.3027169231	 2.07948717949	 101.771683077	 651.920512821	124.0744	 654.0
Actin association begins: 1.5
Actin association ends: 28.5
Length of actin association: 27.0
Cofilin association begins: 8.0
Cofilin association ends: 30.5
Length of cofilin association: 22.5
Delay between actin and cofilin association: 6.5
Maximum normalized actin intensity: 607.336993846
Maximum normalized cofilin intensity: 839.946153846