Time	 Int488	 Int561	 Back488	 Back561	 Raw488	 Raw561
0.0	 -27.4072662762	 -9.34102064736	 33.00832	 211.2	20.6852	 207.0
0.5	 -25.3735663538	 19.8092315568	 32.7607081818	 211.093181818	21.352	 220.0
1.0	 54.3302754408	 -11.0899346863	 32.5130963636	 210.986363636	56.9416	 206.0
1.5	 8.63224947615	 4.71600230735	 32.2654845455	 210.879545455	36.1468	 213.0
2.0	 -4.67467536752	 -1.71858604984	 32.0178727273	 210.772727273	29.916	 210.0
2.5	 9.90446009474	 -21.4974896175	 31.7702609091	 210.665909091	36.2236	 201.0
3.0	 10.3412902969	 -3.46750008879	 31.5226490909	 210.559090909	36.1724	 209.0
3.5	 -45.3365042032	 7.8903318347	 31.2750372727	 210.452272727	10.8904	 214.0
4.0	 4.71360033062	 5.90384854768	 31.0274254545	 210.345454545	33.1468	 213.0
4.5	 38.8528330284	 -29.4434227656	 30.7798136364	 210.238636364	48.2492	 197.0
5.0	 61.8726926719	 21.9473547894	 30.5322018182	 210.131818182	58.352	 220.0
5.5	 -5.43867582877	 26.6330291077	 30.28459	 210.025	27.8392	 222.0
6.0	 -3.86135148663	 40.2149135662	 30.0369781818	 209.918181818	28.3008	 228.0
6.5	 1.42213399997	 -4.02856788742	 29.7893663636	 209.811363636	30.4288	 208.0
7.0	 -71.1922653653	 47.3622096676	 29.5417545455	 209.704545455	-2.4684	 231.0
7.5	 70.2717360866	 9.79088581923	 29.2941427273	 209.597727273	60.8904	 214.0
8.0	 37.3477782625	 27.820875348	 29.0465309091	 209.490909091	45.8392	 222.0
8.5	 24.497228999	 36.9546547364	 28.7989190909	 209.384090909	39.8136	 226.0
9.0	 45.2921464863	 1.60738342309	 28.5513072727	 209.277272727	48.916	 210.0
9.5	 28.5637392227	 8.51711027641	 28.3036954545	 209.170454545	41.1468	 213.0
10.0	 68.120763896	 -4.58963568604	 28.0560836364	 209.063636364	58.6852	 207.0
10.5	 89.2012497288	 2.32009116728	 27.8084718182	 208.956818182	67.916	 210.0
11.0	 208.824165665	 -10.7866547952	 27.56086	 208.85	121.4544	 204.0
11.5	 154.80017663	 2.79522966342	 27.3132481818	 208.743181818	96.916	 210.0
12.0	 225.493936795	 -10.311516299	 27.0656363636	 208.636363636	128.4544	 204.0
12.5	 226.614885557	 -12.2979995861	 26.8180245455	 208.529545455	128.7108	 203.0
13.0	 281.170920527	 63.5573558549	 26.5704127273	 208.422727273	152.9932	 237.0
13.5	 287.765707388	 -11.8228610899	 26.3228009091	 208.315909091	155.7108	 203.0
14.0	 377.564078829	 30.6717063248	 26.0751890909	 208.209090909	195.8392	 222.0
14.5	 380.681337146	 64.2700635991	 25.8275772727	 208.102272727	196.9932	 237.0
15.0	 418.641492099	 40.0430549613	 25.5799654545	 207.995454545	213.8136	 226.0
15.5	 421.929557651	 46.9527818146	 25.3323536364	 207.888636364	215.0444	 229.0
16.0	 466.961310045	 47.1903510626	 25.0847418182	 207.781818182	235.0444	 229.0
16.5	 535.37408193	 42.9798152405	 24.83713	 207.675	265.5572	 227.0
17.0	 443.027888473	 49.8895420939	 24.5895181818	 207.568181818	223.788	 230.0
17.5	 532.141251733	 25.662533456	 24.3419063636	 207.461363636	263.6084	 219.0
18.0	 495.738875744	 65.9330483356	 24.0942945455	 207.354545455	246.9932	 237.0
18.5	 476.330040365	 57.2744074433	 23.8466827273	 207.247727273	238.0188	 233.0
19.0	 581.867586786	 73.080344437	 23.5990709091	 207.140909091	285.224	 240.0
19.5	 543.411965497	 86.6622288956	 23.3514590909	 207.034090909	267.6856	 246.0
20.0	 365.411281567	 98.0200608191	 23.1038472727	 206.927272727	187.4036	 251.0
20.5	 593.443414274	 173.87541626	 22.8562354545	 206.820454545	289.686	 285.0
21.0	 482.791489211	 174.112985508	 22.6086236364	 206.713636364	239.686	 285.0
21.5	 516.759914675	 165.454344616	 22.3610118182	 206.606818182	254.7116	 281.0
22.0	 600.0	 190.15649175	 22.1134	 206.5	291.8912	 292.0
22.5	 485.240694716	 50.2787512875	 21.8657881818	 206.393181818	240.0444	 229.0
23.0	 458.419537048	 157.27084222	 21.6181763636	 206.286363636	227.7372	 277.0
23.5	 428.746254409	 188.645146959	 21.3705645455	 206.179545455	214.1476	 291.0
24.0	 336.286189463	 213.347294093	 21.1229527273	 206.072727273	172.3272	 302.0
24.5	 249.356898361	 155.759497429	 20.8753409091	 205.965909091	132.9936	 276.0
25.0	 313.37850092	 142.652751466	 20.6277290909	 205.859090909	161.532	 270.0
25.5	 142.620221665	 151.786530855	 20.3801172727	 205.752272727	84.5064	 274.0
26.0	 87.3988027453	 178.712730524	 20.1325054545	 205.645454545	59.4296	 286.0
26.5	 45.0644338347	 103.332513579	 19.8848936364	 205.538636364	40.1472	 252.0
27.0	 6.09461159922	 23.504191564	 19.6372818182	 205.431818182	22.3776	 216.0
27.5	 -8.06723903894	 63.7747064436	 19.38967	 205.325	15.7624	 234.0
28.0	 24.1326198483	 -16.0536155714	 19.1420581818	 205.218181818	29.9928	 198.0
28.5	 1.30230204938	 -11.3679412532	 18.8944463636	 205.111363636	19.48	 200.0
29.0	 4.59036760151	 -4.45821439988	 18.6468345455	 205.004545455	20.7108	 203.0
29.5	 -20.9203783127	 -15.3409078272	 18.3992227273	 204.897727273	8.9928	 198.0
30.0	 10.0829403107	 4.9131342366	 18.1516109091	 204.790909091	22.6852	 207.0
30.5	 7.61159941795	 42.9595965811	 17.9039990909	 204.684090909	21.3264	 224.0
31.0	 -9.80181602651	 -16.8522526181	 17.6563872727	 204.577272727	13.2492	 197.0
31.5	 3.29521082636	 21.1942097264	 17.4087754545	 204.470454545	18.8904	 214.0
32.0	 -26.7205759029	 19.2077264394	 17.1611636364	 204.363636364	5.1468	 213.0
32.5	 12.3231374453	 -0.571177128329	 16.9135518182	 204.256818182	22.4544	 204.0
33.0	 3.920693252	 8.56260226008	 16.66594	 204.15	18.4288	 208.0
33.5	 8.40618868902	 2.12801390289	 16.4183281818	 204.043181818	20.198	 205.0
34.0	 -21.4957265504	 -17.6508896648	 16.1707163636	 203.936363636	6.5056	 196.0
34.5	 7.91072235272	 -8.51711027641	 15.9231045455	 203.829545455	19.48	 200.0
35.0	 2.8158890896	 5.06477418217	 15.6754927273	 203.722727273	16.9416	 206.0
35.5	 -35.0125493849	 7.52639596533	 15.4278809091	 203.615909091	-0.3148	 207.0
36.0	 -13.1340735025	 -23.3727702778	 15.1802690909	 203.509090909	9.2748	 193.0
36.5	 -22.8478190705	 16.8977446018	 14.9326572727	 203.402272727	4.6596	 211.0
37.0	 -13.9142185633	 10.4631562446	 14.6850454545	 203.295454545	8.4288	 208.0
37.5	 -18.667437357	 -29.3322201389	 14.4374336364	 203.188636364	6.044	 190.0
38.0	 9.02827033615	 -13.5262831452	 14.1898218182	 203.081818182	18.2492	 197.0
38.5	 31.9333688688	 -31.0811341778	 13.94221	 202.975	28.3004	 189.0
39.0	 -26.7095324711	 9.18938070179	 13.6945981818	 202.868181818	1.6852	 207.0
39.5	 -14.0688811985	 31.6674753007	 13.4469863636	 202.761363636	7.1212	 217.0
40.0	 -30.1131699023	 18.5607293383	 13.1993745455	 202.654545455	-0.3404	 211.0
40.5	 -27.6239840208	 -23.4586995803	 12.9517627273	 202.547727273	0.5312	 192.0
41.0	 -4.66106012227	 36.8282881151	 12.7041509091	 202.440909091	10.6084	 219.0
41.5	 -40.0377030821	 3.70506933686	 12.4565390909	 202.334090909	-5.5456	 204.0
42.0	 35.6174734777	 -2.72951902033	 12.2089272727	 202.227272727	28.2236	 201.0
42.5	 -7.05850990232	 -24.7324751231	 11.9613154545	 202.120454545	8.7876	 191.0
43.0	 33.8107057667	 17.7620922916	 11.7137036364	 202.013636364	26.916	 210.0
43.5	 -30.5924916391	 2.43129379404	 11.4660918182	 201.906818182	-2.2892	 203.0
Actin association begins: 7.5
Actin association ends: 27.0
Length of actin association: 19.5
Area under actin curve during patch life: 12532.646146
Cofilin association begins: 14.0
Cofilin association ends: 27.5
Length of cofilin association: 13.5
Delay between actin and cofilin association: 6.5
Area under cofilin curve during patch life: 2861.29413304
Cofilin intensity score: 247.409778989