Time	 Int488	 Int561	 Back488	 Back561	 Raw488	 Raw561
0.0	 27.34392	 32.2	 157.23968	 268.8	184.5836	 301.0
0.5	 2.71558746988	 -7.33012048193	 156.12401253	 268.330120482	158.8396	 261.0
1.0	 15.9080549398	 -18.8602409639	 155.00834506	 267.860240964	170.9164	 249.0
1.5	 8.92132240964	 -2.39036144578	 153.89267759	 267.390361446	162.814	 265.0
2.0	 -43.7322101205	 1.07951807229	 152.77701012	 266.920481928	109.0448	 268.0
2.5	 77.0506573494	 53.5493975904	 151.661342651	 266.45060241	228.712	 320.0
3.0	 -9.80847518072	 11.0192771084	 150.545675181	 265.980722892	140.7372	 277.0
3.5	 13.7175922892	 25.4891566265	 149.430007711	 265.510843373	163.1476	 291.0
4.0	 -11.218340241	 -5.04096385542	 148.314340241	 265.040963855	137.096	 260.0
4.5	 74.7945272289	 -27.5710843373	 147.198672771	 264.571084337	221.9932	 237.0
5.0	 99.4489946988	 5.89879518072	 146.083005301	 264.101204819	245.532	 270.0
5.5	 9.74466216867	 56.3686746988	 144.967337831	 263.631325301	154.712	 320.0
6.0	 43.8339296386	 -17.1614457831	 143.851670361	 263.161445783	187.6856	 246.0
6.5	 21.2063971084	 21.3084337349	 142.736002892	 262.691566265	163.9424	 284.0
7.0	 23.0396645783	 -12.221686747	 141.620335422	 262.221686747	164.66	 250.0
7.5	 24.6681320482	 -13.7518072289	 140.504667952	 261.751807229	165.1728	 248.0
8.0	 116.066199518	 20.7180722892	 139.389000482	 261.281927711	255.4552	 282.0
8.5	 134.361466988	 32.1879518072	 138.273333012	 260.812048193	272.6348	 293.0
9.0	 267.374334458	 9.6578313253	 137.157665542	 260.342168675	404.532	 270.0
9.5	 263.669601928	 21.1277108434	 136.041998072	 259.872289157	399.7116	 281.0
10.0	 310.220869398	 -7.40240963855	 134.926330602	 259.402409639	445.1472	 252.0
10.5	 394.849336867	 -8.93253012048	 133.810663133	 258.93253012	528.66	 250.0
11.0	 525.170204337	 -1.46265060241	 132.694995663	 258.462650602	657.8652	 257.0
11.5	 524.414271807	 18.0072289157	 131.579328193	 257.992771084	655.9936	 276.0
12.0	 446.453139277	 30.4771084337	 130.463660723	 257.522891566	576.9168	 288.0
12.5	 554.799606747	 33.9469879518	 129.347993253	 257.053012048	684.1476	 291.0
13.0	 662.556074217	 12.4168674699	 128.232325783	 256.58313253	790.7884	 269.0
13.5	 769.184541687	 10.886746988	 127.116658313	 256.113253012	896.3012	 267.0
14.0	 724.685009157	 29.356626506	 126.000990843	 255.643373494	850.686	 285.0
14.5	 704.826276627	 25.8265060241	 124.885323373	 255.173493976	829.7116	 281.0
15.0	 890.019944096	 131.296385542	 123.769655904	 254.703614458	1013.7896	 386.0
15.5	 1018.18681157	 123.76626506	 122.653988434	 254.23373494	1140.8408	 378.0
16.0	 1154.81607904	 200.236144578	 121.538320964	 253.763855422	1276.3544	 454.0
16.5	 1101.00854651	 188.706024096	 120.422653494	 253.293975904	1221.4312	 442.0
17.0	 883.534213976	 164.175903614	 119.306986024	 252.824096386	1002.8412	 417.0
17.5	 839.239081446	 111.645783133	 118.191318554	 252.354216867	957.4304	 364.0
18.0	 774.201548916	 175.115662651	 117.075651084	 251.884337349	891.2772	 427.0
18.5	 745.803616386	 99.5855421687	 115.959983614	 251.414457831	861.7636	 351.0
19.0	 744.072883855	 76.0554216867	 114.844316145	 250.944578313	858.9172	 327.0
19.5	 1061.13935133	 279.525301205	 113.728648675	 250.474698795	1174.868	 530.0
20.0	 1118.6390188	 219.995180723	 112.612981205	 250.004819277	1231.252	 470.0
20.5	 500.214286265	 31.465060241	 111.497313735	 249.534939759	611.7116	 281.0
21.0	 494.869153735	 103.934939759	 110.381646265	 249.065060241	605.2508	 353.0
21.5	 386.907621205	 77.4048192771	 109.265978795	 248.595180723	496.1736	 326.0
22.0	 398.305288675	 72.8746987952	 108.150311325	 248.125301205	506.4556	 321.0
22.5	 478.396156145	 155.344578313	 107.034643855	 247.655421687	585.4308	 403.0
23.0	 326.616623614	 373.814457831	 105.918976386	 247.185542169	432.5356	 621.0
23.5	 426.065491084	 361.284337349	 104.803308916	 246.715662651	530.8688	 608.0
24.0	 370.129958554	 369.754216867	 103.687641446	 246.245783133	473.8176	 616.0
24.5	 369.244826024	 292.224096386	 102.571973976	 245.775903614	471.8168	 538.0
25.0	 270.847293494	 255.693975904	 101.456306506	 245.306024096	372.3036	 501.0
25.5	 217.680560964	 222.163855422	 100.340639036	 244.836144578	318.0212	 467.0
26.0	 70.8994284337	 284.63373494	 99.2249715663	 244.36626506	170.1244	 529.0
26.5	 89.0906959036	 156.103614458	 98.1093040964	 243.896385542	187.2	 400.0
27.0	 33.5123633735	 -8.4265060241	 96.9936366265	 243.426506024	130.506	 235.0
27.5	 -10.9099691566	 37.043373494	 95.8779691566	 242.956626506	84.968	 280.0
28.0	 -59.1791016867	 19.513253012	 94.7623016867	 242.486746988	35.5832	 262.0
28.5	 -17.1662342169	 -3.01686746988	 93.6466342169	 242.01686747	76.4804	 239.0
29.0	 -9.15336674699	 -25.5469879518	 92.530966747	 241.546987952	83.3776	 216.0
29.5	 17.4495007229	 -23.0771084337	 91.4152992771	 241.077108434	108.8648	 218.0
30.0	 -13.5116318072	 -10.6072289157	 90.2996318072	 240.607228916	76.788	 230.0
30.5	 7.70643566265	 -26.1373493976	 89.1839643373	 240.137349398	96.8904	 214.0
31.0	 -38.0494968675	 -6.66746987952	 88.0682968675	 239.66746988	50.0188	 233.0
31.5	 -60.0878293976	 -21.1975903614	 86.9526293976	 239.197590361	26.8648	 218.0
32.0	 -10.8181619277	 -5.72771084337	 85.8369619277	 238.727710843	75.0188	 233.0
32.5	 -12.8820944578	 -16.2578313253	 84.7212944578	 238.257831325	71.8392	 222.0
33.0	 -16.304826988	 -9.78795180723	 83.605626988	 237.787951807	67.3008	 228.0
33.5	 -4.03555951807	 -33.3180722892	 82.4899595181	 237.318072289	78.4544	 204.0
34.0	 16.8753079518	 -0.848192771084	 81.3742920482	 236.848192771	98.2496	 236.0
34.5	 -12.8810245783	 -20.378313253	 80.2586245783	 236.378313253	67.3776	 216.0
35.0	 -29.7137571084	 11.0915662651	 79.1429571084	 235.908433735	49.4292	 247.0
35.5	 -17.7260896386	 31.5614457831	 78.0272896386	 235.438554217	60.3012	 267.0
36.0	 -17.2516221687	 15.0313253012	 76.9116221687	 234.968674699	59.66	 250.0
36.5	 32.7872453012	 27.5012048193	 75.7959546988	 234.498795181	108.5832	 262.0
37.0	 -5.37908722892	 32.9710843373	 74.6802872289	 234.028915663	69.3012	 267.0
37.5	 23.428580241	 3.44096385542	 73.564619759	 233.559036145	96.9932	 237.0
38.0	 -20.8405522892	 -14.0891566265	 72.4489522892	 233.089156627	51.6084	 219.0
38.5	 9.37791518072	 9.38072289157	 71.3332848193	 232.619277108	80.7112	 242.0
39.0	 -6.4808173494	 5.85060240964	 70.2176173494	 232.14939759	63.7368	 238.0
39.5	 -15.8011498795	 -3.67951807229	 69.1019498795	 231.679518072	53.3008	 228.0
40.0	 -33.5058824096	 7.79036144578	 67.9862824096	 231.209638554	34.4804	 239.0
40.5	 28.2761850602	 -17.7397590361	 66.8706149398	 230.739759036	95.1468	 213.0
41.0	 10.7766525301	 0.730120481928	 65.7549474699	 230.269879518	76.5316	 231.0
Actin association begins: 4.5
Actin association ends: 27.0
Length of actin association: 22.5
Cofilin association begins: 11.5
Cofilin association ends: 26.5
Length of cofilin association: 15.0
Delay between actin and cofilin association: 7.0
Maximum normalized actin intensity: 1154.81607904
Maximum normalized cofilin intensity: 373.814457831