Time	 Int488	 Int561	 Back488	 Back561	 Raw488	 Raw561
0.0	 18.38936	 -37.4	 81.91344	 460.4	100.3028	 423.0
0.5	 -17.7804533333	 51.6333333333	 81.5200533333	 459.366666667	63.7396	 511.0
1.0	 -8.00306666667	 -7.33333333333	 81.1266666667	 458.333333333	73.1236	 451.0
1.5	 20.39032	 -6.3	 80.73328	 457.3	101.1236	 451.0
2.0	 -9.06229333333	 9.73333333333	 80.3398933333	 456.266666667	71.2776	 466.0
2.5	 35.4846933333	 -13.2333333333	 79.9465066667	 455.233333333	115.4312	 442.0
3.0	 61.57008	 -42.2	 79.55312	 454.2	141.1232	 412.0
3.5	 43.3482666667	 -23.1666666667	 79.1597333333	 453.166666667	122.508	 430.0
4.0	 13.6904533333	 -14.1333333333	 78.7663466667	 452.133333333	92.4568	 438.0
4.5	 6.31464	 -10.1	 78.37296	 451.1	84.6876	 441.0
5.0	 0.0152266666667	 -57.0666666667	 77.9795733333	 450.066666667	77.9948	 393.0
5.5	 27.4858133333	 -29.0333333333	 77.5861866667	 449.033333333	105.072	 420.0
6.0	 50.3408	 -22.0	 77.1928	 448.0	127.5336	 426.0
6.5	 63.8369866667	 2.03333333333	 76.7994133333	 446.966666667	140.6364	 449.0
7.0	 26.1791733333	 11.0666666667	 76.4060266667	 445.933333333	102.5852	 457.0
7.5	 43.03376	 -20.9	 76.01264	 444.9	119.0464	 424.0
8.0	 -5.64885333333	 70.1333333333	 75.6192533333	 443.866666667	69.9704	 514.0
8.5	 19.5897333333	 -21.8333333333	 75.2258666667	 442.833333333	94.8156	 421.0
9.0	 25.05992	 -32.8	 74.83248	 441.8	99.8924	 409.0
9.5	 32.7617066667	 37.2333333333	 74.4390933333	 440.766666667	107.2008	 478.0
10.0	 -10.0501066667	 31.2666666667	 74.0457066667	 439.733333333	63.9956	 471.0
10.5	 30.18888	 -21.7	 73.65232	 438.7	103.8412	 417.0
11.0	 74.2486666667	 -46.6666666667	 73.2589333333	 437.666666667	147.5076	 391.0
11.5	 50.7452533333	 16.3666666667	 72.8655466667	 436.633333333	123.6108	 453.0
12.0	 56.65104	 -23.6	 72.47216	 435.6	129.1232	 412.0
12.5	 55.7880266667	 -21.5666666667	 72.0787733333	 434.566666667	127.8668	 413.0
13.0	 44.6170133333	 -49.5333333333	 71.6853866667	 433.533333333	116.3024	 384.0
13.5	 49.2164	 36.5	 71.292	 432.5	120.5084	 469.0
14.0	 48.0965866667	 0.533333333333	 70.8986133333	 431.466666667	118.9952	 432.0
14.5	 107.541173333	 -6.43333333333	 70.5052266667	 430.433333333	178.0464	 424.0
15.0	 81.70376	 -8.4	 70.11184	 429.4	151.8156	 421.0
15.5	 202.866346667	 -10.3666666667	 69.7184533333	 428.366666667	272.5848	 418.0
16.0	 208.106533333	 53.6666666667	 69.3250666667	 427.333333333	277.4316	 481.0
16.5	 210.06352	 5.7	 68.93168	 426.3	278.9952	 432.0
17.0	 274.970106667	 43.7333333333	 68.5382933333	 425.266666667	343.5084	 469.0
17.5	 284.004293333	 22.7666666667	 68.1449066667	 424.233333333	352.1492	 447.0
18.0	 345.80768	 -1.2	 67.75152	 423.2	413.5592	 422.0
18.5	 372.868266667	 51.8333333333	 67.3581333333	 422.166666667	440.2264	 474.0
19.0	 369.825253333	 3.86666666667	 66.9647466667	 421.133333333	436.79	 425.0
19.5	 395.55264	 69.9	 66.57136	 420.1	462.124	 490.0
20.0	 429.483626667	 -13.0666666667	 66.1779733333	 419.066666667	495.6616	 406.0
20.5	 520.646613333	 23.9666666667	 65.7845866667	 418.033333333	586.4312	 442.0
21.0	 413.8356	 96.0	 65.3912	 417.0	479.2268	 513.0
21.5	 553.100986667	 117.033333333	 64.9978133333	 415.966666667	618.0988	 533.0
22.0	 497.392373333	 173.066666667	 64.6044266667	 414.933333333	561.9968	 588.0
22.5	 468.19576	 149.1	 64.21104	 413.9	532.4068	 563.0
23.0	 519.357946667	 108.133333333	 63.8176533333	 412.866666667	583.1756	 521.0
23.5	 539.623333333	 129.166666667	 63.4242666667	 411.833333333	603.0476	 541.0
24.0	 501.83752	 158.2	 63.03088	 410.8	564.8684	 569.0
24.5	 581.820506667	 145.233333333	 62.6374933333	 409.766666667	644.458	 555.0
25.0	 579.187893333	 111.266666667	 62.2441066667	 408.733333333	641.432	 520.0
25.5	 549.40328	 257.3	 61.85072	 407.7	611.254	 665.0
26.0	 564.078266667	 214.333333333	 61.4573333333	 406.666666667	625.5356	 621.0
26.5	 505.932453333	 143.366666667	 61.0639466667	 405.633333333	566.9964	 549.0
27.0	 455.19744	 125.4	 60.67056	 404.6	515.868	 530.0
27.5	 519.976026667	 183.433333333	 60.2771733333	 403.566666667	580.2532	 587.0
28.0	 583.523813333	 238.466666667	 59.8837866667	 402.533333333	643.4076	 641.0
28.5	 551.4044	 241.5	 59.4904	 401.5	610.8948	 643.0
29.0	 546.104986667	 194.533333333	 59.0970133333	 400.466666667	605.202	 595.0
29.5	 432.754773333	 194.566666667	 58.7036266667	 399.433333333	491.4584	 594.0
30.0	 373.58416	 205.6	 58.31024	 398.4	431.8944	 604.0
30.5	 413.797546667	 156.633333333	 57.9168533333	 397.366666667	471.7144	 554.0
31.0	 475.166533333	 278.666666667	 57.5234666667	 396.333333333	532.69	 675.0
31.5	 493.71392	 294.7	 57.13008	 395.3	550.844	 690.0
32.0	 540.209706667	 279.733333333	 56.7366933333	 394.266666667	596.9464	 674.0
32.5	 496.424293333	 347.766666667	 56.3433066667	 393.233333333	552.7676	 741.0
33.0	 502.15168	 413.8	 55.94992	 392.2	558.1016	 806.0
33.5	 412.160266667	 396.833333333	 55.5565333333	 391.166666667	467.7168	 788.0
34.0	 312.294853333	 164.866666667	 55.1631466667	 390.133333333	367.458	 555.0
34.5	 307.20304	 358.9	 54.76976	 389.1	361.9728	 748.0
35.0	 349.006426667	 334.933333333	 54.3763733333	 388.066666667	403.3828	 723.0
35.5	 269.681413333	 291.966666667	 53.9829866667	 387.033333333	323.6644	 679.0
36.0	 205.3828	 323.0	 53.5896	 386.0	258.9724	 709.0
36.5	 114.954586667	 218.033333333	 53.1962133333	 384.966666667	168.1508	 603.0
37.0	 122.168773333	 247.066666667	 52.8028266667	 383.933333333	174.9716	 631.0
37.5	 106.66576	 349.1	 52.40944	 382.9	159.0752	 732.0
38.0	 109.213146667	 365.133333333	 52.0160533333	 381.866666667	161.2292	 747.0
38.5	 157.785333333	 299.166666667	 51.6226666667	 380.833333333	209.408	 680.0
39.0	 88.22952	 253.2	 51.22928	 379.8	139.4588	 633.0
39.5	 21.3153066667	 263.233333333	 50.8358933333	 378.766666667	72.1512	 642.0
40.0	 14.8118933333	 326.266666667	 50.4425066667	 377.733333333	65.2544	 704.0
40.5	 52.76968	 356.3	 50.04912	 376.7	102.8188	 733.0
41.0	 0.214266666667	 349.333333333	 49.6557333333	 375.666666667	49.87	 725.0
41.5	 -30.5207466667	 331.366666667	 49.2623466667	 374.633333333	18.7416	 706.0
42.0	 15.20504	 241.4	 48.86896	 373.6	64.074	 615.0
42.5	 3.03402666667	 213.433333333	 48.4755733333	 372.566666667	51.5096	 586.0
43.0	 -12.3937866667	 147.466666667	 48.0821866667	 371.533333333	35.6884	 519.0
43.5	 -7.206	 102.5	 47.6888	 370.5	40.4828	 473.0
44.0	 13.0329866667	 49.5333333333	 47.2954133333	 369.466666667	60.3284	 419.0
44.5	 2.34957333333	 62.5666666667	 46.9020266667	 368.433333333	49.2516	 431.0
45.0	 25.38376	 41.6	 46.50864	 367.4	71.8924	 409.0
45.5	 -18.0684533333	 96.6333333333	 46.1152533333	 366.366666667	28.0468	 463.0
46.0	 -17.0598666667	 79.6666666667	 45.7218666667	 365.333333333	28.662	 445.0
46.5	 9.69192	 24.7	 45.32848	 364.3	55.0204	 389.0
47.0	 -22.3762933333	 19.7333333333	 44.9350933333	 363.266666667	22.5588	 383.0
47.5	 -17.8037066667	 -7.23333333333	 44.5417066667	 362.233333333	26.738	 355.0
48.0	 -18.46152	 1.8	 44.14832	 361.2	25.6868	 363.0
48.5	 17.1626666667	 5.83333333333	 43.7549333333	 360.166666667	60.9176	 366.0
49.0	 -14.4183466667	 2.86666666667	 43.3615466667	 359.133333333	28.9432	 362.0
49.5	 -46.81936	 49.9	 42.96816	 358.1	-3.8512	 408.0
50.0	 -24.2983733333	 -8.06666666667	 42.5747733333	 357.066666667	18.2764	 349.0
50.5	 -4.57138666667	 18.9666666667	 42.1813866667	 356.033333333	37.61	 375.0
51.0	 -7.076	 -35.0	 41.788	 355.0	34.712	 320.0
51.5	 5.85618666667	 -0.966666666667	 41.3946133333	 353.966666667	47.2508	 353.0
52.0	 -36.5964266667	 15.0666666667	 41.0012266667	 352.933333333	4.4048	 368.0
52.5	 13.00176	 -15.9	 40.60784	 351.9	53.6096	 336.0
53.0	 -10.5532533333	 16.1333333333	 40.2144533333	 350.866666667	29.6612	 367.0
53.5	 -25.6214666667	 11.1666666667	 39.8210666667	 349.833333333	14.1996	 361.0
54.0	 -12.86968	 -43.8	 39.42768	 348.8	26.558	 305.0
54.5	 -22.3474933333	 15.2333333333	 39.0342933333	 347.766666667	16.6868	 363.0
55.0	 22.5582933333	 -24.7333333333	 38.6409066667	 346.733333333	61.1992	 322.0
55.5	 -13.71512	 -36.7	 38.24752	 345.7	24.5324	 309.0
56.0	 -12.4241333333	 -19.6666666667	 37.8541333333	 344.666666667	25.43	 325.0
56.5	 2.68725333333	 -13.6333333333	 37.4607466667	 343.633333333	40.148	 330.0
57.0	 24.20864	 -32.6	 37.06736	 342.6	61.276	 310.0
57.5	 21.7304266667	 -12.5666666667	 36.6739733333	 341.566666667	58.4044	 329.0
58.0	 6.84181333333	 -6.53333333333	 36.2805866667	 340.533333333	43.1224	 334.0
58.5	 -8.6364	 13.5	 35.8872	 339.5	27.2508	 353.0
59.0	 -16.5766133333	 -11.4666666667	 35.4938133333	 338.466666667	18.9172	 327.0
59.5	 -9.26002666667	 1.56666666667	 35.1004266667	 337.433333333	25.8404	 339.0
Actin association begins: 10.5
Actin association ends: 41.0
Length of actin association: 30.5
Cofilin association begins: 20.5
Cofilin association ends: 47.0
Length of cofilin association: 26.5
Delay between actin and cofilin association: 10.0
Maximum normalized actin intensity: 583.523813333
Maximum normalized cofilin intensity: 413.8