Time	 Int488	 Int561	 Back488	 Back561	 Raw488	 Raw561
0.0	 0.70784	 14.4	 18.59536	 447.6	19.3032	 462.0
0.5	 19.7950632061	 -15.6885496183	 18.4565367939	 446.688549618	38.2516	 431.0
1.0	 31.0110864122	 12.2229007634	 18.3177135878	 445.777099237	49.3288	 458.0
1.5	 -30.0292903817	 41.134351145	 18.1788903817	 444.865648855	-11.8504	 486.0
2.0	 -20.0964671756	 -42.9541984733	 18.0400671756	 443.954198473	-2.0564	 401.0
2.5	 7.73515603053	 5.9572519084	 17.9012439695	 443.042748092	25.6364	 449.0
3.0	 19.2067792366	 -45.1312977099	 17.7624207634	 442.13129771	36.9692	 397.0
3.5	 23.5508024427	 -37.2198473282	 17.6235975573	 441.219847328	41.1744	 404.0
4.0	 20.7156256489	 -1.30839694656	 17.4847743511	 440.308396947	38.2004	 439.0
4.5	 8.26484885496	 13.6030534351	 17.345951145	 439.396946565	25.6108	 453.0
5.0	 6.27487206107	 -43.4854961832	 17.2071279389	 438.485496183	23.482	 395.0
5.5	 -4.63710473282	 4.42595419847	 17.0683047328	 437.574045802	12.4312	 442.0
6.0	 14.0913184733	 -8.66259541985	 16.9294815267	 436.66259542	31.0208	 428.0
6.5	 29.4353416794	 -0.751145038168	 16.7906583206	 435.751145038	46.226	 435.0
7.0	 5.0617648855	 41.1603053435	 16.6518351145	 434.839694656	21.7136	 476.0
7.5	 -16.8258119084	 -31.9282442748	 16.5130119084	 433.928244275	-0.3128	 402.0
8.0	 -9.58378870229	 30.9832061069	 16.3741887023	 433.016793893	6.7904	 464.0
8.5	 11.1446345038	 17.8946564885	 16.2353654962	 432.105343511	27.38	 450.0
9.0	 -4.71654229008	 18.8061068702	 16.0965422901	 431.19389313	11.38	 450.0
9.5	 14.525080916	 42.7175572519	 15.957719084	 430.282442748	30.4828	 473.0
10.0	 7.66350412214	 4.62900763359	 15.8188958779	 429.370992366	23.4824	 434.0
10.5	 25.2635273282	 -27.4595419847	 15.6800726718	 428.459541985	40.9436	 401.0
11.0	 -1.90444946565	 60.4519083969	 15.5412494656	 427.548091603	13.6368	 488.0
11.5	 13.8747737405	 0.363358778626	 15.4024262595	 426.636641221	29.2772	 427.0
12.0	 17.3727969466	 23.2748091603	 15.2636030534	 425.72519084	32.6364	 449.0
12.5	 52.5368201527	 -18.813740458	 15.1247798473	 424.813740458	67.6616	 406.0
13.0	 19.5992433588	 33.0977099237	 14.9859566412	 423.902290076	34.5852	 457.0
13.5	 78.9424665649	 -36.9908396947	 14.8471334351	 422.990839695	93.7896	 386.0
14.0	 87.517289771	 -26.079389313	 14.708310229	 422.079389313	102.2256	 396.0
14.5	 23.0157129771	 35.8320610687	 14.5694870229	 421.167938931	37.5852	 457.0
15.0	 24.3849361832	 0.743511450382	 14.4306638168	 420.25648855	38.8156	 421.0
15.5	 48.8065593893	 74.6549618321	 14.2918406107	 419.345038168	63.0984	 494.0
16.0	 53.7389825954	 -48.4335877863	 14.1530174046	 418.433587786	67.892	 370.0
16.5	 72.2882058015	 -33.5221374046	 14.0141941985	 417.522137405	86.3024	 384.0
17.0	 103.888629008	 -26.6106870229	 13.8753709924	 416.610687023	117.764	 390.0
17.5	 61.7458522137	 18.3007633588	 13.7365477863	 415.699236641	75.4824	 434.0
18.0	 108.24347542	 2.21221374046	 13.5977245802	 414.78778626	121.8412	 417.0
18.5	 122.407498626	 -39.8763358779	 13.458901374	 413.876335878	135.8664	 374.0
19.0	 192.469521832	 -26.9648854962	 13.3200781679	 412.964885496	205.7896	 386.0
19.5	 174.685145038	 -38.0534351145	 13.1812549618	 412.053435115	187.8664	 374.0
20.0	 219.465968244	 57.8580152672	 13.0424317557	 411.141984733	232.5084	 469.0
20.5	 236.86079145	 18.7694656489	 12.9036085496	 410.230534351	249.7644	 429.0
21.0	 272.666414656	 32.6809160305	 12.7647853435	 409.319083969	285.4312	 442.0
21.5	 195.702437863	 10.5923664122	 12.6259621374	 408.407633588	208.3284	 419.0
22.0	 228.200461069	 33.5038167939	 12.4871389313	 407.496183206	240.6876	 441.0
22.5	 213.313684275	 38.4152671756	 12.3483157252	 406.584732824	225.662	 445.0
23.0	 270.759707481	 -8.67328244275	 12.2094925191	 405.673282443	282.9692	 397.0
23.5	 242.847730687	 39.2381679389	 12.070669313	 404.761832061	254.9184	 444.0
24.0	 305.601753893	 22.1496183206	 11.9318461069	 403.850381679	317.5336	 426.0
24.5	 360.586577099	 8.06106870229	 11.7930229008	 402.938931298	372.3796	 411.0
25.0	 278.213000305	 49.972519084	 11.6541996947	 402.027480916	289.8672	 452.0
25.5	 283.146623511	 43.8839694656	 11.5153764885	 401.116030534	294.662	 445.0
26.0	 325.644246718	 27.7954198473	 11.3765532824	 400.204580153	337.0208	 428.0
26.5	 225.373069924	 53.706870229	 11.2377300763	 399.293129771	236.6108	 453.0
27.0	 353.30669313	 47.6183206107	 11.0989068702	 398.381679389	364.4056	 446.0
27.5	 289.215116336	 84.5297709924	 10.9600836641	 397.470229008	300.1752	 482.0
28.0	 239.789939542	 95.441221374	 10.821260458	 396.558778626	250.6112	 492.0
28.5	 297.595162748	 70.3526717557	 10.6824372519	 395.647328244	308.2776	 466.0
29.0	 275.682785954	 79.2641221374	 10.5436140458	 394.735877863	286.2264	 474.0
29.5	 245.51440916	 128.175572519	 10.4047908397	 393.824427481	255.9192	 522.0
30.0	 250.140832366	 170.087022901	 10.2659676336	 392.912977099	260.4068	 563.0
30.5	 268.202455573	 143.998473282	 10.1271444275	 392.001526718	278.3296	 536.0
31.0	 257.187678779	 168.909923664	 9.98832122137	 391.090076336	267.176	 560.0
31.5	 246.814101985	 210.821374046	 9.84949801527	 390.178625954	256.6636	 601.0
32.0	 242.081325191	 230.732824427	 9.71067480916	 389.267175573	251.792	 620.0
32.5	 248.835348397	 213.644274809	 9.57185160305	 388.355725191	258.4072	 602.0
33.0	 251.769371603	 246.555725191	 9.43302839695	 387.444274809	261.2024	 634.0
33.5	 238.318194809	 222.467175573	 9.29420519084	 386.532824427	247.6124	 609.0
34.0	 252.713818015	 261.378625954	 9.15538198473	 385.621374046	261.8692	 647.0
34.5	 202.827041221	 266.290076336	 9.01655877863	 384.709923664	211.8436	 651.0
35.0	 300.247864427	 262.201526718	 8.87773557252	 383.798473282	309.1256	 646.0
35.5	 209.361487634	 306.112977099	 8.73891236641	 382.887022901	218.1004	 689.0
36.0	 239.42271084	 241.024427481	 8.60008916031	 381.975572519	248.0228	 623.0
36.5	 138.691134046	 377.935877863	 8.4612659542	 381.064122137	147.1524	 759.0
37.0	 200.829157252	 300.847328244	 8.32244274809	 380.152671756	209.1516	 681.0
37.5	 176.301580458	 327.758778626	 8.18361954198	 379.241221374	184.4852	 707.0
38.0	 200.439603664	 250.670229008	 8.04479633588	 378.329770992	208.4844	 629.0
38.5	 117.50282687	 380.581679389	 7.90597312977	 377.418320611	125.4088	 758.0
39.0	 157.666050076	 260.493129771	 7.76714992366	 376.506870229	165.4332	 637.0
39.5	 122.626073282	 328.404580153	 7.62832671756	 375.595419847	130.2544	 704.0
40.0	 122.276896489	 249.316030534	 7.48950351145	 374.683969466	129.7664	 624.0
40.5	 115.467719695	 320.227480916	 7.35068030534	 373.772519084	122.8184	 694.0
41.0	 101.324142901	 287.138931298	 7.21185709924	 372.861068702	108.536	 660.0
41.5	 82.1297661069	 301.050381679	 7.07303389313	 371.949618321	89.2028	 673.0
42.0	 59.396989313	 320.961832061	 6.93421068702	 371.038167939	66.3312	 692.0
42.5	 84.1502125191	 225.873282443	 6.79538748092	 370.126717557	90.9456	 596.0
43.0	 24.0078357252	 309.784732824	 6.65656427481	 369.215267176	30.6644	 679.0
43.5	 33.5058589313	 332.696183206	 6.5177410687	 368.303816794	40.0236	 701.0
44.0	 57.0034821374	 316.607633588	 6.3789178626	 367.392366412	63.3824	 684.0
44.5	 29.9107053435	 236.519083969	 6.24009465649	 366.480916031	36.1508	 603.0
45.0	 12.6907285496	 254.430534351	 6.10127145038	 365.569465649	18.792	 620.0
45.5	 10.5983517557	 213.341984733	 5.96244824427	 364.658015267	16.5608	 578.0
46.0	 13.7883749618	 206.253435115	 5.82362503817	 363.746564885	19.612	 570.0
46.5	 21.5935981679	 181.164885496	 5.68480183206	 362.835114504	27.2784	 544.0
47.0	 21.168421374	 192.076335878	 5.54597862595	 361.923664122	26.7144	 554.0
47.5	 -8.41115541985	 148.98778626	 5.40715541985	 361.01221374	-3.004	 510.0
48.0	 44.3172677863	 135.899236641	 5.26833221374	 360.100763359	49.5856	 496.0
48.5	 -11.7491090076	 129.810687023	 5.12950900763	 359.189312977	-6.6196	 489.0
49.0	 -9.58508580153	 87.7221374046	 4.99068580153	 358.277862595	-4.5944	 446.0
49.5	 -6.98466259542	 94.6335877863	 4.85186259542	 357.366412214	-2.1328	 452.0
50.0	 67.5129606107	 78.5450381679	 4.71303938931	 356.454961832	72.226	 435.0
50.5	 16.1901838168	 73.4564885496	 4.57421618321	 355.54351145	20.7644	 429.0
51.0	 8.8674070229	 68.3679389313	 4.4353929771	 354.632061069	13.3028	 423.0
51.5	 -2.76336977099	 33.279389313	 4.29656977099	 353.720610687	1.5332	 387.0
52.0	 34.3754534351	 34.1908396947	 4.15774656489	 352.809160305	38.5332	 387.0
52.5	 0.335076641221	 63.1022900763	 4.01892335878	 351.897709924	4.354	 415.0
53.0	 5.08909984733	 46.013740458	 3.88010015267	 350.986259542	8.9692	 397.0
53.5	 6.63792305344	 21.9251908397	 3.74127694656	 350.07480916	10.3792	 372.0
54.0	 -3.68525374046	 -22.1633587786	 3.60245374046	 349.163358779	-0.0828	 327.0
54.5	 13.2487694656	 10.7480916031	 3.46363053435	 348.251908397	16.7124	 359.0
55.0	 18.3103926718	 -15.3404580153	 3.32480732824	 347.340458015	21.6352	 332.0
55.5	 9.16721587786	 -9.42900763359	 3.18598412214	 346.429007634	12.3532	 337.0
56.0	 37.562839084	 29.4824427481	 3.04716091603	 345.517557252	40.61	 375.0
56.5	 28.7524622901	 -16.6061068702	 2.90833770992	 344.60610687	31.6608	 328.0
57.0	 4.35328549618	 29.3053435115	 2.76951450382	 343.694656489	7.1228	 373.0
57.5	 -12.4058912977	 -24.7832061069	 2.63069129771	 342.783206107	-9.7752	 318.0
58.0	 27.3737319084	 -45.8717557252	 2.4918680916	 341.871755725	29.8656	 296.0
58.5	 -8.8970448855	 19.0396946565	 2.3530448855	 340.960305344	-6.544	 360.0
59.0	 -0.501821679389	 18.9511450382	 2.21422167939	 340.048854962	1.7124	 359.0
59.5	 7.38060152672	 20.8625954198	 2.07539847328	 339.13740458	9.456	 360.0
60.0	 -26.6345752672	 6.77404580153	 1.93657526718	 338.225954198	-24.698	 345.0
60.5	 18.7602479389	 -32.3145038168	 1.79775206107	 337.314503817	20.558	 305.0
61.0	 -4.61372885496	 -29.4030534351	 1.65892885496	 336.403053435	-2.9548	 307.0
61.5	 38.0378943511	 -30.4916030534	 1.52010564885	 335.491603053	39.558	 305.0
62.0	 8.30551755725	 28.4198473282	 1.38128244275	 334.580152672	9.6868	 363.0
62.5	 7.98234076336	 -15.6687022901	 1.24245923664	 333.66870229	9.2248	 318.0
63.0	 -5.95563603053	 -2.7572519084	 1.10363603053	 332.757251908	-4.852	 330.0
63.5	 0.542387175573	 20.1541984733	 0.964812824427	 331.845801527	1.5072	 352.0
64.0	 -10.0111896183	 12.065648855	 0.825989618321	 330.934351145	-9.1852	 343.0
64.5	 7.64003358779	 -28.0229007634	 0.687166412214	 330.022900763	8.3272	 302.0
65.0	 5.70205679389	 -15.1114503817	 0.548343206107	 329.111450382	6.2504	 314.0
Actin association begins: 11.5
Actin association ends: 47.0
Length of actin association: 35.5
Cofilin association begins: 23.5
Cofilin association ends: 53.5
Length of cofilin association: 30.0
Delay between actin and cofilin association: 12.0
Maximum normalized actin intensity: 360.586577099
Maximum normalized cofilin intensity: 380.581679389