Time	 Int488	 Int561	 Back488	 Back561	 Raw488	 Raw561
0.0	 -23.17432	 3.8	 82.80872	 250.2	59.6344	 254.0
0.5	 12.9074430769	 -17.8897435897	 82.3677569231	 249.88974359	95.2752	 232.0
1.0	 -2.49719384615	 36.4205128205	 81.9267938462	 249.579487179	79.4296	 286.0
1.5	 -12.5950307692	 3.73076923077	 81.4858307692	 249.269230769	68.8908	 253.0
2.0	 29.7687323077	 -22.958974359	 81.0448676923	 248.958974359	110.8136	 226.0
2.5	 10.0564953846	 40.3512820513	 80.6039046154	 248.648717949	90.6604	 289.0
3.0	 26.2410584615	 41.6615384615	 80.1629415385	 248.338461538	106.404	 290.0
3.5	 49.8100215385	 21.9717948718	 79.7219784615	 248.028205128	129.532	 270.0
4.0	 19.4301846154	 -5.71794871795	 79.2810153846	 247.717948718	98.7112	 242.0
4.5	 47.3075476923	 43.5923076923	 78.8400523077	 247.407692308	126.1476	 291.0
5.0	 16.7481107692	 4.90256410256	 78.3990892308	 247.097435897	95.1472	 252.0
5.5	 39.8558738462	 18.2128205128	 77.9581261538	 246.787179487	117.814	 265.0
6.0	 30.6816369231	 36.5230769231	 77.5171630769	 246.476923077	108.1988	 283.0
6.5	 70.3278	 43.8333333333	 77.0762	 246.166666667	147.404	 290.0
7.0	 57.7175630769	 52.1435897436	 76.6352369231	 245.856410256	134.3528	 298.0
7.5	 71.6461261538	 93.4538461538	 76.1942738462	 245.546153846	147.8404	 339.0
8.0	 58.9074892308	 82.7641025641	 75.7533107692	 245.235897436	134.6608	 328.0
8.5	 125.348852308	 122.074358974	 75.3123476923	 244.925641026	200.6612	 367.0
9.0	 188.353415385	 73.3846153846	 74.8713846154	 244.615384615	263.2248	 318.0
9.5	 164.255978462	 79.6948717949	 74.4304215385	 244.305128205	238.6864	 324.0
10.0	 215.671741538	 123.005128205	 73.9894584615	 243.994871795	289.6612	 367.0
10.5	 235.933104615	 112.315384615	 73.5484953846	 243.684615385	309.4816	 356.0
11.0	 295.091667692	 78.6256410256	 73.1075323077	 243.374358974	368.1992	 322.0
11.5	 219.636230769	 179.935897436	 72.6665692308	 243.064102564	292.3028	 423.0
12.0	 257.999593846	 114.246153846	 72.2256061538	 242.753846154	330.2252	 357.0
12.5	 326.337756923	 91.5564102564	 71.7846430769	 242.443589744	398.1224	 334.0
13.0	 321.06112	 125.866666667	 71.34368	 242.133333333	392.4048	 368.0
13.5	 299.963683077	 132.176923077	 70.9027169231	 241.823076923	370.8664	 374.0
14.0	 233.994246154	 118.487179487	 70.4617538462	 241.512820513	304.456	 360.0
14.5	 406.588809231	 94.7974358974	 70.0207907692	 241.202564103	476.6096	 336.0
15.0	 322.209772308	 145.107692308	 69.5798276923	 240.892307692	391.7896	 386.0
15.5	 374.111935385	 112.417948718	 69.1388646154	 240.582051282	443.2508	 353.0
16.0	 292.476098462	 124.728205128	 68.6979015385	 240.271794872	361.174	 365.0
16.5	 416.763061538	 110.038461538	 68.2569384615	 239.961538462	485.02	 350.0
17.0	 367.409624615	 156.348717949	 67.8159753846	 239.651282051	435.2256	 396.0
17.5	 359.722187692	 137.658974359	 67.3750123077	 239.341025641	427.0972	 377.0
18.0	 426.675950769	 135.969230769	 66.9340492308	 239.030769231	493.61	 375.0
18.5	 435.142913846	 171.279487179	 66.4930861538	 238.720512821	501.636	 410.0
19.0	 504.225876923	 266.58974359	 66.0521230769	 238.41025641	570.278	 505.0
19.5	 335.07644	 202.9	 65.61116	 238.1	400.6876	 441.0
20.0	 363.081803077	 232.21025641	 65.1701969231	 237.78974359	428.252	 470.0
20.5	 313.522766154	 232.520512821	 64.7292338462	 237.479487179	378.252	 470.0
21.0	 258.348929231	 289.830769231	 64.2882707692	 237.169230769	322.6372	 527.0
21.5	 207.737492308	 181.141025641	 63.8473076923	 236.858974359	271.5848	 418.0
22.0	 184.127655385	 228.451282051	 63.4063446154	 236.548717949	247.534	 465.0
22.5	 248.876218462	 219.761538462	 62.9653815385	 236.238461538	311.8416	 456.0
23.0	 144.523181538	 305.071794872	 62.5244184615	 235.928205128	207.0476	 541.0
23.5	 149.272544615	 374.382051282	 62.0834553846	 235.617948718	211.356	 610.0
24.0	 111.917107692	 225.692307692	 61.6424923077	 235.307692308	173.5596	 461.0
24.5	 51.3852707692	 378.002564103	 61.2015292308	 234.997435897	112.5868	 613.0
25.0	 3.98023384615	 393.312820513	 60.7605661538	 234.687179487	64.7408	 628.0
25.5	 39.5231969231	 338.623076923	 60.3196030769	 234.376923077	99.8428	 573.0
26.0	 -51.18944	 362.933333333	 59.87864	 234.066666667	8.6892	 597.0
26.5	 -28.4920769231	 362.243589744	 59.4376769231	 233.756410256	30.9456	 596.0
27.0	 21.4856861538	 200.553846154	 58.9967138462	 233.446153846	80.4824	 434.0
27.5	 14.5942492308	 291.864102564	 58.5557507692	 233.135897436	73.15	 525.0
28.0	 -8.27358769231	 184.174358974	 58.1147876923	 232.825641026	49.8412	 417.0
28.5	 25.4485753846	 101.484615385	 57.6738246154	 232.515384615	83.1224	 334.0
29.0	 -3.13686153846	 27.7948717949	 57.2328615385	 232.205128205	54.096	 260.0
29.5	 15.7913015385	 30.1051282051	 56.7918984615	 231.894871795	72.5832	 262.0
30.0	 30.1038646154	 11.4153846154	 56.3509353846	 231.584615385	86.4548	 243.0
30.5	 22.4936276923	 19.7256410256	 55.9099723077	 231.274358974	78.4036	 251.0
31.0	 6.08819076923	 -3.9641025641	 55.4690092308	 230.964102564	61.5572	 227.0
31.5	 -11.9064461538	 25.3461538462	 55.0280461538	 230.653846154	43.1216	 256.0
32.0	 21.6881169231	 1.65641025641	 54.5870830769	 230.343589744	76.2752	 232.0
32.5	 -30.05012	 29.9666666667	 54.14612	 230.033333333	24.096	 260.0
33.0	 15.2116430769	 58.2769230769	 53.7051569231	 229.723076923	68.9168	 288.0
33.5	 -0.630193846154	 -14.4128205128	 53.2641938462	 229.412820513	52.634	 215.0
34.0	 12.3239692308	 22.8974358974	 52.8232307692	 229.102564103	65.1472	 252.0
34.5	 3.02133230769	 22.2076923077	 52.3822676923	 228.792307692	55.4036	 251.0
35.0	 -10.7941046154	 23.5179487179	 51.9413046154	 228.482051282	41.1472	 252.0
35.5	 -18.8407415385	 -17.1717948718	 51.5003415385	 228.171794872	32.6596	 211.0
36.0	 11.4978215385	 -0.861538461538	 51.0593784615	 227.861538462	62.5572	 227.0
36.5	 -24.8048153846	 -1.55128205128	 50.6184153846	 227.551282051	25.8136	 226.0
37.0	 9.30294769231	 11.758974359	 50.1774523077	 227.241025641	59.4804	 239.0
37.5	 32.4103107692	 -13.9307692308	 49.7364892308	 226.930769231	82.1468	 213.0
38.0	 -18.7639261538	 4.37948717949	 49.2955261538	 226.620512821	30.5316	 231.0
38.5	 -4.75896307692	 -5.31025641026	 48.8545630769	 226.31025641	44.0956	 221.0
Actin association begins: 2.0
Actin association ends: 25.5
Length of actin association: 23.5
Cofilin association begins: 4.5
Cofilin association ends: 30.5
Length of cofilin association: 26.0
Delay between actin and cofilin association: 2.5
Maximum normalized actin intensity: 504.225876923
Maximum normalized cofilin intensity: 393.312820513