Time	 Int488	 Int561	 Back488	 Back561	 Raw488	 Raw561
0.0	 -11.27168	 11.2	 110.57368	 333.8	99.302	 345.0
0.5	 -28.1268791209	 8.40659340659	 110.198079121	 333.593406593	82.0712	 342.0
1.0	 22.2743217582	 4.61318681319	 109.822478242	 333.386813187	132.0968	 338.0
1.5	 35.3163226374	 -21.1802197802	 109.446877363	 333.18021978	144.7632	 312.0
2.0	 -14.4360764835	 -0.973626373626	 109.071276484	 332.973626374	94.6352	 332.0
2.5	 -13.8292756044	 41.232967033	 108.695675604	 332.767032967	94.8664	 374.0
3.0	 37.4943252747	 -28.5604395604	 108.320074725	 332.56043956	145.8144	 304.0
3.5	 14.1523261538	 5.64615384615	 107.944473846	 332.353846154	122.0968	 338.0
4.0	 29.707527033	 16.8527472527	 107.568872967	 332.147252747	137.2764	 349.0
4.5	 75.3135279121	 -18.9406593407	 107.193272088	 331.940659341	182.5068	 313.0
5.0	 40.7919287912	 4.26593406593	 106.817671209	 331.734065934	147.6096	 336.0
5.5	 47.7315296703	 -5.52747252747	 106.44207033	 331.527472527	154.1736	 326.0
6.0	 89.7995305495	 3.67912087912	 106.066469451	 331.320879121	195.866	 335.0
6.5	 97.6623314286	 5.88571428571	 105.690868571	 331.114285714	203.3532	 337.0
7.0	 127.601932308	 -3.90769230769	 105.315267692	 330.907692308	232.9172	 327.0
7.5	 126.644333187	 9.2989010989	 104.939666813	 330.701098901	231.584	 340.0
8.0	 175.378734066	 -7.49450549451	 104.564065934	 330.494505495	279.9428	 323.0
8.5	 244.087534945	 -20.2879120879	 104.188465055	 330.287912088	348.276	 310.0
9.0	 285.463135824	 -20.0813186813	 103.812864176	 330.081318681	389.276	 310.0
9.5	 390.813136703	 -15.8747252747	 103.437263297	 329.874725275	494.2504	 314.0
10.0	 510.727137582	 -21.6681318681	 103.061662418	 329.668131868	613.7888	 308.0
10.5	 441.385138462	 12.5384615385	 102.686061538	 329.461538462	544.0712	 342.0
11.0	 559.350339341	 -1.25494505495	 102.310460659	 329.254945055	661.6608	 328.0
11.5	 747.64994022	 88.9516483516	 101.93485978	 329.048351648	849.5848	 418.0
12.0	 650.076341099	 42.1582417582	 101.559258901	 328.841758242	751.6356	 371.0
12.5	 889.323941978	 62.3648351648	 101.183658022	 328.635164835	990.5076	 391.0
13.0	 903.212742857	 99.5714285714	 100.808057143	 328.428571429	1004.0208	 428.0
13.5	 911.690743736	 83.778021978	 100.432456264	 328.221978022	1012.1232	 412.0
14.0	 1160.14354462	 110.984615385	 100.056855385	 328.015384615	1260.2004	 439.0
14.5	 1366.51954549	 150.191208791	 99.6812545055	 327.808791209	1466.2008	 478.0
15.0	 1362.25474637	 211.397802198	 99.3056536264	 327.602197802	1461.5604	 539.0
15.5	 1209.83474725	 140.604395604	 98.9300527473	 327.395604396	1308.7648	 468.0
16.0	 1579.21194813	 296.810989011	 98.5544518681	 327.189010989	1677.7664	 624.0
16.5	 1264.17594901	 166.017582418	 98.178850989	 326.982417582	1362.3548	 493.0
17.0	 1207.29434989	 89.2241758242	 97.8032501099	 326.775824176	1305.0976	 416.0
17.5	 1317.15795077	 169.430769231	 97.4276492308	 326.569230769	1414.5856	 496.0
18.0	 1470.14875165	 151.637362637	 97.0520483516	 326.362637363	1567.2008	 478.0
18.5	 1342.03755253	 188.843956044	 96.6764474725	 326.156043956	1438.714	 515.0
19.0	 1408.41275341	 150.050549451	 96.3008465934	 325.949450549	1504.7136	 476.0
19.5	 1247.25035429	 195.257142857	 95.9252457143	 325.742857143	1343.1756	 521.0
20.0	 1095.06195516	 205.463736264	 95.5496448352	 325.536263736	1190.6116	 531.0
20.5	 1052.56635604	 263.67032967	 95.174043956	 325.32967033	1147.7404	 589.0
21.0	 898.967556923	 259.876923077	 94.7984430769	 325.123076923	993.766	 585.0
21.5	 1120.4207578	 326.083516484	 94.4228421978	 324.916483516	1214.8436	 651.0
22.0	 933.719158681	 299.29010989	 94.0472413187	 324.70989011	1027.7664	 624.0
22.5	 933.65835956	 250.496703297	 93.6716404396	 324.503296703	1027.33	 575.0
23.0	 823.16356044	 386.703296703	 93.2960395604	 324.296703297	916.4596	 711.0
23.5	 990.282361319	 348.90989011	 92.9204386813	 324.09010989	1083.2028	 673.0
24.0	 860.582362198	 478.116483516	 92.5448378022	 323.883516484	953.1272	 802.0
24.5	 953.496763077	 511.323076923	 92.1692369231	 323.676923077	1045.666	 835.0
25.0	 868.129163956	 549.52967033	 91.793636044	 323.47032967	959.9228	 873.0
25.5	 854.863164835	 493.736263736	 91.4180351648	 323.263736264	946.2812	 817.0
26.0	 655.415965714	 270.942857143	 91.0424342857	 323.057142857	746.4584	 594.0
26.5	 439.944766593	 208.149450549	 90.6668334066	 322.850549451	530.6116	 531.0
27.0	 336.242767473	 142.356043956	 90.2912325275	 322.643956044	426.534	 465.0
27.5	 175.079968352	 148.562637363	 89.9156316484	 322.437362637	264.9956	 471.0
28.0	 48.0443692308	 56.7692307692	 89.5400307692	 322.230769231	137.5844	 379.0
28.5	 61.3943701099	 60.9758241758	 89.1644298901	 322.024175824	150.5588	 383.0
29.0	 38.692770989	 34.1824175824	 88.788829011	 321.817582418	127.4816	 356.0
29.5	 30.9407718681	 93.389010989	 88.4132281319	 321.610989011	119.354	 415.0
30.0	 37.0599727473	 94.5956043956	 88.0376272527	 321.404395604	125.0976	 416.0
30.5	 34.3835736264	 24.8021978022	 87.6620263736	 321.197802198	122.0456	 346.0
31.0	 -18.6256254945	 7.00879120879	 87.2864254945	 320.991208791	68.6608	 328.0
31.5	 -7.37882461538	 -50.7846153846	 86.9108246154	 320.784615385	79.532	 270.0
32.0	 23.6635762637	 -37.578021978	 86.5352237363	 320.578021978	110.1988	 283.0
32.5	 -25.9088228571	 32.6285714286	 86.1596228571	 320.371428571	60.2508	 353.0
33.0	 -58.251221978	 27.8351648352	 85.784021978	 320.164835165	27.5328	 348.0
33.5	 -11.6704210989	 35.0417582418	 85.4084210989	 319.958241758	73.738	 355.0
34.0	 -45.0640202198	 38.2483516484	 85.0328202198	 319.751648352	39.9688	 358.0
34.5	 -46.1504193407	 -6.54505494505	 84.6572193407	 319.545054945	38.5068	 313.0
35.0	 -6.23601846154	 26.6615384615	 84.2816184615	 319.338461538	78.0456	 346.0
35.5	 -32.2196175824	 4.86813186813	 83.9060175824	 319.131868132	51.6864	 324.0
36.0	 -39.0752167033	 -36.9252747253	 83.5304167033	 318.925274725	44.4552	 282.0
36.5	 -9.36601582418	 -10.7186813187	 83.1548158242	 318.718681319	73.7888	 308.0
37.0	 -11.3240149451	 -36.5120879121	 82.7792149451	 318.512087912	71.4552	 282.0
37.5	 -25.0256140659	 -63.3054945055	 82.4036140659	 318.305494505	57.378	 255.0
38.0	 -34.5212131868	 -5.0989010989	 82.0280131868	 318.098901099	47.5068	 313.0
38.5	 16.9051876923	 -51.8923076923	 81.6524123077	 317.892307692	98.5576	 266.0
39.0	 -30.8992114286	 -101.685714286	 81.2768114286	 317.685714286	50.3776	 216.0
39.5	 -8.83081054945	 -53.4791208791	 80.9012105495	 317.479120879	72.0704	 264.0
40.0	 -42.6088096703	 -29.2725274725	 80.5256096703	 317.272527473	37.9168	 288.0
40.5	 -24.9000087912	 -42.0659340659	 80.1500087912	 317.065934066	55.25	 275.0
41.0	 -29.0116079121	 -43.8593406593	 79.7744079121	 316.859340659	50.7628	 273.0
41.5	 -16.790007033	 -58.6527472527	 79.398807033	 316.652747253	62.6088	 258.0
42.0	 -21.9784061538	 -48.4461538462	 79.0232061538	 316.446153846	57.0448	 268.0
42.5	 -27.2436052747	 -26.2395604396	 78.6476052747	 316.23956044	51.404	 290.0
43.0	 -7.2272043956	 -48.032967033	 78.2720043956	 316.032967033	71.0448	 268.0
43.5	 -16.0568035165	 -54.8263736264	 77.8964035165	 315.826373626	61.8396	 261.0
44.0	 1.98559736264	 -41.6197802198	 77.5208026374	 315.61978022	79.5064	 274.0
44.5	 -27.0996017582	 30.5868131868	 77.1452017582	 315.413186813	50.0456	 346.0
45.0	 42.7639991209	 110.793406593	 76.7696008791	 315.206593407	119.5336	 426.0
Actin association begins: 3.0
Actin association ends: 30.5
Length of actin association: 27.5
Cofilin association begins: 11.5
Cofilin association ends: 31.0
Length of cofilin association: 19.5
Delay between actin and cofilin association: 8.5
Maximum normalized actin intensity: 1579.21194813
Maximum normalized cofilin intensity: 549.52967033