Time	 Int488	 Int561	 Back488	 Back561	 Raw488	 Raw561
0.0	 15.364	 -10.0	 40.9364	 199.0	56.3004	 189.0
0.5	 -16.286229434	 -15.8603773585	 41.125029434	 198.860377358	24.8388	 183.0
1.0	 -19.2180588679	 22.279245283	 41.3136588679	 198.720754717	22.0956	 221.0
1.5	 -1.58628830189	 11.4188679245	 41.5022883019	 198.581132075	39.916	 210.0
2.0	 19.8402822642	 -6.44150943396	 41.6909177358	 198.441509434	61.5312	 192.0
2.5	 20.3184528302	 6.69811320755	 41.8795471698	 198.301886792	62.198	 205.0
3.0	 25.9502233962	 -4.16226415094	 42.0681766038	 198.162264151	68.0184	 194.0
3.5	 17.8127939623	 -12.0226415094	 42.2568060377	 198.022641509	60.0696	 186.0
4.0	 27.2653645283	 5.11698113208	 42.4454354717	 197.883018868	69.7108	 203.0
4.5	 72.1791350943	 -10.7433962264	 42.6340649057	 197.743396226	114.8132	 187.0
5.0	 30.4521056604	 -4.60377358491	 42.8226943396	 197.603773585	73.2748	 193.0
5.5	 32.4942762264	 -1.4641509434	 43.0113237736	 197.464150943	75.5056	 196.0
6.0	 80.0236467925	 3.67547169811	 43.1999532075	 197.324528302	123.2236	 201.0
6.5	 23.8350173585	 3.81509433962	 43.3885826415	 197.18490566	67.2236	 201.0
7.0	 52.4667879245	 -7.04528301887	 43.5772120755	 197.045283019	96.044	 190.0
7.5	 94.2525584906	 -2.90566037736	 43.7658415094	 196.905660377	138.0184	 194.0
8.0	 60.7563290566	 6.23396226415	 43.9544709434	 196.766037736	104.7108	 203.0
8.5	 40.6444996226	 -5.62641509434	 44.1431003774	 196.626415094	84.7876	 191.0
9.0	 -17.4413298113	 17.5132075472	 44.3317298113	 196.486792453	26.8904	 214.0
9.5	 13.7800407547	 -7.34716981132	 44.5203592453	 196.347169811	58.3004	 189.0
10.0	 49.3350113208	 -6.20754716981	 44.7089886792	 196.20754717	94.044	 190.0
10.5	 19.9411818868	 -13.0679245283	 44.8976181132	 196.067924528	64.8388	 183.0
11.0	 61.0345524528	 -17.9283018868	 45.0862475472	 195.928301887	106.1208	 178.0
11.5	 110.974323019	 1.21132075472	 45.2748769811	 195.788679245	156.2492	 197.0
12.0	 147.016493585	 4.35094339623	 45.4635064151	 195.649056604	192.48	 200.0
12.5	 114.084264151	 3.49056603774	 45.6521358491	 195.509433962	159.7364	 199.0
13.0	 57.228834717	 -9.36981132075	 45.840765283	 195.369811321	103.0696	 186.0
13.5	 151.912205283	 10.7698113208	 46.029394717	 195.230188679	197.9416	 206.0
14.0	 188.723575849	 10.9094339623	 46.2180241509	 195.090566038	234.9416	 206.0
14.5	 157.252946415	 16.0490566038	 46.4066535849	 194.950943396	203.6596	 211.0
15.0	 277.884716981	 5.18867924528	 46.5952830189	 194.811320755	324.48	 200.0
15.5	 291.978087547	 0.328301886792	 46.7839124528	 194.671698113	338.762	 195.0
16.0	 456.199858113	 14.4679245283	 46.9725418868	 194.532075472	503.1724	 209.0
16.5	 429.472428679	 -18.3924528302	 47.1611713208	 194.39245283	476.6336	 176.0
17.0	 453.796999245	 18.7471698113	 47.3498007547	 194.252830189	501.1468	 213.0
17.5	 546.839169811	 21.8867924528	 47.5384301887	 194.113207547	594.3776	 216.0
18.0	 651.522140377	 3.02641509434	 47.7270596226	 193.973584906	699.2492	 197.0
18.5	 758.820710943	 5.16603773585	 47.9156890566	 193.833962264	806.7364	 199.0
19.0	 666.093681509	 11.3056603774	 48.1043184906	 193.694339623	714.198	 205.0
19.5	 747.315452075	 25.4452830189	 48.2929479245	 193.554716981	795.6084	 219.0
20.0	 803.819222642	 34.5849056604	 48.4815773585	 193.41509434	852.3008	 228.0
20.5	 723.527793208	 11.7245283019	 48.6702067925	 193.275471698	772.198	 205.0
21.0	 845.390363774	 3.8641509434	 48.8588362264	 193.135849057	894.2492	 197.0
21.5	 737.61213434	 18.0037735849	 49.0474656604	 192.996226415	786.6596	 211.0
22.0	 860.372304906	 26.1433962264	 49.2360950943	 192.856603774	909.6084	 219.0
22.5	 846.747675472	 16.2830188679	 49.4247245283	 192.716981132	896.1724	 209.0
23.0	 852.251446038	 25.4226415094	 49.6133539623	 192.577358491	901.8648	 218.0
23.5	 932.114016604	 17.5622641509	 49.8019833962	 192.437735849	981.916	 210.0
24.0	 810.64338717	 22.7018867925	 49.9906128302	 192.298113208	860.634	 215.0
24.5	 960.839157736	 1.84150943396	 50.1792422642	 192.158490566	1011.0184	 194.0
25.0	 868.471328302	 29.9811320755	 50.3678716981	 192.018867925	918.8392	 222.0
25.5	 796.513498868	 33.120754717	 50.5565011321	 191.879245283	847.07	 225.0
26.0	 807.888869434	 23.2603773585	 50.745130566	 191.739622642	858.634	 215.0
26.5	 738.18744	 25.4	 50.93376	 191.6	789.1212	 217.0
27.0	 626.229610566	 28.5396226415	 51.122389434	 191.460377358	677.352	 220.0
27.5	 726.015381132	 32.679245283	 51.3110188679	 191.320754717	777.3264	 224.0
28.0	 694.185951698	 54.8188679245	 51.4996483019	 191.181132075	745.6856	 246.0
28.5	 655.227722264	 18.958490566	 51.6882777358	 191.041509434	706.916	 210.0
29.0	 507.62869283	 5.09811320755	 51.8769071698	 190.901886792	559.5056	 196.0
29.5	 463.594063396	 20.2377358491	 52.0655366038	 190.762264151	515.6596	 211.0
30.0	 336.892633962	 22.3773584906	 52.2541660377	 190.622641509	389.1468	 213.0
30.5	 345.934804528	 25.5169811321	 52.4427954717	 190.483018868	398.3776	 216.0
31.0	 256.668975094	 -1.34339622642	 52.6314249057	 190.343396226	309.3004	 189.0
31.5	 345.17274566	 7.79622641509	 52.8200543396	 190.203773585	397.9928	 198.0
32.0	 155.112516226	 26.9358490566	 53.0086837736	 190.064150943	208.1212	 217.0
32.5	 21.1030867925	 -0.924528301887	 53.1973132075	 189.924528302	74.3004	 189.0
33.0	 29.6580573585	 0.215094339623	 53.3859426415	 189.78490566	83.044	 190.0
33.5	 53.5978279245	 19.3547169811	 53.5745720755	 189.645283019	107.1724	 209.0
34.0	 26.0755984906	 -6.50566037736	 53.7632015094	 189.505660377	79.8388	 183.0
34.5	 35.3485690566	 -0.366037735849	 53.9518309434	 189.366037736	89.3004	 189.0
35.0	 26.5447396226	 17.7735849057	 54.1404603774	 189.226415094	80.6852	 207.0
35.5	 18.7405101887	 -3.08679245283	 54.3290898113	 189.086792453	73.0696	 186.0
36.0	 -24.0121192453	 7.05283018868	 54.5177192453	 188.947169811	30.5056	 196.0
36.5	 -22.9699486792	 10.1924528302	 54.7063486792	 188.80754717	31.7364	 199.0
37.0	 -0.338178113208	 -0.667924528302	 54.8949781132	 188.667924528	54.5568	 188.0
37.5	 -23.0396075472	 1.47169811321	 55.0836075472	 188.528301887	32.044	 190.0
38.0	 -12.8950369811	 -11.3886792453	 55.2722369811	 188.388679245	42.3772	 177.0
38.5	 -9.44246641509	 5.75094339623	 55.4608664151	 188.249056604	46.0184	 194.0
39.0	 -15.4770958491	 20.8905660377	 55.6494958491	 188.109433962	40.1724	 209.0
39.5	 -15.358125283	 12.0301886792	 55.838125283	 187.969811321	40.48	 200.0
40.0	 -33.033954717	 10.1698113208	 56.026754717	 187.830188679	22.9928	 198.0
40.5	 -28.8637841509	 -6.69056603774	 56.2153841509	 187.690566038	27.3516	 181.0
41.0	 -11.8472135849	 0.449056603774	 56.4040135849	 187.550943396	44.5568	 188.0
41.5	 -8.98464301887	 -7.41132075472	 56.5926430189	 187.411320755	47.608	 180.0
42.0	 -36.9680724528	 -0.271698113208	 56.7812724528	 187.271698113	19.8132	 187.0
42.5	 -17.6695018868	 1.8679245283	 56.9699018868	 187.132075472	39.3004	 189.0
43.0	 -29.3709313208	 4.00754716981	 57.1585313208	 186.99245283	27.7876	 191.0
43.5	 -5.04676075472	 2.14716981132	 57.3471607547	 186.852830189	52.3004	 189.0
44.0	 -37.2353901887	 2.28679245283	 57.5357901887	 186.713207547	20.3004	 189.0
44.5	 18.3451803774	 -0.57358490566	 57.7244196226	 186.573584906	76.0696	 186.0
45.0	 -5.9458490566	 15.5660377358	 57.9130490566	 186.433962264	51.9672	 202.0
45.5	 -12.5704784906	 5.70566037736	 58.1016784906	 186.294339623	45.5312	 192.0
46.0	 -3.75910792453	 5.84528301887	 58.2903079245	 186.154716981	54.5312	 192.0
46.5	 -12.5889373585	 -11.0150943396	 58.4789373585	 186.01509434	45.89	 175.0
47.0	 -31.8287667925	 -2.87547169811	 58.6675667925	 185.875471698	26.8388	 183.0
47.5	 -26.7353962264	 -7.7358490566	 58.8561962264	 185.735849057	32.1208	 178.0
48.0	 -10.9752256604	 0.403773584906	 59.0448256604	 185.596226415	48.0696	 186.0
48.5	 -17.2150550943	 8.54339622642	 59.2334550943	 185.456603774	42.0184	 194.0
49.0	 -8.0704845283	 -4.31698113208	 59.4220845283	 185.316981132	51.3516	 181.0
49.5	 -27.2591139623	 -4.17735849057	 59.6107139623	 185.177358491	32.3516	 181.0
50.0	 -21.2681433962	 6.96226415094	 59.7993433962	 185.037735849	38.5312	 192.0
50.5	 35.8764271698	 -5.89811320755	 59.9879728302	 184.898113208	95.8644	 179.0
51.0	 -29.3890022642	 6.24150943396	 60.1766022642	 184.758490566	30.7876	 191.0
51.5	 -21.0648316981	 4.38113207547	 60.3652316981	 184.618867925	39.3004	 189.0
52.0	 17.1053388679	 -12.479245283	 60.5538611321	 184.479245283	77.6592	 172.0
52.5	 0.301509433962	 5.66037735849	 60.742490566	 184.339622642	61.044	 190.0
Actin association begins: 9.5
Actin association ends: 35.5
Length of actin association: 26.0
Cofilin association begins: 17.0
Cofilin association ends: 30.5
Length of cofilin association: 13.5
Delay between actin and cofilin association: 7.5
Maximum normalized actin intensity: 960.839157736
Maximum normalized cofilin intensity: 54.8188679245