Time	 Int488	 Int561	 Back488	 Back561	 Raw488	 Raw561
0.0	 34.8124327632	 18.4538688806	 55.9164	 249.0	69.1216	 256.0
0.5	 71.6981913994	 -38.8565731006	 55.5655372152	 248.739240506	82.7624	 234.0
1.0	 25.0353768119	 -17.0790055933	 55.2146744304	 248.478481013	64.7112	 242.0
1.5	 -110.178591226	 41.6062996752	 54.8638116456	 248.217721519	13.0704	 264.0
2.0	 -12.1177299971	 2.74972657462	 54.5129488608	 247.956962025	49.9164	 249.0
2.5	 40.9241272173	 -4.47164273057	 54.1620860759	 247.696202532	69.6856	 246.0
3.0	 -89.8967655202	 -14.3292790187	 53.8112232911	 247.435443038	19.7112	 242.0
3.5	 -28.4726338068	 7.44828848853	 53.4603605063	 247.174683544	42.66	 250.0
4.0	 -51.0041149391	 -34.044551595	 53.1094977215	 246.913924051	33.7624	 234.0
4.5	 -15.3342026355	 -4.3581831389	 52.7586349367	 246.653164557	46.942	 245.0
5.0	 39.802959577	 -30.0334213247	 52.4077721519	 246.392405063	67.506	 235.0
5.5	 -10.1056269199	 -118.979067101	 52.0569093671	 246.13164557	48.2236	 201.0
6.0	 -43.6545950274	 -86.6564316623	 51.7060465823	 245.870886076	35.1468	 213.0
6.5	 81.7844260728	 24.7542132652	 51.3551837975	 245.610126582	82.378	 255.0
7.0	 -61.4743742903	 1.71524206232	 51.0043210127	 245.349367089	27.6856	 246.0
7.5	 16.3747552337	 -71.4128018166	 50.6534582278	 245.088607595	56.8648	 218.0
8.0	 -16.3632971498	 -62.8165692241	 50.302595443	 244.827848101	44.0956	 221.0
8.5	 44.5198725787	 -59.4928705975	 49.9517326582	 244.567088608	66.8392	 222.0
9.0	 -4.10327013725	 -40.3515700732	 49.6008698734	 244.306329114	48.0444	 229.0
9.5	 43.9370613572	 13.0612012294	 49.2500070886	 244.04556962	65.9164	 249.0
10.0	 -7.72833345715	 -7.34150299049	 48.8991443038	 243.784810127	45.9676	 241.0
10.5	 90.8060013219	 -17.1991392786	 48.548281519	 243.524050633	82.9932	 237.0
11.0	 83.348694798	 -45.5106444474	 48.1974187342	 243.263291139	79.8136	 226.0
11.5	 59.4653359568	 -81.730950565	 47.8465559494	 243.002531646	70.4032	 212.0
12.0	 150.835351583	 -1.95550943292	 47.4956931646	 242.741772152	104.7112	 242.0
12.5	 68.8191422474	 -17.085679687	 47.1448303797	 242.481012658	73.2496	 236.0
13.0	 169.989744009	 -26.9433159751	 46.7939675949	 242.220253165	111.2752	 232.0
13.5	 122.650990567	 -2.52948148491	 46.4431048101	 241.959493671	92.9676	 241.0
14.0	 160.687216115	 69.3371586984	 46.0922420253	 241.698734177	107.0448	 268.0
14.5	 263.54713776	 1.48164878535	 45.7413792405	 241.437974684	145.7112	 242.0
15.0	 147.125535283	 110.25602673	 45.3905164557	 241.17721519	101.1988	 283.0
15.5	 227.206001181	 100.398390442	 45.0396536709	 240.916455696	131.2244	 279.0
16.0	 189.194360325	 6.18021069927	 44.6887908861	 240.655696203	116.4548	 243.0
16.5	 228.243966901	 22.6852442406	 44.3379281013	 240.394936709	130.9164	 249.0
17.0	 301.701075631	 120.914554253	 43.9870653165	 240.134177215	158.4296	 286.0
17.5	 289.443654185	 18.787573562	 43.6362025316	 239.873417722	153.4292	 247.0
18.0	 540.81398554	 19.4750052057	 43.2853397468	 239.612658228	248.4292	 247.0
18.5	 352.672212539	 109.79551427	 42.934476962	 239.351898734	176.7116	 281.0
19.0	 398.007734109	 70.938941169	 42.5836141772	 239.091139241	193.5576	 266.0
19.5	 327.07755469	 74.2626397956	 42.2327513924	 238.830379747	166.3012	 267.0
20.0	 524.641676923	 140.856746013	 41.8818886076	 238.569620253	240.8912	 292.0
20.5	 448.236498234	 175.815648435	 41.5310258228	 238.308860759	211.558	 305.0
21.0	 526.086682265	 205.502016891	 41.180163038	 238.048101266	240.7376	 316.0
21.5	 252.97591539	 287.913725006	 40.8293002532	 237.787341772	136.7892	 347.0
22.0	 265.054401716	 296.509957599	 40.4784374684	 237.526582278	141.02	 350.0
22.5	 454.507257696	 394.739267611	 40.1275746835	 237.265822785	212.5332	 387.0
23.0	 475.102995392	 411.244301153	 39.7767118987	 237.005063291	219.9948	 393.0
23.5	 600.0	 401.386664865	 39.4258491139	 236.744303797	267.0204	 389.0
24.0	 474.925114779	 420.527965389	 39.0749863291	 236.483544304	219.2256	 396.0
24.5	 486.125196946	 463.39566876	 38.7241235443	 236.22278481	223.1232	 412.0
25.0	 516.049101734	 464.083100403	 38.3732607595	 235.962025316	234.1232	 412.0
25.5	 348.590424974	 412.045192388	 38.0223979747	 235.701265823	170.2512	 392.0
26.0	 407.378289705	 433.822759895	 37.6715351899	 235.440506329	192.2	 400.0
26.5	 214.569269637	 223.608832903	 37.3206724051	 235.179746835	118.712	 320.0
27.0	 91.5896894134	 224.296264547	 36.9698096203	 234.918987342	71.712	 320.0
27.5	 252.854524305	 298.799171713	 36.6189468354	 234.658227848	132.5328	 348.0
28.0	 114.461218286	 133.401783431	 36.2680840506	 234.397468354	79.686	 285.0
28.5	 110.182195237	 226.358559478	 35.9172212658	 234.136708861	77.712	 320.0
29.0	 25.7311297155	 76.7787730933	 35.566358481	 233.875949367	45.3268	 263.0
29.5	 52.8152477091	 6.28699619731	 35.2154956962	 233.615189873	55.2496	 236.0
30.0	 31.8391640966	 30.7008306875	 34.8646329114	 233.35443038	46.942	 245.0
30.5	 15.4586210889	 -45.0634801744	 34.5137701266	 233.093670886	40.3776	 216.0
31.0	 -20.9290793058	 18.8943590601	 34.1629073418	 232.832911392	26.224	 240.0
31.5	 38.1297936705	 101.306067175	 33.812044557	 232.572151899	48.2756	 271.0
32.0	 -67.3428647726	 43.9956251939	 33.4611817722	 232.311392405	7.9164	 249.0
32.5	 -7.74302981132	 144.86120219	 33.1103189873	 232.050632911	30.1732	 287.0
33.0	 1.29320441696	 113.913430038	 32.7594562025	 231.789873418	33.25	 275.0
33.5	 22.1588958511	 88.2381918521	 32.4085934177	 231.529113924	40.814	 265.0
34.0	 -2.6028671488	 86.2893565128	 32.0577306329	 231.26835443	31.0704	 264.0
34.5	 60.1056538387	 113.339457986	 31.7068678481	 231.007594937	54.5064	 274.0
35.0	 69.6153616171	 111.390622647	 31.3560050633	 230.746835443	57.7628	 273.0
35.5	 22.8165156534	 51.4439136825	 31.0051422785	 230.486075949	39.66	 250.0
36.0	 23.7414836285	 52.1313453261	 30.6542794937	 230.225316456	39.66	 250.0
36.5	 -29.4107657642	 58.0913109357	 30.3034167089	 229.964556962	19.1472	 252.0
37.0	 -57.1472924277	 6.05340292034	 29.9525539241	 229.703797468	8.2752	 232.0
37.5	 -28.9137620296	 -38.0757041461	 29.6016911392	 229.443037975	18.634	 215.0
38.0	 -7.03363506036	 -16.2981366389	 29.2508283544	 229.182278481	26.5828	 223.0
38.5	 54.3904966531	 5.47943086836	 28.8999655696	 228.921518987	49.5316	 231.0
39.0	 24.8296732374	 32.5295323415	 28.5491027848	 228.660759494	37.9676	 241.0
Actin association begins: 10.5
Actin association ends: 30.5
Length of actin association: 20.0
Area under actin curve during patch life: 10860.81031
Cofilin association begins: 14.0
Cofilin association ends: 30.0
Length of cofilin association: 16.0
Delay between actin and cofilin association: 3.5
Area under cofilin curve during patch life: 6452.58713431
Cofilin intensity score: 114.642981886