Time	 Int488	 Int561	 Back488	 Back561	 Raw488	 Raw561
0.0	 -6.08688	 29.2	 88.67128	 349.8	82.5844	 379.0
0.5	 -4.51129308176	 -2.01886792453	 88.3004930818	 349.018867925	83.7892	 347.0
1.0	 34.8850938365	 -5.23773584906	 87.9297061635	 348.237735849	122.8148	 343.0
1.5	 -26.1545192453	 -18.4566037736	 87.5589192453	 347.456603774	61.4044	 329.0
2.0	 5.57546767296	 4.32452830189	 87.188132327	 346.675471698	92.7636	 351.0
2.5	 28.8438545912	 21.1056603774	 86.8173454088	 345.894339623	115.6612	 367.0
3.0	 15.0098415094	 53.8867924528	 86.4465584906	 345.113207547	101.4564	 399.0
3.5	 13.4314284277	 7.6679245283	 86.0757715723	 344.332075472	99.5072	 352.0
4.0	 15.8790153459	 -3.55094339623	 85.7049846541	 343.550943396	101.584	 340.0
4.5	 7.53260226415	 70.2301886792	 85.3341977358	 342.769811321	92.8668	 413.0
5.0	 -20.9174108176	 43.0113207547	 84.9634108176	 341.988679245	64.046	 385.0
5.5	 7.70937610063	 3.79245283019	 84.5926238994	 341.20754717	92.302	 345.0
6.0	 10.0545630189	 8.57358490566	 84.2218369811	 340.426415094	94.2764	 349.0
6.5	 -26.7026500629	 29.3547169811	 83.8510500629	 339.645283019	57.1484	 369.0
7.0	 15.1553368553	 32.1358490566	 83.4802631447	 338.864150943	98.6356	 371.0
7.5	 -15.1914762264	 66.9169811321	 83.1094762264	 338.083018868	67.918	 405.0
8.0	 27.7685106918	 14.6981132075	 82.7386893082	 337.301886792	110.5072	 352.0
8.5	 32.2676976101	 34.479245283	 82.3679023899	 336.520754717	114.6356	 371.0
9.0	 22.8948845283	 34.2603773585	 81.9971154717	 335.739622642	104.892	 370.0
9.5	 20.9572714465	 -33.958490566	 81.6263285535	 334.958490566	102.5836	 301.0
10.0	 -17.4919416352	 16.8226415094	 81.2555416352	 334.177358491	63.7636	 351.0
10.5	 6.31484528302	 27.6037735849	 80.884754717	 333.396226415	87.1996	 361.0
11.0	 45.1728322013	 30.3849056604	 80.5139677987	 332.61509434	125.6868	 363.0
11.5	 30.6976191195	 46.1660377358	 80.1431808805	 331.833962264	110.8408	 378.0
12.0	 28.5556060377	 48.9471698113	 79.7723939623	 331.052830189	108.328	 380.0
12.5	 -18.945207044	 68.7283018868	 79.401607044	 330.271698113	60.4564	 399.0
13.0	 10.2199798742	 23.5094339623	 79.0308201258	 329.490566038	89.2508	 353.0
13.5	 38.5139667925	 36.2905660377	 78.6600332075	 328.709433962	117.174	 365.0
14.0	 50.1155537107	 40.0716981132	 78.2892462893	 327.928301887	128.4048	 368.0
14.5	 42.5123406289	 75.8528301887	 77.9184593711	 327.147169811	120.4308	 403.0
15.0	 42.6263275472	 38.6339622642	 77.5476724528	 326.366037736	120.174	 365.0
15.5	 17.9459144654	 47.4150943396	 77.1768855346	 325.58490566	95.1228	 373.0
16.0	 57.1631013836	 72.1962264151	 76.8060986164	 324.803773585	133.9692	 397.0
16.5	 48.4822883019	 41.9773584906	 76.4353116981	 324.022641509	124.9176	 366.0
17.0	 57.4170752201	 32.758490566	 76.0645247799	 323.241509434	133.4816	 356.0
17.5	 50.5314621384	 34.5396226415	 75.6937378616	 322.460377358	126.2252	 357.0
18.0	 31.0050490566	 58.320754717	 75.3229509434	 321.679245283	106.328	 380.0
18.5	 40.5042359748	 78.1018867925	 74.9521640252	 320.898113208	115.4564	 399.0
19.0	 42.4134228931	 72.8830188679	 74.5813771069	 320.116981132	116.9948	 393.0
19.5	 59.1430098113	 56.6641509434	 74.2105901887	 319.335849057	133.3536	 376.0
20.0	 52.0521967296	 51.4452830189	 73.8398032704	 318.554716981	125.892	 370.0
20.5	 69.3205836478	 68.2264150943	 73.4690163522	 317.773584906	142.7896	 386.0
21.0	 70.281370566	 94.0075471698	 73.098229434	 316.99245283	143.3796	 411.0
21.5	 95.3441574843	 64.7886792453	 72.7274425157	 316.211320755	168.0716	 381.0
22.0	 59.9713444025	 64.5698113208	 72.3566555975	 315.430188679	132.328	 380.0
22.5	 80.0865313208	 144.350943396	 71.9858686792	 314.649056604	152.0724	 459.0
23.0	 123.354118239	 83.1320754717	 71.615081761	 313.867924528	194.9692	 397.0
23.5	 137.468505157	 84.9132075472	 71.2442948428	 313.086792453	208.7128	 398.0
24.0	 104.378092075	 118.694339623	 70.8735079245	 312.305660377	175.2516	 431.0
24.5	 106.287278994	 113.475471698	 70.5027210063	 311.524528302	176.79	 425.0
25.0	 130.145665912	 155.256603774	 70.1319340881	 310.743396226	200.2776	 466.0
25.5	 129.56725283	 109.037735849	 69.7611471698	 309.962264151	199.3284	 419.0
26.0	 73.2460397484	 139.818867925	 69.3903602516	 309.181132075	142.6364	 449.0
26.5	 228.796426667	 151.6	 69.0195733333	 308.4	297.816	 460.0
27.0	 163.397613585	 116.381132075	 68.6487864151	 307.618867925	232.0464	 424.0
27.5	 229.178800503	 131.162264151	 68.2779994969	 306.837735849	297.4568	 438.0
28.0	 188.806387421	 169.943396226	 67.9072125786	 306.056603774	256.7136	 476.0
28.5	 251.04997434	 268.724528302	 67.5364256604	 305.275471698	318.5864	 574.0
29.0	 297.189161258	 188.505660377	 67.1656387421	 304.494339623	364.3548	 493.0
29.5	 341.533548176	 115.286792453	 66.7948518239	 303.713207547	408.3284	 419.0
30.0	 242.291135094	 329.067924528	 66.4240649057	 302.932075472	308.7152	 632.0
30.5	 323.430722013	 287.849056604	 66.0532779874	 302.150943396	389.484	 590.0
31.0	 355.493108931	 219.630188679	 65.6824910692	 301.369811321	421.1756	 521.0
31.5	 377.736695849	 318.411320755	 65.3117041509	 300.588679245	443.0484	 619.0
32.0	 342.337882767	 283.19245283	 64.9409172327	 299.80754717	407.2788	 583.0
32.5	 320.221869686	 320.973584906	 64.5701303145	 299.026415094	384.792	 620.0
33.0	 248.643856604	 313.754716981	 64.1993433962	 298.245283019	312.8432	 612.0
33.5	 454.425443522	 367.535849057	 63.828556478	 297.464150943	518.254	 665.0
34.0	 293.07743044	 285.316981132	 63.4577695597	 296.683018868	356.5352	 582.0
34.5	 336.115817358	 377.098113208	 63.0869826415	 295.901886792	399.2028	 673.0
35.0	 287.948204277	 383.879245283	 62.7161957233	 295.120754717	350.6644	 679.0
35.5	 369.448191195	 481.660377358	 62.345408805	 294.339622642	431.7936	 776.0
36.0	 400.024178113	 489.441509434	 61.9746218868	 293.558490566	461.9988	 783.0
36.5	 315.856965031	 535.222641509	 61.6038349686	 292.777358491	377.4608	 828.0
37.0	 252.30415195	 485.003773585	 61.2330480503	 291.996226415	313.5372	 777.0
37.5	 219.264138868	 432.78490566	 60.8622611321	 291.21509434	280.1264	 724.0
38.0	 291.302925786	 563.566037736	 60.4914742138	 290.433962264	351.7944	 854.0
38.5	 203.750112704	 513.347169811	 60.1206872956	 289.652830189	263.8708	 803.0
39.0	 210.403299623	 548.128301887	 59.7499003774	 288.871698113	270.1532	 837.0
39.5	 152.646086541	 568.909433962	 59.3791134591	 288.090566038	212.0252	 857.0
40.0	 137.683673459	 582.690566038	 59.0083265409	 287.309433962	196.692	 870.0
40.5	 76.9252603774	 486.471698113	 58.6375396226	 286.528301887	135.5628	 773.0
41.0	 75.8616472956	 633.252830189	 58.2667527044	 285.747169811	134.1284	 919.0
41.5	 73.6932342138	 562.033962264	 57.8959657862	 284.966037736	131.5892	 847.0
42.0	 86.3704211321	 436.81509434	 57.5251788679	 284.18490566	143.8956	 721.0
42.5	 44.4596080503	 481.596226415	 57.1543919497	 283.403773585	101.614	 765.0
43.0	 94.9831949686	 380.377358491	 56.7836050314	 282.622641509	151.7668	 663.0
43.5	 0.841981886792	 461.158490566	 56.4128181132	 281.841509434	57.2548	 743.0
44.0	 57.083968805	 403.939622642	 56.042031195	 281.060377358	113.126	 685.0
44.5	 26.6603557233	 450.720754717	 55.6712442767	 280.279245283	82.3316	 731.0
45.0	 -6.12285735849	 436.501886792	 55.3004573585	 279.498113208	49.1776	 716.0
45.5	 -12.2408704403	 279.283018868	 54.9296704403	 278.716981132	42.6888	 558.0
46.0	 -5.63928352201	 283.064150943	 54.558883522	 277.935849057	48.9196	 561.0
46.5	 -10.0628966038	 329.845283019	 54.1880966038	 277.154716981	44.1252	 607.0
47.0	 7.33309031447	 287.626415094	 53.8173096855	 276.373584906	61.1504	 564.0
47.5	 28.6006772327	 226.40754717	 53.4465227673	 275.59245283	82.0472	 502.0
48.0	 -26.9509358491	 293.188679245	 53.0757358491	 274.811320755	26.1248	 568.0
48.5	 -16.2985489308	 249.969811321	 52.7049489308	 274.030188679	36.4064	 524.0
49.0	 -31.7741620126	 226.750943396	 52.3341620126	 273.249056604	20.56	 500.0
49.5	 19.9042249057	 218.532075472	 51.9633750943	 272.467924528	71.8676	 491.0
50.0	 27.6090118239	 284.313207547	 51.5925881761	 271.686792453	79.2016	 556.0
50.5	 -23.2762012579	 325.094339623	 51.2218012579	 270.905660377	27.9456	 596.0
51.0	 -60.2638143396	 381.875471698	 50.8510143396	 270.124528302	-9.4128	 652.0
51.5	 -37.8414274214	 413.656603774	 50.4802274214	 269.343396226	12.6388	 683.0
52.0	 -35.6510405031	 325.437735849	 50.1094405031	 268.562264151	14.4584	 594.0
52.5	 -29.9210535849	 348.218867925	 49.7386535849	 267.781132075	19.8176	 616.0
53.0	 -24.6786666667	 330.0	 49.3678666667	 267.0	24.6892	 597.0
53.5	 -12.2058797484	 275.781132075	 48.9970797484	 266.218867925	36.7912	 542.0
54.0	 -4.06669283019	 195.562264151	 48.6262928302	 265.437735849	44.5596	 461.0
54.5	 13.3044940881	 235.343396226	 48.2555059119	 264.656603774	61.56	 500.0
55.0	 -67.9647189937	 336.124528302	 47.8847189937	 263.875471698	-20.08	 600.0
55.5	 11.5832679245	 113.905660377	 47.5139320755	 263.094339623	59.0972	 377.0
56.0	 4.54365484277	 100.686792453	 47.1431451572	 262.313207547	51.6868	 363.0
56.5	 1.86404176101	 187.467924528	 46.772358239	 261.532075472	48.6364	 449.0
57.0	 -5.97037132075	 181.249056604	 46.4015713208	 260.750943396	40.4312	 442.0
57.5	 6.47681559748	 131.030188679	 46.0307844025	 259.969811321	52.5076	 391.0
58.0	 -8.99919748428	 68.8113207547	 45.6599974843	 259.188679245	36.6608	 328.0
58.5	 18.320389434	 77.5924528302	 45.289210566	 258.40754717	63.6096	 336.0
59.0	 -54.5388236478	 153.373584906	 44.9184236478	 257.626415094	-9.6204	 411.0
59.5	 48.1899632704	 59.1547169811	 44.5476367296	 256.845283019	92.7376	 316.0
60.0	 28.3559501887	 91.9358490566	 44.1768498113	 256.064150943	72.5328	 348.0
60.5	 -37.9908628931	 126.716981132	 43.8060628931	 255.283018868	5.8152	 382.0
61.0	 10.9687240252	 35.4981132075	 43.4352759748	 254.501886792	54.404	 290.0
61.5	 -9.6348890566	 32.279245283	 43.0644890566	 253.720754717	33.4296	 286.0
62.0	 -49.8277021384	 82.0603773585	 42.6937021384	 252.939622642	-7.134	 335.0
62.5	 -6.48291522013	 47.841509434	 42.3229152201	 252.158490566	35.84	 300.0
63.0	 4.55467169811	 61.6226415094	 41.9521283019	 251.377358491	46.5068	 313.0
63.5	 -12.2797413836	 55.4037735849	 41.5813413836	 250.596226415	29.3016	 306.0
64.0	 -4.03695446541	 76.1849056604	 41.2105544654	 249.81509434	37.1736	 326.0
64.5	 2.61543245283	 32.9660377358	 40.8397675472	 249.033962264	43.4552	 282.0
65.0	 17.1398193711	 9.74716981132	 40.4689806289	 248.252830189	57.6088	 258.0
65.5	 28.0234062893	 8.52830188679	 40.0981937107	 247.471698113	68.1216	 256.0
66.0	 -0.170206792453	 -19.6905660377	 39.7274067925	 246.690566038	39.5572	 227.0
66.5	 -19.4402198742	 3.09056603774	 39.3566198742	 245.909433962	19.9164	 249.0
67.0	 -6.47983295597	 -10.1283018868	 38.985832956	 245.128301887	32.506	 235.0
67.5	 -4.85264603774	 -10.3471698113	 38.6150460377	 244.347169811	33.7624	 234.0
68.0	 -41.8662591195	 11.4339622642	 38.2442591195	 243.566037736	-3.622	 255.0
68.5	 -18.4698722013	 8.21509433962	 37.8734722013	 242.78490566	19.4036	 251.0
69.0	 -4.56068528302	 2.99622641509	 37.502685283	 242.003773585	32.942	 245.0
69.5	 12.8869016352	 -8.22264150943	 37.1318983648	 241.222641509	50.0188	 233.0
70.0	 5.10368855346	 -22.441509434	 36.7611114465	 240.441509434	41.8648	 218.0
70.5	 -8.2947245283	 -18.6603773585	 36.3903245283	 239.660377358	28.0956	 221.0
71.0	 -16.7955376101	 1.12075471698	 36.0195376101	 238.879245283	19.224	 240.0
71.5	 -6.34795069182	 -10.0981132075	 35.6487506918	 238.098113208	29.3008	 228.0
72.0	 -4.89996377358	 17.6830188679	 35.2779637736	 237.316981132	30.378	 255.0
72.5	 6.11162314465	 -3.5358490566	 34.9071768553	 236.535849057	41.0188	 233.0
73.0	 -18.1839899371	 23.2452830189	 34.5363899371	 235.754716981	16.3524	 259.0
73.5	 -15.6084030189	 -7.97358490566	 34.1656030189	 234.973584906	18.5572	 227.0
74.0	 3.06998389937	 -16.1924528302	 33.7948161006	 234.19245283	36.8648	 218.0
74.5	 2.15877081761	 -10.4113207547	 33.4240291824	 233.411320755	35.5828	 223.0
75.0	 -12.9828422642	 31.3698113208	 33.0532422642	 232.630188679	20.0704	 264.0
75.5	 17.4387446541	 -14.8490566038	 32.6824553459	 231.849056604	50.1212	 217.0
76.0	 -8.01086842767	 -3.0679245283	 32.3116684277	 231.067924528	24.3008	 228.0
76.5	 12.5907184906	 0.71320754717	 31.9408815094	 230.286792453	44.5316	 231.0
77.0	 -7.11529459119	 13.4943396226	 31.5700945912	 229.505660377	24.4548	 243.0
77.5	 -16.411307673	 1.27547169811	 31.199307673	 228.724528302	14.788	 230.0
78.0	 0.805479245283	 -12.9433962264	 30.8285207547	 227.943396226	31.634	 215.0
78.5	 20.4582661635	 -17.1622641509	 30.4577338365	 227.162264151	50.916	 210.0
79.0	 -3.29894691824	 3.61886792453	 30.0869469182	 226.381132075	26.788	 230.0
Actin association begins: 13.0
Actin association ends: 44.5
Length of actin association: 31.5
Cofilin association begins: 10.0
Cofilin association ends: 65.5
Length of cofilin association: 55.5
Delay between actin and cofilin association: -3.0
Maximum normalized actin intensity: 454.425443522
Maximum normalized cofilin intensity: 633.252830189