Time	 Int488	 Int561	 Back488	 Back561	 Raw488	 Raw561
0.0	 29.2190727417	 -3.74030196843	 53.39328	 244.8	67.4548	 243.0
0.5	 7.57377657014	 8.59902756468	 53.2715611765	 244.861764706	56.9164	 249.0
1.0	 -37.5689277453	 -41.4000090427	 53.1498423529	 244.923529412	35.07	 225.0
1.5	 33.3349768117	 39.5115232449	 53.0281235294	 244.985294118	69.0704	 264.0
2.0	 -30.0296475158	 -4.25367674841	 52.9064047059	 245.047058824	38.4548	 243.0
2.5	 -9.31727066221	 -35.5512035137	 52.7846858824	 245.108823529	48.3008	 228.0
3.0	 84.4972302188	 37.0485466219	 52.6629670588	 245.170588235	93.3268	 263.0
3.5	 209.85328201	 51.4658216931	 52.5412482353	 245.232352941	153.532	 270.0
4.0	 209.83939889	 11.8565127757	 52.4195294118	 245.294117647	153.4036	 251.0
4.5	 167.095474903	 74.0665352213	 52.2978105882	 245.355882353	132.7116	 281.0
5.0	 226.010464884	 80.1720281403	 52.1760917647	 245.417647059	160.9424	 284.0
5.5	 317.319794625	 57.1862835271	 52.0543729412	 245.479411765	204.7628	 273.0
6.0	 229.606635661	 84.0712318264	 51.9326541176	 245.541176471	162.4296	 286.0
6.5	 444.420736399	 81.8649425934	 51.8109352941	 245.602941176	265.686	 285.0
7.0	 431.087222379	 94.2042721265	 51.6892164706	 245.664705882	259.1476	 291.0
7.5	 461.763763677	 129.401002578	 51.5674976471	 245.726470588	273.7888	 308.0
8.0	 447.471069997	 129.272658883	 51.4457788235	 245.788235294	266.7888	 308.0
8.5	 600.0	 118.754587498	 51.32406	 245.85	340.0708	 303.0
9.0	 370.773762828	 178.886664405	 51.2023411765	 245.911764706	229.6352	 332.0
9.5	 399.051523796	 101.874335804	 51.0806223529	 245.973529412	243.122	 295.0
10.0	 385.718009777	 114.213665337	 50.9589035294	 246.035294118	236.5836	 301.0
10.5	 477.667346743	 153.566286864	 50.8371847059	 246.097058824	280.712	 320.0
11.0	 343.119788887	 111.879032409	 50.7154658824	 246.158823529	215.84	 300.0
11.5	 273.629381113	 213.570020076	 50.5937470588	 246.220588235	182.2764	 349.0
12.0	 270.418786577	 186.428384387	 50.4720282353	 246.282352941	180.6096	 336.0
12.5	 303.120078007	 229.936896991	 50.3503094118	 246.344117647	196.2252	 357.0
13.0	 221.001579609	 275.523355132	 50.2285905882	 246.405882353	156.5844	 379.0
13.5	 313.910096236	 327.343649887	 50.1068717647	 246.467647059	201.1744	 404.0
14.0	 272.550083978	 254.487212362	 49.9851529412	 246.529411765	181.1484	 369.0
14.5	 163.524684398	 283.450106199	 49.8634341176	 246.591176471	128.5588	 383.0
15.0	 182.371897337	 218.905450826	 49.7417152941	 246.652941176	137.5072	 352.0
15.5	 112.66870794	 353.843567102	 49.6199964706	 246.714705882	103.8412	 417.0
16.0	 84.788743976	 285.143020652	 49.4982776471	 246.776470588	90.3024	 384.0
16.5	 45.4543130284	 301.638241261	 49.3765588235	 246.838235294	71.2512	 392.0
17.0	 81.0855076667	 293.198115414	 49.25484	 246.9	88.2768	 388.0
17.5	 117.142265551	 218.263732351	 49.1331211765	 246.961764706	105.5072	 352.0
18.0	 -21.9327200431	 315.798828942	 49.0114023529	 247.023529412	38.4564	 399.0
18.5	 109.975509619	 199.305535118	 48.8896835294	 247.085294118	101.8148	 343.0
19.0	 14.4850160957	 386.192289845	 48.7679647059	 247.147058824	55.7388	 433.0
19.5	 117.782429234	 356.972708618	 48.6462458824	 247.208823529	105.3284	 419.0
20.0	 14.6700314771	 273.726543402	 48.5245270588	 247.270588235	55.5844	 379.0
20.5	 11.7786093752	 196.7142148	 48.4028082353	 247.332352941	54.0712	 342.0
21.0	 -53.9291063409	 275.54780155	 48.2810894118	 247.394117647	22.328	 380.0
21.5	 -42.7004729229	 265.029730165	 48.1593705882	 247.455882353	27.61	 375.0
22.0	 -45.6450904305	 196.329183715	 48.0376517647	 247.517647059	26.0712	 342.0
22.5	 -48.58887676	 208.668513249	 47.9159329412	 247.579411765	24.5328	 348.0
23.0	 -35.6554968225	 175.293040945	 47.7942141176	 247.641176471	30.6352	 332.0
23.5	 -88.1499724515	 218.801553549	 47.6724952941	 247.702941176	5.2508	 353.0
24.0	 1.88017401563	 152.178952637	 47.5507764706	 247.764705882	48.4556	 321.0
24.5	 -59.6184552187	 222.700757235	 47.4290576471	 247.826470588	18.738	 355.0
25.0	 -33.3662755608	 56.3367704984	 47.3073388235	 247.888235294	31.25	 275.0
25.5	 -57.2491034877	 93.6114464877	 47.18562	 247.95	19.6348	 293.0
26.0	 -23.2162645572	 91.4051572547	 47.0639011765	 248.011764706	35.8912	 292.0
26.5	 -81.4109603861	 213.875600303	 46.9421823529	 248.073529412	7.7636	 351.0
27.0	 14.3194062809	 68.2910689465	 46.8204635294	 248.135294118	53.7116	 281.0
27.5	 22.2973016993	 -2.4874230411	 46.6987447059	 248.197058824	57.4292	 247.0
28.0	 6.99223295331	 -6.77165781213	 46.5770258824	 248.258823529	49.942	 245.0
28.5	 -32.928178636	 20.1132904871	 46.4553070588	 248.320588235	30.6088	 258.0
29.0	 -15.9984938399	 11.67316464	 46.3335882353	 248.382352941	38.6344	 254.0
29.5	 25.972928224	 -13.3905255112	 46.2118694118	 248.444117647	58.7112	 242.0
30.0	 -15.9722334976	 5.182640636	 46.0901505882	 248.505882353	38.4036	 251.0
30.5	 43.6351279366	 -15.7251584392	 45.9684317647	 248.567647059	66.9676	 241.0
31.0	 -56.3329226322	 -22.0873387482	 45.8467129412	 248.629411765	18.7368	 238.0
31.5	 -9.19323442609	 -42.9951378234	 45.7249941176	 248.691176471	41.3008	 228.0
32.0	 26.2792051731	 54.5399587684	 45.6032752941	 248.752941176	58.25	 275.0
32.5	 -47.9015412688	 -3.77085999105	 45.4815564706	 248.814705882	22.4292	 247.0
33.0	 32.378884734	 -8.05509476208	 45.3598376471	 248.876470588	60.942	 245.0
33.5	 -5.35719050583	 2.20628923301	 45.2381188235	 248.938235294	42.66	 250.0
Actin association begins: 3.0
Actin association ends: 17.5
Length of actin association: 14.5
Area under actin curve during patch life: 8246.96163109
Cofilin association begins: 3.0
Cofilin association ends: 27.0
Length of cofilin association: 24.0
Delay between actin and cofilin association: 0.0
Area under cofilin curve during patch life: 9018.2958582
Cofilin intensity score: 113.674721964