Time	 Int488	 Int561	 Back488	 Back561	 Raw488	 Raw561
0.0	 -21.3131413486	 42.0875619048	 2.48528	 214.8	-3.1864	 226.0
0.5	 28.1141545071	 -17.0867532948	 2.43448963855	 214.546987952	9.916	 210.0
1.0	 -8.59826071158	 25.2000182404	 2.38369927711	 214.293975904	0.0956	 221.0
1.5	 9.61058610117	 -0.153934714368	 2.33290891566	 214.040963855	4.8904	 214.0
2.0	 -5.90472918954	 -40.539159778	 2.28211855422	 213.787951807	0.7108	 203.0
2.5	 -23.6356539891	 -28.3149324605	 2.23132819277	 213.534939759	-4.0584	 206.0
3.0	 37.2589993584	 29.0031111836	 2.18053783133	 213.281927711	12.0956	 221.0
3.5	 21.6474839262	 3.64915822884	 2.12974746988	 213.028915663	7.8904	 214.0
4.0	 2.56675089129	 -66.7986110525	 2.07895710843	 212.775903614	2.762	 195.0
4.5	 106.049507505	 -58.3322017623	 2.02816674699	 212.522891566	30.2492	 197.0
5.0	 -33.1836991323	 2.74365990903	 1.97737638554	 212.269879518	-6.8532	 213.0
5.5	 -1.38958858756	 -90.2510175356	 1.9265860241	 212.01686747	1.5568	 188.0
6.0	 56.8069514164	 -51.7220640276	 1.87579566265	 211.763855422	16.9928	 198.0
6.5	 48.5186717557	 -47.0134727646	 1.8250053012	 211.510843373	14.7364	 199.0
7.0	 1.49630699754	 -8.48451925664	 1.77421493976	 211.257831325	2.1724	 209.0
7.5	 -35.9872124803	 7.49752608804	 1.72342457831	 211.004819277	-7.8532	 213.0
8.0	 -27.6073144995	 -96.7706054383	 1.67263421687	 210.751807229	-5.674	 185.0
8.5	 17.9689694419	 152.196157594	 1.62184385542	 210.498795181	6.4036	 251.0
9.0	 13.3423076668	 171.936020966	 1.57105349398	 210.245783133	5.1216	 256.0
9.5	 127.133510693	 37.6053452218	 1.52026313253	 209.992771084	35.352	 220.0
10.0	 -3.62055534791	 94.9233888659	 1.46947277108	 209.739759036	0.506	 235.0
10.5	 116.820482459	 95.8741621017	 1.41868240964	 209.486746988	32.506	 235.0
11.0	 57.1748553838	 51.7311190108	 1.36789204819	 209.23373494	16.5828	 223.0
11.5	 106.409750956	 22.6193480289	 1.31710168675	 208.980722892	29.634	 215.0
12.0	 101.396785488	 -44.0706032252	 1.2663113253	 208.727710843	28.2492	 197.0
12.5	 154.102401791	 118.466345181	 1.21552096386	 208.474698795	42.224	 240.0
13.0	 -1.22328476615	 51.7763939268	 1.16473060241	 208.221686747	0.8392	 222.0
13.5	 87.9016007291	 -44.976101545	 1.11394024096	 207.968674699	24.5056	 196.0
14.0	 192.347861885	 -40.267510282	 1.06314987952	 207.715662651	52.2492	 197.0
14.5	 117.286162135	 -24.2854649373	 1.01235951807	 207.462650602	32.2236	 201.0
15.0	 -10.4811901377	 6.7278525162	 0.961569156626	 207.209638554	-1.8276	 209.0
15.5	 67.564144686	 26.4677158881	 0.910778795181	 206.956626506	18.8904	 214.0
16.0	 106.296690436	 23.6606710967	 0.859988433735	 206.703614458	29.1468	 213.0
16.5	 138.477104674	 17.095808278	 0.809198072289	 206.45060241	37.6596	 211.0
17.0	 229.047998546	 -12.0159627039	 0.758407710843	 206.197590361	61.7108	 203.0
17.5	 281.174910873	 94.153715294	 0.707617349398	 205.944578313	75.5316	 231.0
18.0	 340.044851867	 27.4637640399	 0.656826987952	 205.691566265	91.1468	 213.0
18.5	 343.995033957	 174.969440337	 0.606036626506	 205.438554217	92.1472	 252.0
19.0	 350.351722712	 93.2482169742	 0.55524626506	 205.185542169	93.788	 230.0
19.5	 508.467140933	 79.1677181011	 0.504455903614	 204.93253012	135.8136	 226.0
20.0	 447.665609033	 68.8450372553	 0.453665542169	 204.679518072	119.5828	 223.0
20.5	 600.0	 77.3114465455	 0.402875180723	 204.426506024	160.07	 225.0
21.0	 525.324603943	 179.723306516	 0.352084819277	 204.173493976	140.1472	 252.0
21.5	 587.856162823	 128.064627371	 0.301294457831	 203.920481928	156.7368	 238.0
22.0	 429.351362215	 117.741946525	 0.250504096386	 203.66746988	114.506	 235.0
22.5	 491.690520813	 96.1458115976	 0.19971373494	 203.414457831	131.0444	 229.0
23.0	 521.943925966	 97.0965848334	 0.148923373494	 203.161445783	139.0444	 229.0
23.5	 486.292718558	 267.149169294	 0.0981330120482	 202.908433735	129.5064	 274.0
24.0	 584.186848202	 268.09994253	 0.0473426506024	 202.655421687	155.5064	 274.0
24.5	 316.319021111	 171.347447058	 -0.00344771084339	 202.402409639	84.1728	 248.0
25.0	 324.508021936	 243.696762811	 -0.0542380722892	 202.14939759	86.3012	 267.0
25.5	 471.253785934	 244.647536047	 -0.105028433735	 201.896385542	125.3012	 267.0
26.0	 489.560336015	 350.817214045	 -0.155818795181	 201.643373494	130.122	 295.0
26.5	 489.557293541	 235.275628437	 -0.206609156627	 201.390361446	130.0704	 264.0
27.0	 535.228274497	 322.656216298	 -0.257399518072	 201.137349398	142.1732	 287.0
27.5	 337.796988508	 376.216441915	 -0.308189879518	 200.884337349	89.5836	 301.0
28.0	 332.495422615	 354.620306988	 -0.358980240964	 200.631325301	88.122	 295.0
28.5	 216.097724566	 370.602352333	 -0.40977060241	 200.378313253	57.0964	 299.0
29.0	 229.873849234	 303.912401078	 -0.460560963855	 200.125301205	60.7116	 281.0
29.5	 328.250482712	 376.261716831	 -0.511351325301	 199.872289157	86.84	 300.0
30.0	 258.197202829	 196.837224761	 -0.562141686747	 199.619277108	68.1472	 252.0
30.5	 176.968172132	 148.936363643	 -0.612932048193	 199.36626506	46.4804	 239.0
31.0	 143.915871672	 59.6995042252	 -0.663722409639	 199.113253012	37.634	 215.0
31.5	 120.307719478	 109.501911815	 -0.714512771084	 198.860240964	31.3008	 228.0
32.0	 101.517089995	 140.515229268	 -0.76530313253	 198.607228916	26.2496	 236.0
32.5	 38.4037484443	 197.833272912	 -0.816093493976	 198.354216867	9.4036	 251.0
33.0	 53.0471775128	 142.41677574	 -0.866883855422	 198.101204819	13.2496	 236.0
33.5	 56.7057529242	 41.9064622409	 -0.917674216867	 197.848192771	14.1724	 209.0
34.0	 25.5819646756	 91.7088698305	 -0.968464578313	 197.595180723	5.8392	 222.0
34.5	 46.6813251149	 55.0814627941	 -1.01925493976	 197.342168675	11.4032	 212.0
35.0	 -0.148639360194	 63.5478720844	 -1.0700453012	 197.089156627	-1.1096	 214.0
35.5	 29.4298616757	 23.1626470208	 -1.12083566265	 196.836144578	6.7108	 203.0
36.0	 -14.3171888899	 -9.70694198838	 -1.1716260241	 196.58313253	-4.9816	 194.0
36.5	 -31.2770094303	 28.8220115196	 -1.22241638554	 196.330120482	-9.5456	 204.0
37.0	 -9.88754543926	 93.6556912181	 -1.27320674699	 196.077108434	-3.9044	 221.0
37.5	 -9.11948365443	 4.41883180068	 -1.32399710843	 195.824096386	-3.7508	 197.0
38.0	 61.1216146904	 69.2525114992	 -1.37478746988	 195.571084337	14.8904	 214.0
38.5	 -13.7476847766	 55.1720126261	 -1.42557783133	 195.318072289	-5.084	 210.0
39.0	 32.5966971695	 37.3336957258	 -1.47636819277	 195.065060241	7.198	 205.0
39.5	 -37.3588794451	 -10.5671653922	 -1.52715855422	 194.812048193	-11.4688	 192.0
40.0	 -14.5249102044	 -24.6476642653	 -1.57794891566	 194.559036145	-5.4432	 188.0
40.5	 12.6455810396	 17.6391072699	 -1.62873927711	 194.306024096	1.7364	 199.0
41.0	 3.77859740266	 -34.0195718753	 -1.67952963855	 194.053012048	-0.674	 185.0
Actin association begins: 15.5
Actin association ends: 34.5
Length of actin association: 19.0
Area under actin curve during patch life: 12131.9985757
Cofilin association begins: 17.5
Cofilin association ends: 35.5
Length of cofilin association: 18.0
Delay between actin and cofilin association: 2.0
Area under cofilin curve during patch life: 6390.38234739
Cofilin intensity score: 152.145227698