Time	 Int488	 Int561	 Back488	 Back561	 Raw488	 Raw561
0.0	 14.78448	 -13.2	 111.13152	 223.2	125.916	 210.0
0.5	 -9.8688747541	 -2.1737704918	 109.964474754	 223.173770492	100.0956	 221.0
1.0	 18.3237704918	 -6.14754098361	 108.797429508	 223.147540984	127.1212	 217.0
1.5	 20.5424157377	 24.8786885246	 107.630384262	 223.121311475	128.1728	 248.0
2.0	 -32.1113390164	 -3.09508196721	 106.463339016	 223.095081967	74.352	 220.0
2.5	 -8.09829377049	 -18.068852459	 105.29629377	 223.068852459	97.198	 205.0
3.0	 10.9151514754	 5.95737704918	 104.129248525	 223.042622951	115.0444	 229.0
3.5	 2.90259672131	 -5.01639344262	 102.962203279	 223.016393443	105.8648	 218.0
4.0	 -18.2123580328	 0.00983606557378	 101.795158033	 222.990163934	83.5828	 223.0
4.5	 -23.3273127869	 5.03606557377	 100.628112787	 222.963934426	77.3008	 228.0
5.0	 24.711732459	 25.062295082	 99.461067541	 222.937704918	124.1728	 248.0
5.5	 69.9555777049	 13.0885245902	 98.2940222951	 222.91147541	168.2496	 236.0
6.0	 85.1742229508	 44.1147540984	 97.1269770492	 222.885245902	182.3012	 267.0
6.5	 112.520468197	 16.1409836066	 95.9599318033	 222.859016393	208.4804	 239.0
7.0	 140.251513443	 6.16721311475	 94.7928865574	 222.832786885	235.0444	 229.0
7.5	 189.905758689	 8.19344262295	 93.6258413115	 222.806557377	283.5316	 231.0
8.0	 297.124803934	 78.2196721311	 92.4587960656	 222.780327869	389.5836	 301.0
8.5	 291.19144918	 289.245901639	 91.2917508197	 222.754098361	382.4832	 512.0
9.0	 392.895694426	 166.272131148	 90.1247055738	 222.727868852	483.0204	 389.0
9.5	 437.704339672	 222.298360656	 88.9576603279	 222.701639344	526.662	 445.0
10.0	 337.717384918	 207.324590164	 87.790615082	 222.675409836	425.508	 430.0
10.5	 327.089230164	 175.350819672	 86.6235698361	 222.649180328	413.7128	 398.0
11.0	 444.87147541	 157.37704918	 85.4565245902	 222.62295082	530.328	 380.0
11.5	 396.038520656	 157.403278689	 84.2894793443	 222.596721311	480.328	 380.0
12.0	 425.000365902	 150.429508197	 83.1224340984	 222.570491803	508.1228	 373.0
12.5	 369.397811148	 114.455737705	 81.9553888525	 222.544262295	451.3532	 337.0
13.0	 334.539256393	 118.481967213	 80.7883436066	 222.518032787	415.3276	 341.0
13.5	 307.501101639	 111.508196721	 79.6212983607	 222.491803279	387.1224	 334.0
14.0	 309.924546885	 110.53442623	 78.4542531148	 222.46557377	388.3788	 333.0
14.5	 346.501592131	 85.5606557377	 77.2872078689	 222.439344262	423.7888	 308.0
15.0	 313.797437377	 143.586885246	 76.120162623	 222.413114754	389.9176	 366.0
15.5	 312.092482623	 123.613114754	 74.953117377	 222.386885246	387.0456	 346.0
16.0	 390.849927869	 187.639344262	 73.7860721311	 222.360655738	464.636	 410.0
16.5	 392.658573115	 243.66557377	 72.6190268852	 222.33442623	465.2776	 466.0
17.0	 323.979618361	 258.691803279	 71.4519816393	 222.308196721	395.4316	 481.0
17.5	 329.581863607	 190.718032787	 70.2849363934	 222.281967213	399.8668	 413.0
18.0	 288.876908852	 170.744262295	 69.1178911475	 222.255737705	357.9948	 393.0
18.5	 208.915554098	 151.770491803	 67.9508459016	 222.229508197	276.8664	 374.0
19.0	 164.723399344	 129.796721311	 66.7838006557	 222.203278689	231.5072	 352.0
19.5	 118.19844459	 159.82295082	 65.6167554098	 222.17704918	183.8152	 382.0
20.0	 43.2886898361	 171.849180328	 64.4497101639	 222.150819672	107.7384	 394.0
20.5	 115.686135082	 135.875409836	 63.282664918	 222.124590164	178.9688	 358.0
21.0	 86.8031803279	 260.901639344	 62.1156196721	 222.098360656	148.9188	 483.0
21.5	 58.4054255738	 192.927868852	 60.9485744262	 222.072131148	119.354	 415.0
22.0	 40.6232708197	 145.954098361	 59.7815291803	 222.045901639	100.4048	 368.0
22.5	 8.12471606557	 249.980327869	 58.6144839344	 222.019672131	66.7392	 472.0
23.0	 -0.401438688525	 163.006557377	 57.4474386885	 221.993442623	57.046	 385.0
23.5	 12.1504065574	 181.032786885	 56.2803934426	 221.967213115	68.4308	 403.0
24.0	 29.6494518033	 51.0590163934	 55.1133481967	 221.940983607	84.7628	 273.0
24.5	 -61.3111029508	 110.085245902	 53.9463029508	 221.914754098	-7.3648	 332.0
25.0	 -28.4524577049	 41.1114754098	 52.7792577049	 221.88852459	24.3268	 263.0
25.5	 14.534587541	 -8.86229508197	 51.612212459	 221.862295082	66.1468	 213.0
26.0	 22.5220327869	 -19.8360655738	 50.4451672131	 221.836065574	72.9672	 202.0
26.5	 33.8686780328	 -8.80983606557	 49.2781219672	 221.809836066	83.1468	 213.0
27.0	 1.31772327869	 -13.7836065574	 48.1110767213	 221.783606557	49.4288	 208.0
27.5	 -11.8996314754	 7.24262295082	 46.9440314754	 221.757377049	35.0444	 229.0
28.0	 -15.2709862295	 13.268852459	 45.7769862295	 221.731147541	30.506	 235.0
28.5	 -7.25794098361	 -1.70491803279	 44.6099409836	 221.704918033	37.352	 220.0
29.0	 -11.2448957377	 -16.6786885246	 43.4428957377	 221.678688525	32.198	 205.0
29.5	 9.2813495082	 5.34754098361	 42.2758504918	 221.652459016	51.5572	 227.0
30.0	 6.9867947541	 -0.626229508197	 41.1088052459	 221.626229508	48.0956	 221.0
Actin association begins: 5.0
Actin association ends: 22.5
Length of actin association: 17.5
Cofilin association begins: 4.0
Cofilin association ends: 25.0
Length of cofilin association: 21.0
Delay between actin and cofilin association: -1.0
Maximum normalized actin intensity: 444.87147541
Maximum normalized cofilin intensity: 289.245901639