Time	 Int488	 Int561	 Back488	 Back561	 Raw488	 Raw561
0.0	 -1.62319850786	 -4.98099323039	 199.21888	 240.8	194.07	 225.0
0.5	 1.83801004089	 -2.06595626391	 199.675725333	 241.553333333	205.506	 235.0
1.0	 -6.38127358619	 3.37110259137	 200.132570667	 242.306666667	179.8908	 253.0
1.5	 -7.62464466883	 2.50310672464	 200.589416	 243.06	176.4036	 251.0
2.0	 12.3508893089	 -1.202163767	 201.046261333	 243.813333333	240.224	 240.0
2.5	 19.2718074847	 2.97388414389	 201.503106667	 244.566666667	262.6344	 254.0
3.0	 19.7097422943	 -1.99239729216	 201.959952	 245.32	264.4804	 239.0
3.5	 4.88629214914	 0.922639674322	 202.416797333	 246.073333333	217.9164	 249.0
4.0	 6.25384422689	 -1.52161987291	 202.873642667	 246.826666667	222.7112	 242.0
4.5	 10.4021776392	 4.86119719068	 203.330488	 247.58	236.3268	 263.0
5.0	 7.77648635934	 -1.68134792587	 203.787333333	 248.333333333	228.4548	 243.0
5.5	 17.825720486	 6.27773281822	 204.244178667	 249.086666667	260.7884	 269.0
6.0	 31.5123406818	 0.0504404377761	 204.701024	 249.84	304.66	 250.0
6.5	 25.1602359601	 -3.02432458166	 205.157869333	 250.593333333	284.9676	 241.0
7.0	 34.5870350847	 3.67374521803	 205.614714667	 251.346666667	315.3268	 263.0
7.5	 30.336657304	 4.6972657679	 206.07156	 252.1	302.3012	 267.0
8.0	 107.284035244	 2.56825895677	 206.528405333	 252.853333333	546.8396	 261.0
8.5	 135.060056823	 -0.82175879877	 206.985250667	 253.606666667	635.4036	 251.0
9.0	 203.600779202	 5.24580552872	 207.442096	 254.36	853.2756	 271.0
9.5	 209.478841326	 -0.0357286434248	 207.898941333	 255.113333333	872.378	 255.0
10.0	 253.227836336	 12.9673958783	 208.355786667	 255.866666667	1011.6092	 297.0
10.5	 317.718948167	 36.0586079552	 208.812632	 256.62	1216.6356	 371.0
11.0	 361.872097184	 47.4854687964	 209.269477333	 257.373333333	1357.1488	 408.0
11.5	 380.328112974	 59.5428351098	 209.726322667	 258.126666667	1416.1492	 447.0
12.0	 448.512978064	 47.3257407435	 210.183168	 258.88	1632.8924	 409.0
12.5	 458.723873794	 54.6543160154	 210.640013333	 259.633333333	1665.7388	 433.0
13.0	 480.364824926	 73.9624952591	 211.096858667	 260.386666667	1734.842	 495.0
13.5	 536.586100883	 46.928522296	 211.553704	 261.14	1913.636	 410.0
14.0	 518.335349092	 55.8333612484	 212.010549333	 261.893333333	1856.2004	 439.0
14.5	 476.529543365	 63.1619365203	 212.467394667	 262.646666667	1724.0468	 463.0
15.0	 543.687945546	 63.5549515979	 212.92424	 263.4	1937.534	 465.0
15.5	 498.786105749	 62.056450259	 213.381085333	 264.153333333	1795.5596	 461.0
16.0	 600.0	 73.4833111002	 213.837930667	 264.906666667	2117.0728	 498.0
16.5	 500.955646496	 83.9644137331	 214.294776	 265.66	1803.3552	 532.0
17.0	 481.669856922	 57.5609462422	 214.751621333	 266.413333333	1742.6364	 449.0
17.5	 468.762260704	 68.9878070834	 215.208466667	 267.166666667	1702.1496	 486.0
18.0	 423.03584585	 60.8689982864	 215.665312	 267.92	1557.5596	 461.0
18.5	 345.412159157	 36.9875526843	 216.122157333	 268.673333333	1311.7896	 386.0
19.0	 349.301733124	 34.543293137	 216.579002667	 269.426666667	1324.5844	 379.0
19.5	 336.790220444	 45.6549012421	 217.035848	 270.18	1285.354	 415.0
20.0	 263.968463428	 59.6037839721	 217.492693333	 270.933333333	1054.816	 460.0
20.5	 252.362230505	 64.7255900913	 217.949538667	 271.686666667	1018.4572	 477.0
21.0	 195.658589279	 60.0745613914	 218.406384	 272.44	839.0468	 463.0
21.5	 139.003244772	 35.5626103171	 218.863229333	 273.193333333	659.7896	 386.0
22.0	 39.0780751227	 72.8401955186	 219.320074667	 273.946666667	343.278	 505.0
22.5	 66.9105899918	 60.6231011522	 219.77692	 274.7	432.0212	 467.0
23.0	 45.1755388604	 35.1653918696	 220.233765333	 275.453333333	363.5332	 387.0
23.5	 27.3048557681	 58.5718566826	 220.690610667	 276.206666667	307.3032	 462.0
24.0	 7.00054765425	 31.2226309834	 221.147456	 276.96	243.3536	 376.0
24.5	 8.90150736148	 19.3207893532	 221.604301333	 277.713333333	249.8404	 339.0
25.0	 11.0936344958	 23.4968372641	 222.061146667	 278.466666667	257.2508	 353.0
25.5	 4.58793864105	 19.7915667724	 222.517992	 279.22	237.0712	 342.0
26.0	 7.59631815965	 7.25921966995	 222.974837333	 279.973333333	247.0708	 303.0
26.5	 -8.98132431022	 1.0319272895	 223.431682667	 280.726666667	194.9424	 284.0
27.0	 -4.55821661309	 1.42494236718	 223.888528	 281.48	209.4296	 286.0
27.5	 1.86144971232	 -2.28032812446	 224.345373333	 282.233333333	230.25	 275.0
28.0	 -3.843882496	 4.41774167523	 224.802218667	 282.986666667	212.6092	 297.0
28.5	 6.67406939872	 0.712471183588	 225.259064	 283.74	246.4296	 286.0
29.0	 1.21110349392	 -5.83007393296	 225.715909333	 284.493333333	229.5576	 266.0
29.5	 -3.74241398934	 6.54254511655	 226.172754667	 285.246666667	214.3016	 306.0
Actin association begins: 2.0
Actin association ends: 26.0
Length of actin association: 24.0
Area under actin curve during patch life: 10724.7399144
Cofilin association begins: 10.0
Cofilin association ends: 27.0
Length of cofilin association: 17.0
Delay between actin and cofilin association: 8.0
Area under cofilin curve during patch life: 1636.29830988
Cofilin intensity score: 188.949369725