Time	 Int488	 Int561	 Back488	 Back561	 Raw488	 Raw561
0.0	 -14.41008	 17.2	 112.76808	 787.8	98.358	 805.0
0.5	 -1.782476	 8.59	 112.473676	 783.41	110.6912	 792.0
1.0	 8.896328	 -8.02	 112.179272	 779.02	121.0756	 771.0
1.5	 -7.501268	 26.37	 111.884868	 774.63	104.3836	 801.0
2.0	 17.741536	 -0.24	 111.590464	 770.24	129.332	 770.0
2.5	 27.95794	 -100.85	 111.29606	 765.85	139.254	 665.0
3.0	 -75.179256	 322.54	 111.001656	 761.46	35.8224	 1084.0
3.5	 43.777548	 -89.07	 110.707252	 757.07	154.4848	 668.0
4.0	 39.686752	 -141.68	 110.412848	 752.68	150.0996	 611.0
4.5	 49.443156	 -92.29	 110.118444	 748.29	159.5616	 656.0
5.0	 44.07116	 -61.9	 109.82404	 743.9	153.8952	 682.0
5.5	 53.775164	 -121.51	 109.529636	 739.51	163.3048	 618.0
6.0	 47.891568	 27.88	 109.235232	 735.12	157.1268	 763.0
6.5	 26.698372	 -8.73	 108.940828	 730.73	135.6392	 722.0
7.0	 61.120776	 -24.34	 108.646424	 726.34	169.7672	 702.0
7.5	 103.74918	 45.05	 108.35202	 721.95	212.1012	 767.0
8.0	 114.427584	 -10.56	 108.057616	 717.56	222.4852	 707.0
8.5	 197.569188	 95.83	 107.763212	 713.17	305.3324	 809.0
9.0	 264.734792	 42.22	 107.468808	 708.78	372.2036	 751.0
9.5	 175.055596	 120.61	 107.174404	 704.39	282.23	 825.0
10.0	 219.4528	 148.0	 106.88	 700.0	326.3328	 848.0
10.5	 372.696004	 160.39	 106.585596	 695.61	479.2816	 856.0
11.0	 269.606808	 263.78	 106.291192	 691.22	375.898	 955.0
11.5	 319.029212	 248.17	 105.996788	 686.83	425.026	 935.0
12.0	 301.350016	 326.56	 105.702384	 682.44	407.0524	 1009.0
12.5	 341.79842	 345.95	 105.40798	 678.05	447.2064	 1024.0
13.0	 378.786024	 437.34	 105.113576	 673.66	483.8996	 1111.0
13.5	 415.182828	 425.73	 104.819172	 669.27	520.002	 1095.0
14.0	 384.222032	 548.12	 104.524768	 664.88	488.7468	 1213.0
14.5	 362.850836	 656.51	 104.230364	 660.49	467.0812	 1317.0
15.0	 449.47724	 530.9	 103.93596	 656.1	553.4132	 1187.0
15.5	 435.002844	 577.29	 103.641556	 651.71	538.6444	 1229.0
16.0	 273.759648	 665.68	 103.347152	 647.32	377.1068	 1313.0
16.5	 458.054852	 748.07	 103.052748	 642.93	561.1076	 1391.0
17.0	 338.504856	 923.46	 102.758344	 638.54	441.2632	 1562.0
17.5	 257.51726	 932.85	 102.46394	 634.15	359.9812	 1567.0
18.0	 215.529264	 903.24	 102.169536	 629.76	317.6988	 1533.0
18.5	 282.414468	 1010.63	 101.875132	 625.37	384.2896	 1636.0
19.0	 245.351272	 1149.02	 101.580728	 620.98	346.932	 1770.0
19.5	 289.617276	 884.41	 101.286324	 616.59	390.9036	 1501.0
20.0	 124.78328	 869.8	 100.99192	 612.2	225.7752	 1482.0
20.5	 216.820884	 836.19	 100.697516	 607.81	317.5184	 1444.0
21.0	 164.987688	 899.58	 100.403112	 603.42	265.3908	 1503.0
21.5	 36.615692	 929.97	 100.108708	 599.03	136.7244	 1529.0
22.0	 88.013296	 996.36	 99.814304	 594.64	187.8276	 1591.0
22.5	 55.0709	 412.75	 99.5199	 590.25	154.5908	 1003.0
23.0	 -48.841896	 215.14	 99.225496	 585.86	50.3836	 801.0
23.5	 21.298108	 165.53	 98.931092	 581.47	120.2292	 747.0
24.0	 -11.049888	 35.92	 98.636688	 577.08	87.5868	 613.0
24.5	 -3.653084	 24.31	 98.342284	 572.69	94.6892	 597.0
25.0	 -28.89748	 -4.3	 98.04788	 568.3	69.1504	 564.0
25.5	 -17.065076	 -44.91	 97.753476	 563.91	80.6884	 519.0
26.0	 -38.769872	 37.48	 97.459072	 559.52	58.6892	 597.0
26.5	 -12.527068	 10.87	 97.164668	 555.13	84.6376	 566.0
27.0	 -4.617464	 -2.74	 96.870264	 550.74	92.2528	 548.0
27.5	 18.18934	 -39.35	 96.57586	 546.35	114.7652	 507.0
28.0	 4.355744	 -14.96	 96.281456	 541.96	100.6372	 527.0
28.5	 -11.965052	 7.43	 95.987052	 537.57	84.022	 545.0
29.0	 -30.542248	 30.82	 95.692648	 533.18	65.1504	 564.0
29.5	 15.546156	 -49.79	 95.398244	 528.79	110.9444	 479.0
Actin association begins: 3.5
Actin association ends: 22.5
Length of actin association: 19.0
Cofilin association begins: 8.5
Cofilin association ends: 24.5
Length of cofilin association: 16.0
Delay between actin and cofilin association: 5.0
Maximum normalized actin intensity: 458.054852
Maximum normalized cofilin intensity: 1149.02