Time	 Int488	 Int561	 Back488	 Back561	 Raw488	 Raw561
0.0	 21.64112	 9.2	 94.58448	 386.8	116.2256	 396.0
0.5	 -7.96574833333	 -4.2125	 93.7809483333	 386.2125	85.8152	 382.0
1.0	 11.8889833333	 -11.625	 92.9774166667	 385.625	104.8664	 374.0
1.5	 2.179715	 -9.0375	 92.173885	 385.0375	94.3536	 376.0
2.0	 -19.7087533333	 21.55	 91.3703533333	 384.45	71.6616	 406.0
2.5	 -28.2896216667	 43.1375	 90.5668216667	 383.8625	62.2772	 427.0
3.0	 -55.30689	 15.725	 89.76329	 383.275	34.4564	 399.0
3.5	 -17.1965583333	 -70.6875	 88.9597583333	 382.6875	71.7632	 312.0
4.0	 -46.2130266667	 -20.1	 88.1562266667	 382.1	41.9432	 362.0
4.5	 0.410505	 -69.5125	 87.352695	 381.5125	87.7632	 312.0
5.0	 7.31683666667	 -45.925	 86.5491633333	 380.925	93.866	 335.0
5.5	 -15.8544316667	 -88.3375	 85.7456316667	 380.3375	69.8912	 292.0
6.0	 -37.0249	 -52.75	 84.9421	 379.75	47.9172	 327.0
6.5	 17.0862316667	 -61.1625	 84.1385683333	 379.1625	101.2248	 318.0
7.0	 26.7613633333	 -79.575	 83.3350366667	 378.575	110.0964	 299.0
7.5	 -8.871105	 -88.9875	 82.531505	 377.9875	73.6604	 289.0
8.0	 3.36882666667	 -39.4	 81.7279733333	 377.4	85.0968	 338.0
8.5	 37.4539583333	 -82.8125	 80.9244416667	 376.8125	118.3784	 294.0
9.0	 -17.74211	 -43.225	 80.12091	 376.225	62.3788	 333.0
9.5	 35.1126216667	 -50.6375	 79.3173783333	 375.6375	114.43	 325.0
10.0	 30.2493533333	 -63.05	 78.5138466667	 375.05	108.7632	 312.0
10.5	 79.180885	 -82.4625	 77.710315	 374.4625	156.8912	 292.0
11.0	 20.4208166667	 -32.875	 76.9067833333	 373.875	97.3276	 341.0
11.5	 124.532348333	 -2.2875	 76.1032516667	 373.2875	200.6356	 371.0
12.0	 156.48948	 -25.7	 75.29972	 372.7	231.7892	 347.0
12.5	 290.857411667	 3.8875	 74.4961883333	 372.1125	365.3536	 376.0
13.0	 225.558143333	 -18.525	 73.6926566667	 371.525	299.2508	 353.0
13.5	 284.644475	 55.0625	 72.889125	 370.9375	357.5336	 426.0
14.0	 358.575606667	 -3.35	 72.0855933333	 370.35	430.6612	 367.0
14.5	 463.994338333	 -20.7625	 71.2820616667	 369.7625	535.2764	 349.0
15.0	 304.33627	 -26.175	 70.47853	 369.175	374.8148	 343.0
15.5	 376.627401667	 15.4125	 69.6749983333	 368.5875	446.3024	 384.0
16.0	 394.533333333	 0.0	 68.8714666667	 368.0	463.4048	 368.0
16.5	 475.952465	 21.5875	 68.067935	 367.4125	544.0204	 389.0
17.0	 423.345596667	 8.175	 67.2644033333	 366.825	490.61	 375.0
17.5	 463.995128333	 -6.2375	 66.4608716667	 366.2375	530.456	 360.0
18.0	 393.97866	 44.35	 65.65734	 365.65	459.636	 410.0
18.5	 417.013391667	 86.9375	 64.8538083333	 365.0625	481.8672	 452.0
19.0	 326.586123333	 84.525	 64.0502766667	 364.475	390.6364	 449.0
19.5	 406.850855	 52.1125	 63.246745	 363.8875	470.0976	 416.0
20.0	 437.449986667	 123.7	 62.4432133333	 363.3	499.8932	 487.0
20.5	 373.663918333	 138.2875	 61.6396816667	 362.7125	435.3036	 501.0
21.0	 557.21065	 100.875	 60.83615	 362.125	618.0468	 463.0
21.5	 444.168181667	 116.4625	 60.0326183333	 361.5375	504.2008	 478.0
22.0	 467.254113333	 151.05	 59.2290866667	 360.95	526.4832	 512.0
22.5	 462.289645	 271.6375	 58.425555	 360.3625	520.7152	 632.0
23.0	 506.016376667	 284.225	 57.6220233333	 359.775	563.6384	 644.0
23.5	 406.281508333	 290.8125	 56.8184916667	 359.1875	463.1	 650.0
24.0	 266.36584	 169.4	 56.01496	 358.6	322.3808	 528.0
24.5	 150.834971667	 65.9875	 55.2114283333	 358.0125	206.0464	 424.0
25.0	 -4.36269666667	 -50.425	 54.4078966667	 357.425	50.0452	 307.0
25.5	 0.210035	 -52.8375	 53.604365	 356.8375	53.8144	 304.0
26.0	 -30.3960333333	 11.75	 52.8008333333	 356.25	22.4048	 368.0
26.5	 -32.7213016667	 -45.6625	 51.9973016667	 355.6625	19.276	 310.0
27.0	 -30.89177	 -10.075	 51.19377	 355.075	20.302	 345.0
27.5	 -6.39543833333	 38.5125	 50.3902383333	 354.4875	43.9948	 393.0
28.0	 -23.2843066667	 30.1	 49.5867066667	 353.9	26.3024	 384.0
28.5	 11.800825	 -13.3125	 48.783175	 353.3125	60.584	 340.0
29.0	 8.19435666667	 12.275	 47.9796433333	 352.725	56.174	 365.0
29.5	 3.22868833333	 15.8625	 47.1761116667	 352.1375	50.4048	 368.0
30.0	 23.34062	 85.45	 46.37258	 351.55	69.7132	 437.0
30.5	 -4.93304833333	 59.0375	 45.5690483333	 350.9625	40.636	 410.0
31.0	 -29.6423166667	 61.625	 44.7655166667	 350.375	15.1232	 412.0
31.5	 -9.429185	 -1.7875	 43.961985	 349.7875	34.5328	 348.0
32.0	 -40.3428533333	 71.8	 43.1584533333	 349.2	2.8156	 421.0
32.5	 15.5622783333	 -21.6125	 42.3549216667	 348.6125	57.9172	 327.0
33.0	 5.49381	 -41.025	 41.55139	 348.025	47.0452	 307.0
33.5	 -1.16425833333	 -46.4375	 40.7478583333	 347.4375	39.5836	 301.0
34.0	 18.8956733333	 -46.85	 39.9443266667	 346.85	58.84	 300.0
34.5	 -0.095595	 -39.2625	 39.140795	 346.2625	39.0452	 307.0
35.0	 -6.24046333333	 -7.675	 38.3372633333	 345.675	32.0968	 338.0
35.5	 29.6650683333	 -62.0875	 37.5337316667	 345.0875	67.1988	 283.0
36.0	 -18.4286	 -38.5	 36.7302	 344.5	18.3016	 306.0
36.5	 10.2981316667	 -25.9125	 35.9266683333	 343.9125	46.2248	 318.0
37.0	 32.0500633333	 -56.325	 35.1231366667	 343.325	67.1732	 287.0
37.5	 28.161595	 -25.7375	 34.319605	 342.7375	62.4812	 317.0
38.0	 20.4267266667	 -19.15	 33.5160733333	 342.15	53.9428	 323.0
38.5	 -4.20534166667	 10.4375	 32.7125416667	 341.5625	28.5072	 352.0
39.0	 -24.63301	 -30.975	 31.90901	 340.975	7.276	 310.0
39.5	 0.632121666667	 -24.3875	 31.1054783333	 340.3875	31.7376	 316.0
40.0	 8.20485333333	 -26.8	 30.3019466667	 339.8	38.5068	 313.0
40.5	 57.444785	 22.7875	 29.498415	 339.2125	86.9432	 362.0
41.0	 50.9923166667	 63.375	 28.6948833333	 338.625	79.6872	 402.0
41.5	 38.0262483333	 27.9625	 27.8913516667	 338.0375	65.9176	 366.0
42.0	 15.31698	 30.55	 27.08782	 337.45	42.4048	 368.0
42.5	 46.2741116667	 7.1375	 26.2842883333	 336.8625	72.5584	 344.0
43.0	 39.6672433333	 -6.275	 25.4807566667	 336.275	65.148	 330.0
43.5	 19.727175	 -6.6875	 24.677225	 335.6875	44.4044	 329.0
44.0	 13.7107066667	 43.9	 23.8736933333	 335.1	37.5844	 379.0
44.5	 11.2574383333	 6.4875	 23.0701616667	 334.5125	34.3276	 341.0
45.0	 4.77897	 12.075	 22.26663	 333.925	27.0456	 346.0
45.5	 -2.72509833333	 21.6625	 21.4630983333	 333.3375	18.738	 355.0
46.0	 4.56523333333	 -14.75	 20.6595666667	 332.75	25.2248	 318.0
46.5	 9.138365	 21.8375	 19.856035	 332.1625	28.9944	 354.0
47.0	 -16.6481033333	 -2.575	 19.0525033333	 331.575	2.4044	 329.0
47.5	 -6.38337166667	 -34.9875	 18.2489716667	 330.9875	11.8656	 296.0
Actin association begins: 9.5
Actin association ends: 24.5
Length of actin association: 15.0
Cofilin association begins: 18.0
Cofilin association ends: 24.5
Length of cofilin association: 6.5
Delay between actin and cofilin association: 8.5
Maximum normalized actin intensity: 557.21065
Maximum normalized cofilin intensity: 290.8125