Time	 Int488	 Int561	 Back488	 Back561	 Raw488	 Raw561
0.0	 -15.1124	 41.0	 45.748	 330.0	30.6356	 371.0
0.5	 -0.539541333333	 14.72	 45.8415413333	 330.28	45.302	 345.0
1.0	 1.93051733333	 -34.56	 45.9350826667	 330.56	47.8656	 296.0
1.5	 -4.727024	 -24.84	 46.028624	 330.84	41.3016	 306.0
2.0	 17.5130346667	 0.88	 46.1221653333	 331.12	63.6352	 332.0
2.5	 4.08629333333	 13.6	 46.2157066667	 331.4	50.302	 345.0
3.0	 12.095152	 -2.68	 46.309248	 331.68	58.4044	 329.0
3.5	 -18.0239893333	 1.04	 46.4027893333	 331.96	28.3788	 333.0
4.0	 -49.2455306667	 20.76	 46.4963306667	 332.24	-2.7492	 353.0
4.5	 -25.826672	 -20.52	 46.589872	 332.52	20.7632	 312.0
5.0	 0.490586666667	 32.2	 46.6834133333	 332.8	47.174	 365.0
5.5	 17.6786453333	 -12.08	 46.7769546667	 333.08	64.4556	 321.0
6.0	 13.611104	 22.64	 46.870496	 333.36	60.4816	 356.0
6.5	 -2.84163733333	 0.36	 46.9640373333	 333.64	44.1224	 334.0
7.0	 -8.39677866667	 -5.92	 47.0575786667	 333.92	38.6608	 328.0
7.5	 13.25288	 -44.2	 47.15112	 334.2	60.404	 290.0
8.0	 9.77493866667	 -23.48	 47.2446613333	 334.48	57.0196	 311.0
8.5	 -17.5238026667	 -30.76	 47.3382026667	 334.76	29.8144	 304.0
9.0	 14.279856	 -54.04	 47.431744	 335.04	61.7116	 281.0
9.5	 -2.40288533333	 -1.32	 47.5252853333	 335.32	45.1224	 334.0
10.0	 -0.958426666667	 -46.6	 47.6188266667	 335.6	46.6604	 289.0
10.5	 46.871232	 -34.88	 47.712368	 335.88	94.5836	 301.0
11.0	 103.392890667	 -53.16	 47.8059093333	 336.16	151.1988	 283.0
11.5	 108.376549333	 -26.44	 47.8994506667	 336.44	156.276	 310.0
12.0	 152.795808	 -28.72	 47.992992	 336.72	200.7888	 308.0
12.5	 184.677066667	 14.0	 48.0865333333	 337.0	232.7636	 351.0
13.0	 277.840325333	 51.72	 48.1800746667	 337.28	326.0204	 389.0
13.5	 224.130784	 -8.56	 48.273616	 337.56	272.4044	 329.0
14.0	 303.448442667	 83.16	 48.3671573333	 337.84	351.8156	 421.0
14.5	 299.226501333	 63.88	 48.4606986667	 338.12	347.6872	 402.0
15.0	 313.05616	 75.6	 48.55424	 338.4	361.6104	 414.0
15.5	 372.809418667	 138.32	 48.6477813333	 338.68	421.4572	 477.0
16.0	 420.254277333	 132.04	 48.7413226667	 338.96	468.9956	 471.0
16.5	 364.135936	 213.76	 48.834864	 339.24	412.9708	 553.0
17.0	 510.631194667	 121.48	 48.9284053333	 339.52	559.5596	 461.0
17.5	 417.178853333	 138.2	 49.0219466667	 339.8	466.2008	 478.0
18.0	 447.676112	 240.92	 49.115488	 340.08	496.7916	 581.0
18.5	 409.273770667	 132.64	 49.2090293333	 340.36	458.4828	 473.0
19.0	 476.950629333	 246.36	 49.3025706667	 340.64	526.2532	 587.0
19.5	 445.549488	 255.08	 49.396112	 340.92	494.9456	 596.0
20.0	 492.122346667	 228.8	 49.4896533333	 341.2	541.612	 570.0
20.5	 408.490805333	 273.52	 49.5831946667	 341.48	458.074	 615.0
21.0	 375.910864	 349.24	 49.676736	 341.76	425.5876	 691.0
21.5	 381.200922667	 249.96	 49.7702773333	 342.04	430.9712	 592.0
22.0	 457.646181333	 282.68	 49.8638186667	 342.32	507.51	 625.0
22.5	 341.62944	 270.4	 49.95736	 342.6	391.5868	 613.0
23.0	 431.947098667	 362.12	 50.0509013333	 342.88	481.998	 705.0
23.5	 449.339557333	 246.84	 50.1444426667	 343.16	499.484	 590.0
24.0	 397.426016	 296.56	 50.237984	 343.44	447.664	 640.0
24.5	 259.177674667	 203.28	 50.3315253333	 343.72	309.5092	 547.0
25.0	 88.1357333333	 234.0	 50.4250666667	 344.0	138.5608	 578.0
25.5	 362.734992	 281.72	 50.518608	 344.28	413.2536	 626.0
26.0	 -26.7201493333	 25.44	 50.6121493333	 344.56	23.892	 370.0
26.5	 -56.2756906667	 -19.84	 50.7056906667	 344.84	-5.57	 325.0
27.0	 -30.369232	 -20.12	 50.799232	 345.12	20.43	 325.0
27.5	 -64.8987733333	 -30.4	 50.8927733333	 345.4	-14.006	 315.0
28.0	 -14.1211146667	 -88.68	 50.9863146667	 345.68	36.8652	 257.0
28.5	 -36.291056	 -37.96	 51.079856	 345.96	14.7888	 308.0
29.0	 -13.6409973333	 -37.24	 51.1733973333	 346.24	37.5324	 309.0
29.5	 -23.5293386667	 -30.52	 51.2669386667	 346.52	27.7376	 316.0
30.0	 -31.69968	 -18.8	 51.36048	 346.8	19.6608	 328.0
30.5	 -22.9472213333	 -34.08	 51.4540213333	 347.08	28.5068	 313.0
31.0	 -31.5023626667	 -40.36	 51.5475626667	 347.36	20.0452	 307.0
31.5	 -34.467504	 -21.64	 51.641104	 347.64	17.1736	 326.0
32.0	 -21.7150453333	 -36.92	 51.7346453333	 347.92	30.0196	 311.0
32.5	 -0.962186666667	 -13.2	 51.8281866667	 348.2	50.866	 335.0
33.0	 -17.030528	 -56.48	 51.921728	 348.48	34.8912	 292.0
33.5	 -5.84126933333	 16.24	 52.0152693333	 348.76	46.174	 365.0
34.0	 -12.1404106667	 -30.04	 52.1088106667	 349.04	39.9684	 319.0
34.5	 -5.080352	 -54.32	 52.202352	 349.32	47.122	 295.0
35.0	 -22.3266933333	 47.4	 52.2958933333	 349.6	29.9692	 397.0
35.5	 37.0405653333	 -24.88	 52.3894346667	 349.88	89.43	 325.0
36.0	 -32.975776	 1.84	 52.482976	 350.16	19.5072	 352.0
36.5	 25.2122826667	 -42.44	 52.5765173333	 350.44	77.7888	 308.0
37.0	 -5.54725866667	 22.28	 52.6700586667	 350.72	47.1228	 373.0
Actin association begins: 10.5
Actin association ends: 25.5
Length of actin association: 15.0
Cofilin association begins: 14.0
Cofilin association ends: 26.0
Length of cofilin association: 12.0
Delay between actin and cofilin association: 3.5
Maximum normalized actin intensity: 510.631194667
Maximum normalized cofilin intensity: 362.12