Time	 Int488	 Int561	 Back488	 Back561	 Raw488	 Raw561
0.0	 4.70776	 6.6	 32.38784	 214.4	37.0956	 221.0
0.5	 -17.0891966102	 6.72033898305	 32.1847966102	 214.279661017	15.0956	 221.0
1.0	 2.90864677966	 -0.159322033898	 31.9817532203	 214.159322034	34.8904	 214.0
1.5	 12.4192901695	 -9.03898305085	 31.7787098305	 214.038983051	44.198	 205.0
2.0	 -0.916066440678	 -2.9186440678	 31.5756664407	 213.918644068	30.6596	 211.0
2.5	 3.46657694915	 8.20169491525	 31.3726230508	 213.798305085	34.8392	 222.0
3.0	 16.797620339	 -11.6779661017	 31.169579661	 213.677966102	47.9672	 202.0
3.5	 -12.3069362712	 -2.55762711864	 30.9665362712	 213.557627119	18.6596	 211.0
4.0	 -8.23189288136	 17.5627118644	 30.7634928814	 213.437288136	22.5316	 231.0
4.5	 14.3299505085	 0.683050847458	 30.5604494915	 213.316949153	44.8904	 214.0
5.0	 23.7381938983	 7.80338983051	 30.3574061017	 213.196610169	54.0956	 221.0
5.5	 8.24883728814	 -1.07627118644	 30.1543627119	 213.076271186	38.4032	 212.0
6.0	 14.836680678	 17.0440677966	 29.951319322	 212.955932203	44.788	 230.0
6.5	 10.1677240678	 -2.83559322034	 29.7482759322	 212.83559322	39.916	 210.0
7.0	 2.13996745763	 -5.71525423729	 29.5452325424	 212.715254237	31.6852	 207.0
7.5	 12.7534108475	 8.40508474576	 29.3421891525	 212.594915254	42.0956	 221.0
8.0	 0.802454237288	 -6.47457627119	 29.1391457627	 212.474576271	29.9416	 206.0
8.5	 -19.2253023729	 -9.35423728814	 28.9361023729	 212.354237288	9.7108	 203.0
9.0	 19.9521410169	 -5.23389830508	 28.7330589831	 212.233898305	48.6852	 207.0
9.5	 17.4115844068	 -6.11355932203	 28.5300155932	 212.113559322	45.9416	 206.0
10.0	 23.3582277966	 -4.99322033898	 28.3269722034	 211.993220339	51.6852	 207.0
10.5	 44.5356711864	 -0.872881355932	 28.1239288136	 211.872881356	72.6596	 211.0
11.0	 9.27711457627	 -6.75254237288	 27.9208854237	 211.752542373	37.198	 205.0
11.5	 23.9673579661	 -4.63220338983	 27.7178420339	 211.63220339	51.6852	 207.0
12.0	 23.9140013559	 -3.51186440678	 27.5147986441	 211.511864407	51.4288	 208.0
12.5	 3.04024474576	 8.60847457627	 27.3117552542	 211.391525424	30.352	 220.0
13.0	 27.1404881356	 -14.2711864407	 27.1087118644	 211.271186441	54.2492	 197.0
13.5	 16.9079315254	 14.8491525424	 26.9056684746	 211.150847458	43.8136	 226.0
14.0	 42.0081749153	 -8.03050847458	 26.7026250847	 211.030508475	68.7108	 203.0
14.5	 25.4676183051	 -8.91016949153	 26.4995816949	 210.910169492	51.9672	 202.0
15.0	 35.9526616949	 -13.7898305085	 26.2965383051	 210.789830508	62.2492	 197.0
15.5	 25.6685050847	 -15.6694915254	 26.0934949153	 210.669491525	51.762	 195.0
16.0	 47.5639484746	 -6.54915254237	 25.8904515254	 210.549152542	73.4544	 204.0
16.5	 36.0489918644	 -11.4288135593	 25.6874081356	 210.428813559	61.7364	 199.0
17.0	 70.7136352542	 -5.30847457627	 25.4843647458	 210.308474576	96.198	 205.0
17.5	 81.6858786441	 -8.18813559322	 25.2813213559	 210.188135593	106.9672	 202.0
18.0	 124.350522034	 -2.06779661017	 25.0782779661	 210.06779661	149.4288	 208.0
18.5	 119.758765424	 5.05254237288	 24.8752345763	 209.947457627	144.634	 215.0
19.0	 130.577008814	 -12.8271186441	 24.6721911864	 209.827118644	155.2492	 197.0
19.5	 149.036452203	 -13.706779661	 24.4691477966	 209.706779661	173.5056	 196.0
20.0	 192.137095593	 2.41355932203	 24.2661044068	 209.586440678	216.4032	 212.0
20.5	 210.160538983	 -8.46610169492	 24.0630610169	 209.466101695	234.2236	 201.0
21.0	 218.517582373	 6.65423728814	 23.8600176271	 209.345762712	242.3776	 216.0
21.5	 296.592225763	 -12.2254237288	 23.6569742373	 209.225423729	320.2492	 197.0
22.0	 209.974869153	 -1.10508474576	 23.4539308475	 209.105084746	233.4288	 208.0
22.5	 270.665112542	 1.01525423729	 23.2508874576	 208.984745763	293.916	 210.0
23.0	 320.791355932	 13.1355932203	 23.0478440678	 208.86440678	343.8392	 222.0
23.5	 295.891599322	 -9.74406779661	 22.844800678	 208.744067797	318.7364	 199.0
24.0	 321.017842712	 2.37627118644	 22.6417572881	 208.623728814	343.6596	 211.0
24.5	 287.400486102	 13.4966101695	 22.4387138983	 208.503389831	309.8392	 222.0
25.0	 277.449529492	 -1.38305084746	 22.2356705085	 208.383050847	299.6852	 207.0
25.5	 288.806572881	 13.7372881356	 22.0326271186	 208.262711864	310.8392	 222.0
26.0	 261.522416271	 11.8576271186	 21.8295837288	 208.142372881	283.352	 220.0
26.5	 308.058659661	 -1.02203389831	 21.626540339	 208.022033898	329.6852	 207.0
27.0	 289.723303051	 5.09830508475	 21.4234969492	 207.901694915	311.1468	 213.0
27.5	 267.823946441	 21.2186440678	 21.2204535593	 207.781355932	289.0444	 229.0
28.0	 249.488589831	 27.3389830508	 21.0174101695	 207.661016949	270.506	 235.0
28.5	 299.92203322	 -8.5406779661	 20.8143667797	 207.540677966	320.7364	 199.0
29.0	 258.63827661	 28.5796610169	 20.6113233898	 207.420338983	279.2496	 236.0
29.5	 268.94372	 12.7	 20.40828	 207.3	289.352	 220.0
30.0	 270.91596339	 9.82033898305	 20.2052366102	 207.179661017	291.1212	 217.0
30.5	 311.24740678	 28.9406779661	 20.0021932203	 207.059322034	331.2496	 236.0
31.0	 210.168450169	 34.0610169492	 19.7991498305	 206.938983051	229.9676	 241.0
31.5	 262.012293559	 12.1813559322	 19.5961064407	 206.818644068	281.6084	 219.0
32.0	 313.420536949	 19.3016949153	 19.3930630508	 206.698305085	332.8136	 226.0
32.5	 225.982780339	 41.4220338983	 19.190019661	 206.577966102	245.1728	 248.0
33.0	 264.570223729	 20.5423728814	 18.9869762712	 206.457627119	283.5572	 227.0
33.5	 244.516867119	 21.6627118644	 18.7839328814	 206.337288136	263.3008	 228.0
34.0	 204.515110508	 53.7830508475	 18.5808894915	 206.216949153	223.096	 260.0
34.5	 192.436153898	 58.9033898305	 18.3778461017	 206.096610169	210.814	 265.0
35.0	 216.485197288	 44.0237288136	 18.1748027119	 205.976271186	234.66	 250.0
35.5	 198.893440678	 51.1440677966	 17.971759322	 205.855932203	216.8652	 257.0
36.0	 132.250084068	 27.2644067797	 17.7687159322	 205.73559322	150.0188	 233.0
36.5	 138.606727458	 3.38474576271	 17.5656725424	 205.615254237	156.1724	 209.0
37.0	 131.707370847	 19.5050847458	 17.3626291525	 205.494915254	149.07	 225.0
37.5	 90.6800142373	 55.6254237288	 17.1595857627	 205.374576271	107.8396	 261.0
38.0	 163.755057627	 75.7457627119	 16.9565423729	 205.254237288	180.7116	 281.0
38.5	 121.880901017	 48.8661016949	 16.7534989831	 205.133898305	138.6344	 254.0
39.0	 116.545144407	 15.986440678	 16.5504555932	 205.013559322	133.0956	 221.0
39.5	 71.3637877966	 37.106779661	 16.3474122034	 204.893220339	87.7112	 242.0
40.0	 59.7464311864	 48.2271186441	 16.1443688136	 204.772881356	75.8908	 253.0
40.5	 52.8722745763	 21.3474576271	 15.9413254237	 204.652542373	68.8136	 226.0
41.0	 20.6649179661	 7.46779661017	 15.7382820339	 204.53220339	36.4032	 212.0
41.5	 1.12436135593	 6.58813559322	 15.5352386441	 204.411864407	16.6596	 211.0
42.0	 -12.1085952542	 -3.29152542373	 15.3321952542	 204.291525424	3.2236	 201.0
42.5	 4.14564813559	 -11.1711864407	 15.1291518644	 204.171186441	19.2748	 193.0
43.0	 7.27189152542	 0.949152542373	 14.9261084746	 204.050847458	22.198	 205.0
43.5	 0.731334915254	 0.0694915254237	 14.7230650847	 203.930508475	15.4544	 204.0
44.0	 -5.73242169492	 -12.8101694915	 14.5200216949	 203.810169492	8.7876	 191.0
44.5	 5.44502169492	 -8.68983050847	 14.3169783051	 203.689830508	19.762	 195.0
45.0	 15.0328650847	 9.43050847458	 14.1139349153	 203.569491525	29.1468	 213.0
45.5	 -5.37969152542	 -11.4491525424	 13.9108915254	 203.449152542	8.5312	 192.0
46.0	 6.05415186441	 -8.32881355932	 13.7078481356	 203.328813559	19.762	 195.0
46.5	 -3.28120474576	 -2.20847457627	 13.5048047458	 203.208474576	10.2236	 201.0
47.0	 -5.30896135593	 -5.08813559322	 13.3017613559	 203.088135593	7.9928	 198.0
47.5	 6.1760820339	 -9.96779661017	 13.0987179661	 202.96779661	19.2748	 193.0
48.0	 -1.64647457627	 -5.84745762712	 12.8956745763	 202.847457627	11.2492	 197.0
48.5	 -6.08463118644	 -22.7271186441	 12.6926311864	 202.727118644	6.608	 180.0
49.0	 3.29801220339	 -11.606779661	 12.4895877966	 202.606779661	15.7876	 191.0
49.5	 1.50105559322	 -11.486440678	 12.2865444068	 202.486440678	13.7876	 191.0
50.0	 -9.85990101695	 -1.36610169492	 12.0835010169	 202.366101695	2.2236	 201.0
50.5	 -6.04165762712	 -19.2457627119	 11.8804576271	 202.245762712	5.8388	 183.0
51.0	 -12.2230142373	 1.87457627119	 11.6774142373	 202.125423729	-0.5456	 204.0
51.5	 1.82602915254	 -13.0050847458	 11.4743708475	 202.005084746	13.3004	 189.0
52.0	 1.74707254237	 -7.88474576271	 11.2713274576	 201.884745763	13.0184	 194.0
52.5	 12.4373159322	 -5.76440677966	 11.0682840678	 201.76440678	23.5056	 196.0
53.0	 12.640359322	 -5.64406779661	 10.865240678	 201.644067797	23.5056	 196.0
53.5	 -13.1309972881	 -9.52372881356	 10.6621972881	 201.523728814	-2.4688	 192.0
54.0	 -16.8767538983	 -17.4033898305	 10.4591538983	 201.403389831	-6.4176	 184.0
54.5	 17.0442894915	 -12.2830508475	 10.2561105085	 201.283050847	27.3004	 189.0
55.0	 -16.2398671186	 -14.1627118644	 10.0530671186	 201.162711864	-6.1868	 187.0
55.5	 5.65557627119	 -5.04237288136	 9.85002372881	 201.042372881	15.5056	 196.0
56.0	 -8.34658033898	 -11.9220338983	 9.64698033898	 200.922033898	1.3004	 189.0
56.5	 -7.50233694915	 5.19830508475	 9.44393694915	 200.801694915	1.9416	 206.0
57.0	 1.57230644068	 -13.6813559322	 9.24089355932	 200.681355932	10.8132	 187.0
57.5	 -1.83985016949	 4.43898305085	 9.03785016949	 200.561016949	7.198	 205.0
58.0	 -2.07280677966	 -5.4406779661	 8.83480677966	 200.440677966	6.762	 195.0
58.5	 6.79703661017	 7.67966101695	 8.63176338983	 200.320338983	15.4288	 208.0
Actin association begins: 9.0
Actin association ends: 41.5
Length of actin association: 32.5
Cofilin association begins: 29.0
Cofilin association ends: 41.5
Length of cofilin association: 12.5
Delay between actin and cofilin association: 20.0
Maximum normalized actin intensity: 321.017842712
Maximum normalized cofilin intensity: 75.7457627119