Time	 Int488	 Int561	 Back488	 Back561	 Raw488	 Raw561
0.0	 -41.5948894939	 32.2279470527	 73.93848	 401.8	36.2516	 431.0
0.5	 14.0103995375	 0.707981128873	 73.2495346341	 400.358536585	85.9436	 401.0
1.0	 -5.32223494578	 -5.42695800688	 72.5605892683	 398.917073171	67.7384	 394.0
1.5	 34.1240497292	 -12.6655939595	 71.8716439024	 397.475609756	102.7896	 386.0
2.0	 6.38654324601	 1.06600960849	 71.1826985366	 396.034146341	76.9692	 397.0
2.5	 -6.46474204985	 60.0491826684	 70.4937531707	 394.592682927	64.6364	 449.0
3.0	 14.7277217102	 16.3885517589	 69.8048078049	 393.151219512	83.1488	 408.0
3.5	 1.14004989808	 17.9794903412	 69.115862439	 391.709756098	70.1488	 408.0
4.0	 48.0005283101	 -26.7848373851	 68.4269170732	 390.268292683	111.9176	 366.0
4.5	 64.77908776	 15.6428834216	 67.7379717073	 388.826829268	126.4308	 403.0
5.0	 2.00627100073	 28.2707901727	 67.0490263415	 387.385365854	68.8668	 413.0
5.5	 22.3780258077	 -16.4935375536	 66.3600809756	 385.943902439	86.6356	 371.0
6.0	 9.0177155399	 78.9116304631	 65.6711356098	 384.502439024	73.8416	 456.0
6.5	 58.9058550599	 -7.79317630452	 64.9821902439	 383.06097561	118.3536	 376.0
7.0	 31.8469013798	 -56.9722912984	 64.293244878	 381.619512195	93.148	 330.0
7.5	 66.1707083883	 -82.9737731379	 63.6042995122	 380.17804878	123.558	 305.0
8.0	 10.9255453988	 -82.4865313724	 62.9153541463	 378.736585366	72.8144	 304.0
8.5	 49.6080718764	 -56.6142628188	 62.2264087805	 377.295121951	107.1736	 326.0
9.0	 65.7915180027	 -93.652712827	 61.5374634146	 375.853658537	121.1476	 291.0
9.5	 32.2247264116	 -31.3584493165	 60.8485180488	 374.412195122	90.0456	 346.0
10.0	 92.8959838325	 -35.2859948185	 60.1595726829	 372.970731707	144.3276	 341.0
10.5	 112.503980442	 -46.9394180387	 59.4706273171	 371.529268293	161.4044	 329.0
11.0	 85.361145804	 3.21418048622	 58.7816819512	 370.087804878	136.1228	 373.0
11.5	 122.940416943	 72.130624898	 58.0927365854	 368.646341463	169.4824	 434.0
12.0	 193.770099867	 -53.2035704603	 57.4037912195	 367.204878049	232.9684	 319.0
12.5	 327.710049737	 -37.2645732585	 56.7148458537	 365.763414634	353.6352	 332.0
13.0	 343.329727529	 143.125249658	 56.0259004878	 364.32195122	367.0984	 494.0
13.5	 361.267610115	 90.6350442131	 55.336955122	 362.880487805	382.662	 445.0
14.0	 355.885703397	 -25.8695766102	 54.6480097561	 361.43902439	377.0968	 338.0
14.5	 428.103836916	 19.8692346472	 53.9590643902	 359.997560976	441.8408	 378.0
15.0	 479.010909338	 -53.5912103179	 53.2701190244	 358.556097561	487.276	 310.0
15.5	 421.671812747	 -27.7189417643	 52.5811736585	 357.114634146	434.6352	 332.0
16.0	 450.506273267	 27.9531408449	 51.8922282927	 355.673170732	460.0716	 381.0
16.5	 451.068436126	 17.4034144417	 51.2032829268	 354.231707317	459.892	 370.0
17.0	 562.622765678	 -4.1832801303	 50.514337561	 352.790243902	560.2764	 349.0
17.5	 519.829951655	 33.8296534089	 49.8253921951	 351.348780488	520.8152	 382.0
18.0	 600.0	 44.2501665263	 49.1364468293	 349.907317073	592.764	 390.0
18.5	 587.03569615	 120.892488656	 48.4475014634	 348.465853659	580.3288	 458.0
19.0	 599.85110107	 49.6394373248	 47.7585560976	 347.024390244	591.2512	 392.0
19.5	 456.848796777	 138.42242444	 47.0696107317	 345.582926829	460.9956	 471.0
20.0	 459.590098631	 132.287485305	 46.3806653659	 344.141463415	462.7904	 464.0
20.5	 432.898896731	 68.7603116913	 45.69172	 342.7	437.918	 405.0
21.0	 361.126977605	 107.876942047	 45.0027746341	 341.258536585	372.2004	 439.0
21.5	 353.114299155	 100.638306095	 44.3138292683	 339.817073171	364.2516	 431.0
22.0	 298.011292315	 165.139963239	 43.6248839024	 338.375609756	313.6368	 488.0
22.5	 338.985534863	 134.723694132	 42.9359385366	 336.934146341	350.0724	 459.0
23.0	 359.244712595	 150.662691334	 42.2469931707	 335.492682927	367.7392	 472.0
23.5	 328.93161922	 135.698177663	 41.5580478049	 334.051219512	339.5852	 457.0
24.0	 342.257373548	 157.155658949	 40.869102439	 332.609756098	350.97	 475.0
24.5	 231.91213363	 144.398538912	 40.1801570732	 331.168292683	250.3032	 462.0
25.0	 132.772506755	 19.0643435539	 39.4912117073	 329.726829268	159.7892	 347.0
25.5	 123.629201285	 145.373022443	 38.8022663415	 328.285365854	150.816	 460.0
26.0	 85.5893472346	 44.3201570562	 38.1133209756	 326.843902439	115.6612	 367.0
26.5	 103.216870276	 83.4367874123	 37.4243756098	 325.402439024	130.9436	 401.0
27.0	 37.160776226	 48.6057310378	 36.7354302439	 323.96097561	70.4048	 368.0
27.5	 67.6922809717	 11.5672810295	 36.046484878	 322.519512195	97.3788	 333.0
28.0	 14.0885358882	 14.2619164288	 35.3575395122	 321.07804878	48.1224	 334.0
28.5	 -11.2150983743	 35.7193977149	 34.6685941463	 319.636585366	24.5072	 352.0
29.0	 29.7026348969	 14.1327031429	 33.9796487805	 318.195121951	60.8916	 331.0
29.5	 -8.08160297092	 2.47927992278	 33.2907034146	 316.753658537	25.9684	 319.0
30.0	 -21.0467897783	 -6.96674966359	 32.6017580488	 315.312195122	13.5324	 309.0
30.5	 -2.37252067566	 -2.06472063059	 31.9128126829	 313.870731707	29.7632	 312.0
31.0	 14.1226094317	 -1.57747886509	 31.2238673171	 312.429268293	44.0196	 311.0
31.5	 -30.3116224971	 34.2280610404	 30.5349219512	 310.987804878	3.0712	 342.0
32.0	 -14.9771399623	 0.500701482777	 29.8459765854	 309.546341463	16.276	 310.0
32.5	 4.99904990548	 17.5433955014	 29.1570312195	 308.104878049	33.6864	 324.0
33.0	 33.5778942427	 -16.1839640562	 28.4680858537	 306.663414634	58.8912	 292.0
33.5	 30.3764509562	 0.858729962398	 27.7791404878	 305.22195122	55.3016	 306.0
34.0	 -0.503059625245	 -54.9425659327	 27.090195122	 303.780487805	26.6344	 254.0
34.5	 -13.4678049539	 -21.344419661	 26.4012497561	 302.33902439	14.1988	 283.0
35.0	 -9.14159447063	 -16.442390628	 25.7123043902	 300.897560976	17.4296	 286.0
35.5	 -20.2953940621	 -7.12557432748	 25.0233590244	 299.456097561	6.6348	 293.0
36.0	 17.2834355987	 18.7466942261	 24.3344136585	 298.014634146	39.994	 315.0
36.5	 41.5609527012	 10.4043614566	 23.6454682927	 296.573170732	61.3016	 306.0
37.0	 5.19165415263	 -6.76754584786	 22.9565229268	 295.131707317	27.6604	 289.0
37.5	 21.9980267624	 -11.7987881667	 22.267577561	 293.690243902	42.1988	 283.0
38.0	 -18.2483379645	 -26.7633018375	 21.5786321951	 292.248780488	5.0448	 268.0
38.5	 8.66127530692	 -15.2390919032	 20.8896868293	 290.807317073	28.7372	 277.0
39.0	 3.6484448045	 -16.9592437715	 20.2007414634	 289.365853659	23.5064	 274.0
39.5	 4.32406769626	 -2.12394338662	 19.5117960976	 287.924390244	23.4296	 286.0
40.0	 -24.2624023784	 14.918750632	 18.8228507317	 286.482926829	-3.16	 300.0
40.5	 -3.77718753867	 -4.46055030625	 18.1339053659	 285.041463415	14.7116	 281.0
Actin association begins: 3.0
Actin association ends: 28.0
Length of actin association: 25.0
Area under actin curve during patch life: 12099.9594809
Cofilin intensity score: 205.135791696