Time	 Int488	 Int561	 Back488	 Back561	 Raw488	 Raw561
0.0	 0.64616	 0.6	 23.09024	 198.4	23.7364	 199.0
0.5	 2.6417254902	 -0.392156862745	 23.3510745098	 198.392156863	25.9928	 198.0
1.0	 -2.61910901961	 -0.38431372549	 23.6119090196	 198.384313725	20.9928	 198.0
1.5	 9.06885647059	 7.62352941176	 23.8727435294	 198.376470588	32.9416	 206.0
2.0	 -12.3459780392	 -7.36862745098	 24.1335780392	 198.368627451	11.7876	 191.0
2.5	 27.444387451	 -15.3607843137	 24.394412549	 198.360784314	51.8388	 183.0
3.0	 11.8503529412	 -2.35294117647	 24.6552470588	 198.352941176	36.5056	 196.0
3.5	 3.38431843137	 -9.34509803922	 24.9160815686	 198.345098039	28.3004	 189.0
4.0	 -5.64571607843	 -6.33725490196	 25.1769160784	 198.337254902	19.5312	 192.0
4.5	 24.0934494118	 -6.32941176471	 25.4377505882	 198.329411765	49.5312	 192.0
5.0	 11.499414902	 6.67843137255	 25.698585098	 198.321568627	37.198	 205.0
5.5	 7.46938039216	 9.6862745098	 25.9594196078	 198.31372549	33.4288	 208.0
6.0	 0.336545882353	 -10.3058823529	 26.2202541176	 198.305882353	26.5568	 188.0
6.5	 9.56291137255	 -8.29803921569	 26.4810886275	 198.298039216	36.044	 190.0
7.0	 5.71247686275	 5.70980392157	 26.7419231373	 198.290196078	32.4544	 204.0
7.5	 -8.06115764706	 7.71764705882	 27.0027576471	 198.282352941	18.9416	 206.0
8.0	 4.60120784314	 19.7254901961	 27.2635921569	 198.274509804	31.8648	 218.0
8.5	 21.4939733333	 -4.26666666667	 27.5244266667	 198.266666667	49.0184	 194.0
9.0	 25.8227388235	 -18.2588235294	 27.7852611765	 198.258823529	53.608	 180.0
9.5	 9.07510431373	 18.7490196078	 28.0460956863	 198.250980392	37.1212	 217.0
10.0	 23.6090698039	 11.7568627451	 28.3069301961	 198.243137255	51.916	 210.0
10.5	 4.39943529412	 3.76470588235	 28.5677647059	 198.235294118	32.9672	 202.0
11.0	 46.7282007843	 -10.2274509804	 28.8285992157	 198.22745098	75.5568	 188.0
11.5	 14.3137662745	 13.7803921569	 29.0894337255	 198.219607843	43.4032	 212.0
12.0	 39.1809317647	 -6.21176470588	 29.3502682353	 198.211764706	68.5312	 192.0
12.5	 56.2020972549	 -11.2039215686	 29.6111027451	 198.203921569	85.8132	 187.0
13.0	 62.6336627451	 -2.19607843137	 29.8719372549	 198.196078431	92.5056	 196.0
13.5	 87.0396282353	 10.8117647059	 30.1327717647	 198.188235294	117.1724	 209.0
14.0	 54.5991937255	 -0.180392156863	 30.3936062745	 198.180392157	84.9928	 198.0
14.5	 94.6203592157	 -5.17254901961	 30.6544407843	 198.17254902	125.2748	 193.0
15.0	 120.103124706	 -4.16470588235	 30.9152752941	 198.164705882	151.0184	 194.0
15.5	 124.098690196	 -5.1568627451	 31.1761098039	 198.156862745	155.2748	 193.0
16.0	 115.555855686	 -0.149019607843	 31.4369443137	 198.149019608	146.9928	 198.0
16.5	 224.167021176	 19.8588235294	 31.6977788235	 198.141176471	255.8648	 218.0
17.0	 214.521386667	 1.86666666667	 31.9586133333	 198.133333333	246.48	 200.0
17.5	 150.491352157	 4.87450980392	 32.2194478431	 198.125490196	182.7108	 203.0
18.0	 189.538117647	 -4.11764705882	 32.4802823529	 198.117647059	222.0184	 194.0
18.5	 199.020883137	 -3.10980392157	 32.7411168627	 198.109803922	231.762	 195.0
19.0	 207.811248627	 -11.1019607843	 33.0019513725	 198.101960784	240.8132	 187.0
19.5	 187.627614118	 15.9058823529	 33.2627858824	 198.094117647	220.8904	 214.0
20.0	 179.341179608	 19.9137254902	 33.5236203922	 198.08627451	212.8648	 218.0
20.5	 180.208345098	 -0.078431372549	 33.784454902	 198.078431373	213.9928	 198.0
21.0	 215.691110588	 0.929411764706	 34.0452894118	 198.070588235	249.7364	 199.0
21.5	 161.327876078	 16.937254902	 34.3061239216	 198.062745098	195.634	 215.0
22.0	 200.682241569	 -1.05490196078	 34.5669584314	 198.054901961	235.2492	 197.0
22.5	 199.780607059	 20.9529411765	 34.8277929412	 198.047058824	234.6084	 219.0
23.0	 150.545372549	 16.9607843137	 35.088627451	 198.039215686	185.634	 215.0
23.5	 201.310138039	 12.968627451	 35.3494619608	 198.031372549	236.6596	 211.0
24.0	 227.587703529	 6.97647058824	 35.6102964706	 198.023529412	263.198	 205.0
24.5	 156.71166902	 24.9843137255	 35.8711309804	 198.015686275	192.5828	 223.0
25.0	 143.57883451	 4.99215686275	 36.1319654902	 198.007843137	179.7108	 203.0
25.5	 166.7284	 19.0	 36.3928	 198.0	203.1212	 217.0
26.0	 151.56996549	 3.00784313725	 36.6536345098	 197.992156863	188.2236	 201.0
26.5	 163.59113098	 -1.98431372549	 36.9144690196	 197.984313725	200.5056	 196.0
27.0	 158.253496471	 10.0235294118	 37.1753035294	 197.976470588	195.4288	 208.0
27.5	 134.275061961	 44.031372549	 37.4361380392	 197.968627451	171.7112	 242.0
28.0	 214.552627451	 38.0392156863	 37.696972549	 197.960784314	252.2496	 236.0
28.5	 175.778992941	 40.0470588235	 37.9578070588	 197.952941176	213.7368	 238.0
29.0	 193.492558431	 44.0549019608	 38.2186415686	 197.945098039	231.7112	 242.0
29.5	 145.206123922	 48.062745098	 38.4794760784	 197.937254902	183.6856	 246.0
30.0	 205.714889412	 84.0705882353	 38.7403105882	 197.929411765	244.4552	 282.0
30.5	 259.120454902	 58.0784313725	 39.001145098	 197.921568627	298.1216	 256.0
31.0	 186.270020392	 72.0862745098	 39.2619796078	 197.91372549	225.532	 270.0
31.5	 175.624385882	 54.0941176471	 39.5228141176	 197.905882353	215.1472	 252.0
32.0	 209.184351373	 82.1019607843	 39.7836486275	 197.898039216	248.968	 280.0
32.5	 154.230716863	 34.1098039216	 40.0444831373	 197.890196078	194.2752	 232.0
33.0	 76.2262823529	 33.1176470588	 40.3053176471	 197.882352941	116.5316	 231.0
33.5	 106.196247843	 36.1254901961	 40.5661521569	 197.874509804	146.7624	 234.0
34.0	 110.884213333	 44.1333333333	 40.8269866667	 197.866666667	151.7112	 242.0
34.5	 130.110578824	 46.1411764706	 41.0878211765	 197.858823529	171.1984	 244.0
35.0	 103.234544314	 64.1490196078	 41.3486556863	 197.850980392	144.5832	 262.0
35.5	 128.435309804	 70.1568627451	 41.6094901961	 197.843137255	170.0448	 268.0
36.0	 107.122875294	 39.1647058824	 41.8703247059	 197.835294118	148.9932	 237.0
36.5	 79.7852407843	 51.1725490196	 42.1311592157	 197.82745098	121.9164	 249.0
37.0	 79.5760062745	 82.1803921569	 42.3919937255	 197.819607843	121.968	 280.0
37.5	 82.2635717647	 51.1882352941	 42.6528282353	 197.811764706	124.9164	 249.0
38.0	 68.9255372549	 24.1960784314	 42.9136627451	 197.803921569	111.8392	 222.0
38.5	 14.7159027451	 16.2039215686	 43.1744972549	 197.796078431	57.8904	 214.0
39.0	 34.7626682353	 7.21176470588	 43.4353317647	 197.788235294	78.198	 205.0
39.5	 14.0658337255	 -2.78039215686	 43.6961662745	 197.780392157	57.762	 195.0
40.0	 34.2665992157	 3.22745098039	 43.9570007843	 197.77254902	78.2236	 201.0
40.5	 26.7237647059	 8.23529411765	 44.2178352941	 197.764705882	70.9416	 206.0
41.0	 14.6937301961	 11.2431372549	 44.4786698039	 197.756862745	59.1724	 209.0
41.5	 12.4584956863	 7.25098039216	 44.7395043137	 197.749019608	57.198	 205.0
42.0	 47.7104611765	 5.25882352941	 45.0003388235	 197.741176471	92.7108	 203.0
42.5	 38.2700266667	 -5.73333333333	 45.2611733333	 197.733333333	83.5312	 192.0
43.0	 16.1887921569	 5.27450980392	 45.5220078431	 197.725490196	61.7108	 203.0
43.5	 35.9791576471	 -2.71764705882	 45.7828423529	 197.717647059	81.762	 195.0
44.0	 11.4107231373	 6.29019607843	 46.0436768627	 197.709803922	57.4544	 204.0
44.5	 24.6114886275	 12.2980392157	 46.3045113725	 197.701960784	70.916	 210.0
45.0	 13.3506541176	 12.3058823529	 46.5653458824	 197.694117647	59.916	 210.0
45.5	 48.1154196078	 8.3137254902	 46.8261803922	 197.68627451	94.9416	 206.0
46.0	 46.598185098	 9.32156862745	 47.087014902	 197.678431373	93.6852	 207.0
46.5	 24.0809505882	 10.3294117647	 47.3478494118	 197.670588235	71.4288	 208.0
47.0	 1.69171607843	 -8.66274509804	 47.6086839216	 197.662745098	49.3004	 189.0
47.5	 25.1232815686	 0.345098039216	 47.8695184314	 197.654901961	72.9928	 198.0
48.0	 1.99044705882	 -19.6470588235	 48.1303529412	 197.647058824	50.1208	 178.0
48.5	 42.165612549	 -9.63921568627	 48.391187451	 197.639215686	90.5568	 188.0
49.0	 9.57157803922	 3.36862745098	 48.6520219608	 197.631372549	58.2236	 201.0
49.5	 -5.92005647059	 0.376470588235	 48.9128564706	 197.623529412	42.9928	 198.0
50.0	 -11.4372909804	 1.38431372549	 49.1736909804	 197.615686275	37.7364	 199.0
50.5	 -30.4673254902	 4.39215686275	 49.4345254902	 197.607843137	18.9672	 202.0
Actin association begins: 8.0
Actin association ends: 49.0
Length of actin association: 41.0
Cofilin association begins: 27.0
Cofilin association ends: 39.0
Length of cofilin association: 12.0
Delay between actin and cofilin association: 19.0
Maximum normalized actin intensity: 259.120454902
Maximum normalized cofilin intensity: 84.0705882353