Time	 Int488	 Int561	 Back488	 Back561	 Raw488	 Raw561
0.0	 16.5067220456	 5.04328222208	 131.27512	 224.2	153.5316	 231.0
0.5	 -18.7874149779	 1.5310572804	 130.145202759	 223.935632184	104.8136	 226.0
1.0	 -10.666011997	 -6.43112256312	 129.015285517	 223.671264368	114.634	 215.0
1.5	 10.4821889634	 7.11481295225	 127.885368276	 223.406896552	142.0188	 233.0
2.0	 10.8446505774	 -5.29732179311	 126.755451034	 223.142528736	141.3776	 216.0
2.5	 -4.8239986743	 -4.35959183295	 125.625533793	 222.87816092	119.1212	 217.0
3.0	 1.14866941626	 4.73638878058	 124.495616552	 222.613793103	126.0444	 229.0
3.5	 28.7623581854	 -6.93408681447	 123.36569931	 222.349425287	162.1468	 213.0
4.0	 92.6793723711	 -12.6712892071	 122.235782069	 222.085057471	247.198	 205.0
4.5	 114.93056882	 2.35796460891	 121.105864828	 221.820689655	276.07	 225.0
5.0	 148.344625472	 11.4539452224	 119.975947586	 221.556321839	319.9932	 237.0
5.5	 213.193460214	 4.97508367953	 118.846030345	 221.291954023	406.3008	 228.0
6.0	 204.770227533	 3.68783618876	 117.716113103	 221.027586207	393.8136	 226.0
6.5	 180.411113022	 29.8419772593	 116.586195862	 220.763218391	359.8396	 261.0
7.0	 272.073596021	 5.56329610908	 115.456278621	 220.498850575	482.3008	 228.0
7.5	 236.779458997	 2.0510711674	 114.326361379	 220.234482759	433.5828	 223.0
8.0	 298.62368419	 1.50548282694	 113.196444138	 219.970114943	515.8392	 222.0
8.5	 358.984591081	 0.959894486489	 112.066526897	 219.705747126	596.0956	 221.0
9.0	 395.441823559	 56.038742419	 110.936609655	 219.44137931	644.122	 295.0
9.5	 430.300632236	 13.2185825111	 109.806692414	 219.177011494	689.9932	 237.0
10.0	 451.106779996	 51.2392699866	 108.676775172	 218.912643678	716.9168	 288.0
10.5	 390.919298588	 26.218929686	 107.546857931	 218.648275862	634.6344	 254.0
11.0	 389.057079415	 42.7315018026	 106.41694069	 218.383908046	630.9936	 276.0
11.5	 444.302318151	 30.3193670572	 105.287023448	 218.11954023	704.3524	 259.0
12.0	 454.496510125	 17.1655731616	 104.157106207	 217.855172414	716.9676	 241.0
12.5	 490.002342245	 18.1033031217	 103.027188966	 217.590804598	763.7112	 242.0
13.0	 495.746579317	 4.94950922607	 101.897271724	 217.326436782	770.3264	 224.0
13.5	 483.634037359	 0.69562513408	 100.767354483	 217.062068966	752.8648	 218.0
14.0	 600.0	 27.591425355	 99.6374372414	 216.797701149	908.6344	 254.0
14.5	 505.449076849	 12.2126540084	 98.50752	 216.533333333	780.0188	 233.0
15.0	 531.979053268	 25.0169303734	 97.3776027586	 216.268965517	814.66	 250.0
15.5	 469.814011901	 19.2797279808	 96.2476855172	 216.004597701	729.7112	 242.0
16.0	 437.676969549	 43.9505507508	 95.1177682759	 215.740229885	685.25	 275.0
16.5	 349.629803819	 26.3468019533	 93.9878510345	 215.475862069	565.4036	 251.0
17.0	 423.112441061	 32.4761459656	 92.8579337931	 215.211494253	663.3524	 259.0
17.5	 393.998994733	 48.2470589319	 91.7280165517	 214.947126437	622.968	 280.0
18.0	 489.807352382	 42.5098565393	 90.5980993103	 214.682758621	751.0192	 272.0
18.5	 439.851503948	 70.1473159105	 89.468182069	 214.418390805	682.5324	 309.0
19.0	 388.164919721	 78.5016373737	 88.3382648276	 214.154022989	611.712	 320.0
19.5	 384.780815971	 43.0980689688	 87.2083475862	 213.889655172	606.0192	 272.0
20.0	 298.426413085	 50.7107312818	 86.0784303448	 213.625287356	488.4552	 282.0
20.5	 328.150863796	 27.9153684321	 84.9485131034	 213.36091954	527.4036	 251.0
21.0	 214.336085875	 38.4946673462	 83.8185958621	 213.096551724	372.814	 265.0
21.5	 239.192582587	 52.0406028616	 82.6886786207	 212.832183908	405.1988	 283.0
22.0	 53.8171898989	 61.1365834751	 81.5587613793	 212.567816092	154.122	 295.0
22.5	 197.738459946	 70.2325640887	 80.4288441379	 212.303448276	347.0452	 307.0
23.0	 242.942820443	 62.2703842451	 79.2989268966	 212.03908046	406.8656	 296.0
23.5	 77.4213465441	 98.0660942697	 78.1690096552	 211.774712644	182.5584	 344.0
24.0	 25.0111996499	 16.6796585459	 77.0390924138	 211.510344828	110.7624	 234.0
24.5	 52.0167279158	 42.0921404661	 75.9091751724	 211.245977011	146.0448	 268.0
25.0	 218.302284645	 91.2377151962	 74.779257931	 210.981609195	369.1224	 334.0
25.5	 192.383609273	 100.33369581	 73.6493406897	 210.717241379	333.0456	 346.0
26.0	 34.7533887336	 61.9634908036	 72.5194234483	 210.452873563	119.3784	 294.0
26.5	 104.622662596	 53.2596518098	 71.3895062069	 210.188505747	212.4552	 282.0
27.0	 99.2989718364	 31.2059481105	 70.2595889655	 209.924137931	204.1472	 252.0
27.5	 74.8446282901	 43.2685653252	 69.1296717241	 209.659770115	170.0448	 268.0
28.0	 53.2616923102	 41.2396586842	 67.9997544828	 209.395402299	139.814	 265.0
28.5	 7.26066712926	 1.38613537747	 66.8698372414	 209.131034483	76.6596	 211.0
29.0	 -11.678995639	 -8.05936276666	 65.73992	 208.866666667	49.9928	 198.0
29.5	 -30.9417251331	 4.00325444809	 64.6100027586	 208.602298851	22.8904	 214.0
30.0	 -9.67960532712	 -0.250629643897	 63.4800855172	 208.337931034	50.4288	 208.0
30.5	 -24.9299588181	 -6.7294911868	 62.3501682759	 208.073563218	28.7364	 199.0
31.0	 -27.5721067538	 -13.2083527297	 61.2202510345	 207.809195402	24.044	 190.0
31.5	 -17.4348742025	 -17.4622368217	 60.0903337931	 207.544827586	36.5824	 184.0
32.0	 -26.1242141861	 -6.14127875725	 58.9604165517	 207.28045977	23.7364	 199.0
32.5	 -36.8673566888	 7.40465675812	 57.8304993103	 207.016091954	8.1212	 217.0
33.0	 -25.0946173792	 8.34238671827	 56.700582069	 206.751724138	22.8648	 218.0
33.5	 -24.4660484621	 -16.6779535823	 55.5706648276	 206.487356322	22.5824	 184.0
34.0	 -27.9827608679	 -2.39035891662	 54.4407475862	 206.222988506	16.7108	 203.0
34.5	 -20.9260837632	 11.1555765987	 53.3108303448	 205.95862069	25.0956	 221.0
35.0	 -11.4735509394	 -1.99821729692	 52.1809131034	 205.694252874	36.7108	 203.0
35.5	 -22.2359765801	 -14.4103520423	 51.0509958621	 205.429885057	21.0696	 186.0
36.0	 -8.25724629377	 -10.5059854809	 49.9210786207	 205.165517241	38.7876	 191.0
36.5	 -17.8784068339	 1.55663173386	 48.7911613793	 204.901149425	24.6852	 207.0
37.0	 -6.98052865798	 -5.66388895935	 47.6612441379	 204.636781609	38.2492	 197.0
37.5	 -26.9089714054	 -5.4678181495	 46.5313268966	 204.372413793	10.2492	 197.0
38.0	 -30.3687243884	 -0.0801332875044	 45.4014096552	 204.108045977	4.4544	 204.0
38.5	 -18.0255008604	 -1.36738077827	 44.2714924138	 203.843678161	19.9672	 202.0
39.0	 -8.59195451086	 -11.5545380727	 43.1415751724	 203.579310345	31.5568	 188.0
39.5	 9.53235376198	 -18.0333996156	 42.011657931	 203.314942529	54.8644	 179.0
40.0	 -11.7272188284	 -12.6457147536	 40.8817406897	 203.050574713	25.0696	 186.0
40.5	 1.28171795293	 -2.06641583947	 39.7518234483	 202.786206897	41.48	 200.0
41.0	 -10.6786355473	 -1.12868587932	 38.6219062069	 202.52183908	24.2236	 201.0
41.5	 -16.5155544389	 -0.932615069466	 37.4919889655	 202.257471264	15.2236	 201.0
42.0	 -1.79516500226	 2.97175149192	 36.3620717241	 201.993103448	33.9416	 206.0
42.5	 14.9980134276	 1.68450400116	 35.2321544828	 201.728735632	55.4544	 204.0
43.0	 1.42113964341	 -5.53601669206	 34.1022372414	 201.464367816	36.0184	 194.0
Actin association begins: 3.0
Actin association ends: 28.5
Length of actin association: 25.5
Area under actin curve during patch life: 14503.7556641
Cofilin association begins: 4.5
Cofilin association ends: 28.5
Length of cofilin association: 24.0
Delay between actin and cofilin association: 1.5
Area under cofilin curve during patch life: 1735.9887859
Cofilin intensity score: 250.524732033