Time	 Int488	 Int561	 Back488	 Back561	 Raw488	 Raw561
0.0	 -10.77416	 19.4	 37.81936	 287.6	27.0452	 307.0
0.5	 -1.14598562874	 29.874251497	 37.6271856287	 287.125748503	36.4812	 317.0
1.0	 17.4817887425	 1.34850299401	 37.4350112575	 286.651497006	54.9168	 288.0
1.5	 8.39156311377	 -32.177245509	 37.2428368862	 286.177245509	45.6344	 254.0
2.0	 -12.031462515	 -13.702994012	 37.050662515	 285.702994012	25.0192	 272.0
2.5	 27.5199118563	 8.77125748503	 36.8584881437	 285.228742515	64.3784	 294.0
3.0	 3.66048622754	 -21.754491018	 36.6663137725	 284.754491018	40.3268	 263.0
3.5	 -0.736939401198	 -7.28023952096	 36.4741394012	 284.280239521	35.7372	 277.0
4.0	 33.8140349701	 -23.805988024	 36.2819650299	 283.805988024	70.096	 260.0
4.5	 3.28820934132	 -28.3317365269	 36.0897906587	 283.331736527	39.378	 255.0
5.0	 -18.4684162874	 -35.8574850299	 35.8976162874	 282.85748503	17.4292	 247.0
5.5	 24.5697580838	 -50.3832335329	 35.7054419162	 282.383233533	60.2752	 232.0
6.0	 21.2491324551	 -47.9089820359	 35.5132675449	 281.908982036	56.7624	 234.0
6.5	 6.90290682635	 -41.4347305389	 35.3210931737	 281.434730539	42.224	 240.0
7.0	 23.3774811976	 -6.96047904192	 35.1289188024	 280.960479042	58.5064	 274.0
7.5	 32.1848555689	 -24.4862275449	 34.9367444311	 280.486227545	67.1216	 256.0
8.0	 25.4798299401	 -1.0119760479	 34.7445700599	 280.011976048	60.2244	 279.0
8.5	 73.5692043114	 -23.5377245509	 34.5523956886	 279.537724551	108.1216	 256.0
9.0	 18.9409786826	 -12.0634730539	 34.3602213174	 279.063473054	53.3012	 267.0
9.5	 32.3639530539	 -8.58922155689	 34.1680469461	 278.589221557	66.532	 270.0
10.0	 3.94092742515	 9.88502994012	 33.9758725749	 278.11497006	37.9168	 288.0
10.5	 39.1071017964	 -24.6407185629	 33.7836982036	 277.640718563	72.8908	 253.0
11.0	 54.7612761677	 20.8335329341	 33.5915238323	 277.166467066	88.3528	 298.0
11.5	 48.7738505389	 10.3077844311	 33.3993494611	 276.692215569	82.1732	 287.0
12.0	 19.7100249102	 50.7820359281	 33.2071750898	 276.217964072	52.9172	 327.0
12.5	 60.0553992814	 -11.7437125749	 33.0150007186	 275.743712575	93.0704	 264.0
13.0	 62.0427736527	 20.7305389222	 32.8228263473	 275.269461078	94.8656	 296.0
13.5	 37.799348024	 50.2047904192	 32.630651976	 274.795209581	70.43	 325.0
14.0	 99.4271223952	 21.6790419162	 32.4384776048	 274.320958084	131.8656	 296.0
14.5	 74.9012967665	 17.1532934132	 32.2463032335	 273.846706587	107.1476	 291.0
15.0	 66.6830711377	 3.62754491018	 32.0541288623	 273.37245509	98.7372	 277.0
15.5	 89.644845509	 40.1017964072	 31.861954491	 272.898203593	121.5068	 313.0
16.0	 43.0166198802	 51.5760479042	 31.6697801198	 272.423952096	74.6864	 324.0
16.5	 92.8239942515	 34.0502994012	 31.4776057485	 271.949700599	124.3016	 306.0
17.0	 102.964968623	 42.5245508982	 31.2854313772	 271.475449102	134.2504	 314.0
17.5	 163.310742994	 18.9988023952	 31.093257006	 271.001197605	194.404	 290.0
18.0	 110.964917365	 64.4730538922	 30.9010826347	 270.526946108	141.866	 335.0
18.5	 51.4134917365	 63.9473053892	 30.7089082635	 270.052694611	82.1224	 334.0
19.0	 94.2720661078	 38.4215568862	 30.5167338922	 269.578443114	124.7888	 308.0
19.5	 83.310240479	 23.8958083832	 30.324559521	 269.104191617	113.6348	 293.0
20.0	 145.78481485	 58.3700598802	 30.1323851497	 268.62994012	175.9172	 327.0
20.5	 143.156589222	 69.8443113772	 29.9402107784	 268.155688623	173.0968	 338.0
21.0	 157.220363593	 51.3185628743	 29.7480364072	 267.681437126	186.9684	 319.0
21.5	 208.567337964	 144.792814371	 29.5558620359	 267.207185629	238.1232	 412.0
22.0	 164.425512335	 80.2670658683	 29.3636876647	 266.732934132	193.7892	 347.0
22.5	 205.412486707	 73.7413173653	 29.1715132934	 266.258682635	234.584	 340.0
23.0	 222.271461078	 87.2155688623	 28.9793389222	 265.784431138	251.2508	 353.0
23.5	 257.130835449	 139.689820359	 28.7871645509	 265.310179641	285.918	 405.0
24.0	 289.19460982	 121.164071856	 28.5949901796	 264.835928144	317.7896	 386.0
24.5	 403.515584192	 179.638323353	 28.4028158084	 264.361676647	431.9184	 444.0
25.0	 321.220158563	 139.11257485	 28.2106414371	 263.88742515	349.4308	 403.0
25.5	 342.746332934	 204.586826347	 28.0184670659	 263.413173653	370.7648	 468.0
26.0	 443.374107305	 176.061077844	 27.8262926946	 262.938922156	471.2004	 439.0
26.5	 419.899481677	 163.535329341	 27.6341183234	 262.464670659	447.5336	 426.0
27.0	 375.732856048	 181.009580838	 27.4419439521	 261.990419162	403.1748	 443.0
27.5	 437.438230419	 218.483832335	 27.2497695808	 261.516167665	464.688	 480.0
28.0	 454.47640479	 203.958083832	 27.0575952096	 261.041916168	481.534	 465.0
28.5	 419.668179162	 165.432335329	 26.8654208383	 260.567664671	446.5336	 426.0
29.0	 450.219553533	 187.906586826	 26.6732464671	 260.093413174	476.8928	 448.0
29.5	 368.590927904	 160.380838323	 26.4810720958	 259.619161677	395.072	 420.0
30.0	 445.578302275	 192.85508982	 26.2888977246	 259.14491018	471.8672	 452.0
30.5	 353.206876647	 242.329341317	 26.0967233533	 258.670658683	379.3036	 501.0
31.0	 404.425051018	 277.803592814	 25.904548982	 258.196407186	430.3296	 536.0
31.5	 328.283225389	 213.277844311	 25.7123746108	 257.722155689	353.9956	 471.0
32.0	 294.98819976	 211.752095808	 25.5202002395	 257.247904192	320.5084	 469.0
32.5	 378.231574132	 204.226347305	 25.3280258683	 256.773652695	403.5596	 461.0
33.0	 372.988148503	 233.700598802	 25.135851497	 256.299401198	398.124	 490.0
33.5	 503.026322874	 219.174850299	 24.9436771257	 255.825149701	527.97	 475.0
34.0	 469.860497246	 314.649101796	 24.7515027545	 255.350898204	494.612	 570.0
34.5	 589.770271617	 281.123353293	 24.5593283832	 254.876646707	614.3296	 536.0
35.0	 578.526445988	 271.59760479	 24.367154012	 254.40239521	602.8936	 526.0
35.5	 509.898220359	 283.071856287	 24.1749796407	 253.928143713	534.0732	 537.0
36.0	 442.833994731	 284.546107784	 23.9828052695	 253.453892216	466.8168	 538.0
36.5	 429.667769102	 341.020359281	 23.7906308982	 252.979640719	453.4584	 594.0
37.0	 462.501143473	 358.494610778	 23.5984565269	 252.505389222	486.0996	 611.0
37.5	 425.974517844	 275.968862275	 23.4062821557	 252.031137725	449.3808	 528.0
38.0	 329.884692216	 281.443113772	 23.2141077844	 251.556886228	353.0988	 533.0
38.5	 387.692066587	 263.917365269	 23.0219334132	 251.082634731	410.714	 515.0
39.0	 180.041040958	 552.391616766	 22.8297590419	 250.608383234	202.8708	 803.0
39.5	 238.435615329	 286.865868263	 22.6375846707	 250.134131737	261.0732	 537.0
40.0	 146.806589701	 220.34011976	 22.4454102994	 249.65988024	169.252	 470.0
40.5	 129.460364072	 226.814371257	 22.2532359281	 249.185628743	151.7136	 476.0
41.0	 158.498938443	 251.288622754	 22.0610615569	 248.711377246	180.56	 500.0
41.5	 144.331912814	 229.762874251	 21.8688871856	 248.237125749	166.2008	 478.0
42.0	 93.8320871856	 260.237125749	 21.6767128144	 247.762874251	115.5088	 508.0
42.5	 77.9718615569	 151.711377246	 21.4845384431	 247.288622754	99.4564	 399.0
43.0	 52.7796359281	 173.185628743	 21.2923640719	 246.814371257	74.072	 420.0
43.5	 72.1514102994	 184.65988024	 21.1001897006	 246.34011976	93.2516	 431.0
44.0	 81.6003846707	 223.134131737	 20.9080153293	 245.865868263	102.5084	 469.0
44.5	 64.6645590419	 243.608383234	 20.7158409581	 245.391616766	85.3804	 489.0
45.0	 11.9839334132	 146.082634731	 20.5236665868	 244.917365269	32.5076	 391.0
45.5	 79.5605077844	 125.556886228	 20.3314922156	 244.443113772	99.892	 370.0
46.0	 21.9838821557	 168.031137725	 20.1393178443	 243.968862275	42.1232	 412.0
46.5	 30.6624565269	 92.5053892216	 19.9471434731	 243.494610778	50.6096	 336.0
47.0	 32.4190308982	 121.979640719	 19.7549691018	 243.020359281	52.174	 365.0
47.5	 18.7132052695	 67.4538922156	 19.5627947305	 242.546107784	38.276	 310.0
48.0	 5.16217964072	 105.928143713	 19.3706203593	 242.071856287	24.5328	 348.0
48.5	 6.97035401198	 166.40239521	 19.178445988	 241.59760479	26.1488	 408.0
49.0	 43.9049283832	 50.8766467066	 18.9862716168	 241.123353293	62.8912	 292.0
49.5	 10.5335027545	 100.350898204	 18.7940972455	 240.649101796	29.3276	 341.0
50.0	 -7.58232287425	 70.8251497006	 18.6019228743	 240.174850299	11.0196	 311.0
50.5	 8.25025149701	 10.2994011976	 18.409748503	 239.700598802	26.66	 250.0
51.0	 31.9556258683	 47.7736526946	 18.2175741317	 239.226347305	50.1732	 287.0
51.5	 31.4042002395	 47.2479041916	 18.0253997605	 238.752095808	49.4296	 286.0
52.0	 4.21157461078	 29.7221556886	 17.8332253892	 238.277844311	22.0448	 268.0
52.5	 34.532148982	 49.1964071856	 17.641051018	 237.803592814	52.1732	 287.0
53.0	 2.57032335329	 34.6706586826	 17.4488766467	 237.329341317	20.0192	 272.0
53.5	 -6.80190227545	 6.14491017964	 17.2567022754	 236.85508982	10.4548	 243.0
54.0	 11.0314720958	 23.6191616766	 17.0645279042	 236.380838323	28.096	 260.0
54.5	 6.91564646707	 -5.90658682635	 16.8723535329	 235.906586826	23.788	 230.0
55.0	 3.23622083832	 13.5676646707	 16.6801791617	 235.432335329	19.9164	 249.0
55.5	 -0.546004790419	 10.0419161677	 16.4880047904	 234.958083832	15.942	 245.0
56.0	 -10.3282304192	 6.51616766467	 16.2958304192	 234.483832335	5.9676	 241.0
56.5	 -3.3668560479	 3.99041916168	 16.1036560479	 234.009580838	12.7368	 238.0
57.0	 0.568918323353	 5.46467065868	 15.9114816766	 233.535329341	16.4804	 239.0
57.5	 -0.854507305389	 -15.0610778443	 15.7193073054	 233.061077844	14.8648	 218.0
58.0	 -4.50833293413	 0.413173652695	 15.5271329341	 232.586826347	11.0188	 233.0
58.5	 -8.23935856287	 -11.1125748503	 15.3349585629	 232.11257485	7.0956	 221.0
59.0	 -20.4575841916	 -24.6383233533	 15.1427841916	 231.638323353	-5.3148	 207.0
59.5	 6.88859017964	 -9.16407185629	 14.9506098204	 231.164071856	21.8392	 222.0
60.0	 8.5423645509	 -2.68982035928	 14.7584354491	 230.689820359	23.3008	 228.0
60.5	 -4.72706107784	 -8.21556886228	 14.5662610778	 230.215568862	9.8392	 222.0
61.0	 -16.4064867066	 11.2586826347	 14.3740867066	 229.741317365	-2.0324	 241.0
61.5	 -0.188712335329	 7.73293413174	 14.1819123353	 229.267065868	13.9932	 237.0
62.0	 -4.63773796407	 -8.79281437126	 13.9897379641	 228.792814371	9.352	 220.0
62.5	 26.4264364072	 11.6814371257	 13.7975635928	 228.318562874	40.224	 240.0
63.0	 8.25941077844	 -9.84431137725	 13.6053892216	 227.844311377	21.8648	 218.0
63.5	 -18.2920148503	 -10.3700598802	 13.4132148503	 227.37005988	-4.8788	 217.0
64.0	 -2.20224047904	 6.10419161677	 13.221040479	 226.895808383	11.0188	 233.0
64.5	 -4.44606610778	 -3.42155688623	 13.0288661078	 226.421556886	8.5828	 223.0
65.0	 7.74610826347	 -2.94730538922	 12.8366917365	 225.947305389	20.5828	 223.0
65.5	 -3.11291736527	 5.52694610778	 12.6445173653	 225.473053892	9.5316	 231.0
66.0	 14.720057006	 -15.9988023952	 12.452342994	 224.998802395	27.1724	 209.0
66.5	 -10.4465686228	 1.4754491018	 12.2601686228	 224.524550898	1.8136	 226.0
67.0	 -1.8443942515	 -23.0502994012	 12.0679942515	 224.050299401	10.2236	 201.0
67.5	 -12.6778198802	 -18.5760479042	 11.8758198802	 223.576047904	-0.802	 205.0
68.0	 13.052754491	 -24.1017964072	 11.683645509	 223.101796407	24.7364	 199.0
68.5	 -2.80627113772	 -15.6275449102	 11.4914711377	 222.62754491	8.6852	 207.0
69.0	 -0.639696766467	 -11.1532934132	 11.2992967665	 222.153293413	10.6596	 211.0
69.5	 -4.52432239521	 1.32095808383	 11.1071223952	 221.679041916	6.5828	 223.0
70.0	 -7.84494802395	 3.79520958084	 10.914948024	 221.204790419	3.07	 225.0
70.5	 -10.0375736527	 -13.7305389222	 10.7227736527	 220.730538922	0.6852	 207.0
71.0	 2.89820071856	 -12.2562874251	 10.5305992814	 220.256287425	13.4288	 208.0
71.5	 -12.9352249102	 -7.78203592814	 10.3384249102	 219.782035928	-2.5968	 212.0
72.0	 16.8977494611	 -29.3077844311	 10.1462505389	 219.307784431	27.044	 190.0
72.5	 -12.3968761677	 8.16646706587	 9.95407616766	 218.833532934	-2.4428	 227.0
73.0	 -12.4099017964	 1.64071856287	 9.76190179641	 218.359281437	-2.648	 220.0
73.5	 -9.85892742515	 -14.8850299401	 9.56972742515	 217.88502994	-0.2892	 203.0
74.0	 10.5128469461	 -3.41077844311	 9.37755305389	 217.410778443	19.8904	 214.0
74.5	 3.85902131737	 12.0634730539	 9.18537868263	 216.936526946	13.0444	 229.0
75.0	 -4.17960431138	 9.5377245509	 8.99320431138	 216.462275449	4.8136	 226.0
75.5	 3.65337005988	 -11.9880239521	 8.80102994012	 215.988023952	12.4544	 204.0
76.0	 11.8711444311	 -15.5137724551	 8.60885556886	 215.513772455	20.48	 200.0
76.5	 -8.2954811976	 1.96047904192	 8.4166811976	 215.039520958	0.1212	 217.0
77.0	 -4.74450682635	 -14.5652694611	 8.22450682635	 214.565269461	3.48	 200.0
77.5	 0.37086754491	 -2.09101796407	 8.03233245509	 214.091017964	8.4032	 212.0
78.0	 5.12704191617	 -11.6167664671	 7.84015808383	 213.616766467	12.9672	 202.0
78.5	 -9.24478371257	 -1.14251497006	 7.64798371257	 213.14251497	-1.5968	 212.0
79.0	 -5.87300934132	 10.3317365269	 7.45580934132	 212.668263473	1.5828	 223.0
79.5	 7.70356502994	 -10.194011976	 7.26363497006	 212.194011976	14.9672	 202.0
80.0	 8.6137394012	 -4.71976047904	 7.0714605988	 211.719760479	15.6852	 207.0
80.5	 9.49831377246	 4.75449101796	 6.87928622754	 211.245508982	16.3776	 216.0
81.0	 -8.23271185629	 -6.77125748503	 6.68711185629	 210.771257485	-1.5456	 204.0
81.5	 -3.06613748503	 -2.29700598802	 6.49493748503	 210.297005988	3.4288	 208.0
82.0	 -2.92516311377	 6.17724550898	 6.30276311377	 209.822754491	3.3776	 216.0
82.5	 2.36941125749	 -9.34850299401	 6.11058874251	 209.348502994	8.48	 200.0
83.0	 8.97198562874	 5.12574850299	 5.91841437126	 208.874251497	14.8904	 214.0
Actin association begins: 5.5
Actin association ends: 49.5
Length of actin association: 44.0
Cofilin association begins: 13.0
Cofilin association ends: 54.0
Length of cofilin association: 41.0
Delay between actin and cofilin association: 7.5
Maximum normalized actin intensity: 589.770271617
Maximum normalized cofilin intensity: 552.391616766