Time	 Int488	 Int561	 Back488	 Back561	 Raw488	 Raw561
0.0	 4.48712	 -5.8	 108.58328	 269.8	113.0704	 264.0
0.5	 15.0200060952	 7.73714285714	 107.717193905	 269.262857143	122.7372	 277.0
1.0	 15.4500921905	 -1.72571428571	 106.85110781	 268.725714286	122.3012	 267.0
1.5	 -52.4018217143	 -6.18857142857	 105.985021714	 268.188571429	53.5832	 262.0
2.0	 26.105464381	 11.3485714286	 105.118935619	 267.651428571	131.2244	 279.0
2.5	 27.3307504762	 33.8857142857	 104.252849524	 267.114285714	131.5836	 301.0
3.0	 17.3760365714	 6.42285714286	 103.386763429	 266.577142857	120.7628	 273.0
3.5	 22.6525226667	 20.96	 102.520677333	 266.04	125.1732	 287.0
4.0	 -39.9937912381	 62.4971428571	 101.654591238	 265.502857143	61.6608	 328.0
4.5	 2.43549485714	 -24.9657142857	 100.788505143	 264.965714286	103.224	 240.0
5.0	 13.9171809524	 -3.42857142857	 99.9224190476	 264.428571429	113.8396	 261.0
5.5	 41.5012670476	 2.10857142857	 99.0563329524	 263.891428571	140.5576	 266.0
6.0	 31.1621531429	 -4.35428571429	 98.1902468571	 263.354285714	129.3524	 259.0
6.5	 9.5154392381	 -1.81714285714	 97.3241607619	 262.817142857	106.8396	 261.0
7.0	 147.022725333	 15.72	 96.4580746667	 262.28	243.4808	 278.0
7.5	 161.811611429	 -10.7428571429	 95.5919885714	 261.742857143	257.4036	 251.0
8.0	 155.421297524	 -9.20571428571	 94.7259024762	 261.205714286	250.1472	 252.0
8.5	 218.004983619	 -42.6685714286	 93.859816381	 260.668571429	311.8648	 218.0
9.0	 331.102269714	 -0.131428571429	 92.9937302857	 260.131428571	424.096	 260.0
9.5	 437.37875581	 14.4057142857	 92.1276441905	 259.594285714	529.5064	 274.0
10.0	 531.014041905	 11.9428571429	 91.2615580952	 259.057142857	622.2756	 271.0
10.5	 483.290928	 65.48	 90.395472	 258.52	573.6864	 324.0
11.0	 480.182614095	 62.0171428571	 89.5293859048	 257.982857143	569.712	 320.0
11.5	 582.50950019	 -9.44571428571	 88.6632998095	 257.445714286	671.1728	 248.0
12.0	 551.222386286	 54.0914285714	 87.7972137143	 256.908571429	639.0196	 311.0
12.5	 580.319672381	 96.6285714286	 86.931127619	 256.371428571	667.2508	 353.0
13.0	 629.160558476	 140.165714286	 86.0650415238	 255.834285714	715.2256	 396.0
13.5	 741.333844571	 92.7028571429	 85.1989554286	 255.297142857	826.5328	 348.0
14.0	 767.995130667	 125.24	 84.3328693333	 254.76	852.328	 380.0
14.5	 701.066016762	 93.7771428571	 83.4667832381	 254.222857143	784.5328	 348.0
15.0	 536.727302857	 126.314285714	 82.6006971429	 253.685714286	619.328	 380.0
15.5	 659.516188952	 99.8514285714	 81.7346110476	 253.148571429	741.2508	 353.0
16.0	 676.972275048	 125.388571429	 80.8685249524	 252.611428571	757.8408	 378.0
16.5	 596.377161143	 158.925714286	 80.0024388571	 252.074285714	676.3796	 411.0
17.0	 754.857647238	 63.4628571429	 79.1363527619	 251.537142857	833.994	 315.0
17.5	 660.417333333	 190.0	 78.2702666667	 251.0	738.6876	 441.0
18.0	 774.488619429	 197.537142857	 77.4041805714	 250.462857143	851.8928	 448.0
18.5	 678.329105524	 202.074285714	 76.5380944762	 249.925714286	754.8672	 452.0
19.0	 678.168791619	 128.611428571	 75.672008381	 249.388571429	753.8408	 378.0
19.5	 502.650477714	 150.148571429	 74.8059222857	 248.851428571	577.4564	 399.0
20.0	 549.51616381	 111.685714286	 73.9398361905	 248.314285714	623.456	 360.0
20.5	 369.715049905	 60.2228571429	 73.0737500952	 247.777142857	442.7888	 308.0
21.0	 378.581536	 99.76	 72.207664	 247.24	450.7892	 347.0
21.5	 297.422422095	 143.297142857	 71.3415779048	 246.702857143	368.764	 390.0
22.0	 262.21130819	 116.834285714	 70.4754918095	 246.165714286	332.6868	 363.0
22.5	 240.308594286	 159.371428571	 69.6094057143	 245.628571429	309.918	 405.0
23.0	 337.482680381	 189.908571429	 68.743319619	 245.091428571	406.226	 435.0
23.5	 318.629966476	 107.445714286	 67.8772335238	 244.554285714	386.5072	 352.0
24.0	 445.599252571	 169.982857143	 67.0111474286	 244.017142857	512.6104	 414.0
24.5	 341.182938667	 136.52	 66.1450613333	 243.48	407.328	 380.0
25.0	 222.023824762	 180.057142857	 65.2789752381	 242.942857143	287.3028	 423.0
25.5	 136.556310857	 154.594285714	 64.4128891429	 242.405714286	200.9692	 397.0
26.0	 205.960796952	 149.131428571	 63.5468030476	 241.868571429	269.5076	 391.0
26.5	 238.980483048	 125.668571429	 62.6807169524	 241.331428571	301.6612	 367.0
27.0	 182.102569143	 86.2057142857	 61.8146308571	 240.794285714	243.9172	 327.0
27.5	 52.1734552381	 54.7428571429	 60.9485447619	 240.257142857	113.122	 295.0
28.0	 85.2451413333	 101.28	 60.0824586667	 239.72	145.3276	 341.0
28.5	 105.674827429	 52.8171428571	 59.2163725714	 239.182857143	164.8912	 292.0
29.0	 70.0541135238	 90.3542857143	 58.3502864762	 238.645714286	128.4044	 329.0
29.5	 42.920999619	 168.891428571	 57.484200381	 238.108571429	100.4052	 407.0
30.0	 195.274285714	 171.428571429	 56.6181142857	 237.571428571	251.8924	 409.0
30.5	 178.88397181	 172.965714286	 55.7520281905	 237.034285714	234.636	 410.0
31.0	 70.3388579048	 81.5028571429	 54.8859420952	 236.497142857	125.2248	 318.0
31.5	 170.436544	 163.04	 54.019856	 235.96	224.4564	 399.0
32.0	 73.4566300952	 178.577142857	 53.1537699048	 235.422857143	126.6104	 414.0
32.5	 67.9111161905	 48.1142857143	 52.2876838095	 234.885714286	120.1988	 283.0
33.0	 -26.2483977143	 52.6514285714	 51.4215977143	 234.348571429	25.1732	 287.0
33.5	 -24.151911619	 17.1885714286	 50.555511619	 233.811428571	26.4036	 251.0
34.0	 -9.51582552381	 92.7257142857	 49.6894255238	 233.274285714	40.1736	 326.0
34.5	 -4.90653942857	 55.2628571429	 48.8233394286	 232.737142857	43.9168	 288.0
35.0	 1.52434666667	 123.8	 47.9572533333	 232.2	49.4816	 356.0
35.5	 69.6980327619	 115.337142857	 47.0911672381	 231.662857143	116.7892	 347.0
36.0	 18.3841188571	 65.8742857143	 46.2250811429	 231.125714286	64.6092	 297.0
36.5	 -12.2109950476	 99.4114285714	 45.3589950476	 230.588571429	33.148	 330.0
37.0	 -17.2429089524	 44.9485714286	 44.4929089524	 230.051428571	27.25	 275.0
37.5	 -24.9404228571	 94.4857142857	 43.6268228571	 229.514285714	18.6864	 324.0
38.0	 -14.7927367619	 51.0228571429	 42.7607367619	 228.977142857	27.968	 280.0
38.5	 7.30374933333	 15.56	 41.8946506667	 228.44	49.1984	 244.0
39.0	 -14.5221645714	 46.0971428571	 41.0285645714	 227.902857143	26.5064	 274.0
39.5	 3.24112152381	 23.6342857143	 40.1624784762	 227.365714286	43.4036	 251.0
40.0	 5.92760761905	 13.1714285714	 39.296392381	 226.828571429	45.224	 240.0
40.5	 -44.6419062857	 42.7085714286	 38.4303062857	 226.291428571	-6.2116	 269.0
41.0	 9.19777980952	 -30.7542857143	 37.5642201905	 225.754285714	46.762	 195.0
41.5	 -3.44853409524	 10.7828571429	 36.6981340952	 225.217142857	33.2496	 236.0
42.0	 -12.736448	 -3.68	 35.832048	 224.68	23.0956	 221.0
42.5	 -26.6395619048	 -0.142857142857	 34.9659619048	 224.142857143	8.3264	 224.0
43.0	 -0.927475809524	 -14.6057142857	 34.0998758095	 223.605714286	33.1724	 209.0
43.5	 -36.3685897143	 33.9314285714	 33.2337897143	 223.068571429	-3.1348	 257.0
44.0	 -17.836103619	 8.46857142857	 32.367703619	 222.531428571	14.5316	 231.0
44.5	 -7.63681752381	 -3.99428571429	 31.5016175238	 221.994285714	23.8648	 218.0
45.0	 -34.8731314286	 12.5428571429	 30.6355314286	 221.457142857	-4.2376	 234.0
45.5	 -0.212245333333	 6.08	 29.7694453333	 220.92	29.5572	 227.0
46.0	 -27.3205592381	 2.61714285714	 28.9033592381	 220.382857143	1.5828	 223.0
46.5	 -13.2492731429	 10.1542857143	 28.0372731429	 219.845714286	14.788	 230.0
47.0	 -24.5883870476	 3.69142857143	 27.1711870476	 219.308571429	2.5828	 223.0
47.5	 -10.1067009524	 25.2285714286	 26.3051009524	 218.771428571	16.1984	 244.0
48.0	 -29.1126148571	 5.76571428571	 25.4390148571	 218.234285714	-3.6736	 224.0
48.5	 -27.5541287619	 15.3028571429	 24.5729287619	 217.697142857	-2.9812	 233.0
49.0	 -6.79084266667	 -7.16	 23.7068426667	 217.16	16.916	 210.0
49.5	 -3.15555657143	 -9.62285714286	 22.8407565714	 216.622857143	19.6852	 207.0
50.0	 -5.03307047619	 -10.0857142857	 21.9746704762	 216.085714286	16.9416	 206.0
50.5	 -18.576984381	 15.4514285714	 21.108584381	 215.548571429	2.5316	 231.0
51.0	 23.0839017143	 8.98857142857	 20.2424982857	 215.011428571	43.3264	 224.0
51.5	 18.5395878095	 -4.47428571429	 19.3764121905	 214.474285714	37.916	 210.0
52.0	 -31.0047260952	 -17.9371428571	 18.5103260952	 213.937142857	-12.4944	 196.0
Actin association begins: 4.5
Actin association ends: 32.5
Length of actin association: 28.0
Cofilin association begins: 12.0
Cofilin association ends: 40.5
Length of cofilin association: 28.5
Delay between actin and cofilin association: 7.5
Maximum normalized actin intensity: 774.488619429
Maximum normalized cofilin intensity: 202.074285714