Time	 Int488	 Int561	 Back488	 Back561	 Raw488	 Raw561
0.0	 -19.0224815588	 -22.6145554898	 23.55704	 211.4	9.762	 195.0
0.5	 23.258069777	 1.04087450524	 23.5365255914	 211.24516129	40.4032	 212.0
1.0	 -17.9046760485	 27.454177121	 23.5160111828	 211.090322581	10.5316	 231.0
1.5	 29.5022089146	 4.22577256399	 23.4954967742	 210.935483871	44.8904	 214.0
2.0	 -15.5502404552	 -7.97114151019	 23.4749823656	 210.780645161	12.198	 205.0
2.5	 12.4809346239	 -20.1680555844	 23.454467957	 210.625806452	32.5056	 196.0
3.0	 -1.77490276487	 3.48737441071	 23.4339535484	 210.470967742	22.1468	 213.0
3.5	 17.3461374512	 -16.9831575256	 23.4134391398	 210.316129032	35.9928	 198.0
4.0	 21.2635774839	 -31.9379442205	 23.3929247312	 210.161290323	38.8132	 187.0
4.5	 -2.92777180833	 -17.9350683979	 23.3724103226	 210.006451613	21.2492	 197.0
5.0	 21.3201536097	 -31.5109187825	 23.351895914	 209.851612903	38.8132	 187.0
5.5	 29.4808564565	 -9.23442509774	 23.3313815054	 209.696774194	44.7108	 203.0
6.0	 44.1821300107	 -39.3575112065	 23.3108670968	 209.541935484	55.3516	 181.0
6.5	 23.3498695705	 -11.5652722804	 23.2903526882	 209.387096774	40.2236	 201.0
7.0	 15.7763575417	 -8.59388694067	 23.2698382796	 209.232258065	34.7108	 203.0
7.5	 16.5117641446	 -11.1382468424	 23.249323871	 209.077419355	35.2236	 201.0
8.0	 0.0281172527318	 -16.4404793648	 23.2288094624	 208.922580645	23.2492	 197.0
8.5	 41.1062361259	 -20.3637755768	 23.2082950538	 208.767741935	53.0184	 194.0
9.0	 69.5974243581	 3.29165441827	 23.1877806452	 208.612903226	73.6596	 211.0
9.5	 73.1966058903	 -15.7999412077	 23.1672662366	 208.458064516	76.2492	 197.0
10.0	 18.845161618	 -29.3757915922	 23.146751828	 208.303225806	36.8132	 187.0
10.5	 56.9536032532	 -0.20461635573	 23.1262374194	 208.148387097	64.4288	 208.0
11.0	 56.3453743152	 -8.26472149884	 23.1057230108	 207.993548387	63.9672	 202.0
11.5	 125.320477896	 -8.05120877982	 23.0852086022	 207.838709677	113.9672	 202.0
12.0	 159.115055178	 -5.07982344009	 23.0646941935	 207.683870968	138.4544	 204.0
12.5	 207.476715642	 -15.8978012039	 23.0441797849	 207.529032258	173.5056	 196.0
13.0	 307.56613813	 -29.4736515884	 23.0236653763	 207.374193548	246.0696	 186.0
13.5	 280.616916217	 -15.4707757659	 23.0031509677	 207.219354839	226.5056	 196.0
14.0	 381.767568089	 20.5950810224	 22.9826365591	 207.064516129	299.8392	 222.0
14.5	 465.733915661	 -5.39119615533	 22.9621221505	 206.909677419	360.7108	 203.0
15.0	 465.585699877	 22.4010427708	 22.9416077419	 206.75483871	360.5828	 223.0
15.5	 495.066412805	 -0.827361786214	 22.9210933333	 206.6	381.9416	 206.0
16.0	 583.664883231	 3.52295986388	 22.9005789247	 206.44516129	446.1724	 209.0
16.5	 517.751885358	 18.9047719968	 22.8800645161	 206.290322581	398.352	 220.0
17.0	 410.612001253	 12.2236031641	 22.8595501075	 206.135483871	320.634	 215.0
17.5	 551.397695281	 -4.11011984119	 22.8390356989	 205.980645161	422.7108	 203.0
18.0	 508.078293066	 36.0925458782	 22.8185212903	 205.825806452	391.2752	 232.0
18.5	 600.0	 5.96945976935	 22.7980068817	 205.670967742	457.916	 210.0
19.0	 489.253921656	 24.109144523	 22.7774924731	 205.516129032	377.5828	 223.0
19.5	 423.270322244	 50.5224471388	 22.7569780645	 205.361290323	329.7112	 242.0
20.0	 486.764981353	 45.2202146164	 22.7364636559	 205.206451613	375.7368	 238.0
20.5	 526.534765455	 30.2654279215	 22.7159492473	 205.051612903	404.5572	 227.0
21.0	 526.563053518	 30.4789406405	 22.6954348387	 204.896774194	404.5572	 227.0
21.5	 496.325344292	 19.6609628767	 22.6749204301	 204.741935484	382.6084	 219.0
22.0	 405.167332023	 47.4532018028	 22.6544060215	 204.587096774	316.4804	 239.0
22.5	 553.519525373	 33.8773514183	 22.6338916129	 204.432258065	424.0444	 229.0
23.0	 551.285254738	 64.4274629651	 22.6133772043	 204.277419355	422.4036	 251.0
23.5	 469.283931145	 8.10458695958	 22.5928627957	 204.122580645	362.916	 210.0
24.0	 489.572103054	 20.7285264718	 22.5723483871	 203.967741935	377.6084	 219.0
24.5	 432.180380005	 51.2786380187	 22.5518339785	 203.812903226	335.9676	 241.0
25.0	 430.440871718	 58.3868322895	 22.5313195699	 203.658064516	334.6856	 246.0
25.5	 378.882600836	 39.2952366635	 22.5108051613	 203.503225806	297.2752	 232.0
26.0	 326.723665297	 60.1927940379	 22.4902907527	 203.348387097	259.4292	 247.0
26.5	 246.77364736	 60.4063067569	 22.4697763441	 203.193548387	201.4292	 247.0
27.0	 187.684729499	 86.8196093727	 22.4492619355	 203.038709677	158.5576	 266.0
27.5	 207.477587486	 69.1069500571	 22.4287475269	 202.883870968	172.8908	 253.0
28.0	 38.0737647972	 95.5202526728	 22.4082331183	 202.729032258	50.0192	 272.0
28.5	 166.413731262	 84.702274909	 22.3877187097	 202.574193548	143.0704	 264.0
29.0	 122.987875164	 87.6736602488	 22.3672043011	 202.419354839	111.5576	 266.0
29.5	 154.696397596	 93.4029182092	 22.3466898925	 202.264516129	134.532	 270.0
30.0	 185.485445296	 81.206004135	 22.3261754839	 202.109677419	156.8396	 261.0
30.5	 51.1904442177	 8.33589240518	 22.3056610753	 201.95483871	59.4288	 208.0
31.0	 65.7858154632	 -5.23995797935	 22.2851466667	 201.8	69.9928	 198.0
31.5	 12.3891466922	 -6.40538157069	 22.2646322581	 201.64516129	31.2492	 197.0
32.0	 15.7412228376	 13.1132394933	 22.2441178495	 201.490322581	33.6596	 211.0
32.5	 22.7700947609	 -3.22048351193	 22.2236034409	 201.335483871	38.7364	 199.0
33.0	 -3.04784780296	 -4.38590710326	 22.2030890323	 201.180645161	19.9928	 198.0
33.5	 38.7020888406	 -5.55133069459	 22.1825746237	 201.025806452	50.2492	 197.0
34.0	 8.28787576704	 11.2094177487	 22.1620602151	 200.870967742	28.1724	 209.0
34.5	 38.1574487351	 -18.9136683601	 22.1415458065	 200.716129032	49.8132	 187.0
35.0	 -6.75324598197	 0.604952703898	 22.1210313978	 200.561290323	17.2236	 201.0
35.5	 36.0573684715	 -4.6972798185	 22.1005169892	 200.406451613	48.2492	 197.0
36.0	 19.2201623097	 -8.62057603055	 22.0800025806	 200.251612903	36.0184	 194.0
36.5	 19.5314081035	 1.24549086097	 22.059488172	 200.096774194	36.2236	 201.0
37.0	 26.7726362186	 5.59581251106	 22.0389737634	 199.941935484	41.4544	 204.0
37.5	 30.5488731731	 12.7040067819	 22.0184593548	 199.787096774	44.1724	 209.0
38.0	 36.1635080165	 1.88602901804	 21.9979449462	 199.632258065	48.2236	 201.0
38.5	 18.6191833148	 0.720605426702	 21.9774305376	 199.477419355	35.48	 200.0
39.0	 27.5929070102	 3.69199076644	 21.956916129	 199.322580645	41.9672	 202.0
39.5	 10.5438962311	 32.8631660029	 21.9364017204	 199.167741935	29.5828	 223.0
40.0	 4.56112512995	 2.74007989413	 21.9158873118	 199.012903226	25.2236	 201.0
40.5	 -8.10397133124	 -6.69896155934	 21.8953729032	 198.858064516	16.0184	 194.0
41.0	 -9.1716618478	 3.16710533217	 21.8748584946	 198.703225806	15.2236	 201.0
41.5	 11.6465731791	 -13.1666176731	 21.854344086	 198.548387097	30.3004	 189.0
42.0	 42.2591170312	 2.21519445986	 21.8338296774	 198.393548387	52.48	 200.0
42.5	 24.6441907903	 12.0812613514	 21.8133152688	 198.238709677	39.6852	 207.0
43.0	 26.8644360122	 -7.01033427458	 21.7928008602	 198.083870968	41.2748	 193.0
43.5	 16.1794920927	 -2.66001262449	 21.7722864516	 197.929032258	33.5056	 196.0
44.0	 2.80727709153	 -9.34118145725	 21.751772043	 197.774193548	23.7876	 191.0
44.5	 -13.0398527994	 -6.36979611752	 21.7312576344	 197.619354839	12.2748	 193.0
45.0	 -3.81847214264	 11.7698886361	 21.7107432258	 197.464516129	18.9416	 206.0
45.5	 -4.70965881148	 -5.94277067947	 21.6902288172	 197.309677419	18.2748	 193.0
46.0	 18.3363857184	 6.68116883276	 21.6697144086	 197.15483871	34.9672	 202.0
Actin association begins: 5.0
Actin association ends: 32.5
Length of actin association: 27.5
Area under actin curve during patch life: 14989.685267
Cofilin intensity score: 252.316764392