Time	 Int488	 Int561	 Back488	 Back561	 Raw488	 Raw561
0.0	 9.9948	 -7.0	 59.2296	 286.0	69.2244	 279.0
0.5	 -21.3247677922	 16.9584415584	 59.3955677922	 286.041558442	38.0708	 303.0
1.0	 8.35526441558	 1.91688311688	 59.5615355844	 286.083116883	67.9168	 288.0
1.5	 -2.73390337662	 -10.1246753247	 59.7275033766	 286.124675325	56.9936	 276.0
2.0	 4.04892883117	 -2.16623376623	 59.8934711688	 286.166233766	63.9424	 284.0
2.5	 -5.09143896104	 -6.20779220779	 60.059438961	 286.207792208	54.968	 280.0
3.0	 -8.15460675325	 16.7506493506	 60.2254067532	 286.249350649	52.0708	 303.0
3.5	 -1.32057454545	 16.7090909091	 60.3913745455	 286.290909091	59.0708	 303.0
4.0	 17.9490576623	 -12.3324675325	 60.5573423377	 286.332467532	78.5064	 274.0
4.5	 49.9114898701	 6.62597402597	 60.7233101299	 286.374025974	110.6348	 293.0
5.0	 -4.43407792208	 -4.41558441558	 60.8892779221	 286.415584416	56.4552	 282.0
5.5	 11.8871542857	 -2.45714285714	 61.0552457143	 286.457142857	72.9424	 284.0
6.0	 -17.8940135065	 15.5012987013	 61.2212135065	 286.498701299	43.3272	 302.0
6.5	 2.9656187013	 11.4597402597	 61.3871812987	 286.54025974	64.3528	 298.0
7.0	 -7.84154909091	 -5.58181818182	 61.5531490909	 286.581818182	53.7116	 281.0
7.5	 34.8896831169	 -28.6233766234	 61.7191168831	 286.623376623	96.6088	 258.0
8.0	 12.5957153247	 -8.66493506494	 61.8850846753	 286.664935065	74.4808	 278.0
8.5	 -24.5190524675	 -16.7064935065	 62.0510524675	 286.706493506	37.532	 270.0
9.0	 2.23817974026	 -4.74805194805	 62.2170202597	 286.748051948	64.4552	 282.0
9.5	 0.533811948052	 1.21038961039	 62.3829880519	 286.78961039	62.9168	 288.0
10.0	 42.5470441558	 -26.8311688312	 62.5489558442	 286.831168831	105.096	 260.0
10.5	 6.53507636364	 -11.8727272727	 62.7149236364	 286.872727273	69.25	 275.0
11.0	 36.2923085714	 0.0857142857143	 62.8808914286	 286.914285714	99.1732	 287.0
11.5	 43.8955407792	 -2.95584415584	 63.0468592208	 286.955844156	106.9424	 284.0
12.0	 28.678372987	 5.0025974026	 63.212827013	 286.997402597	91.8912	 292.0
12.5	 28.4100051948	 20.961038961	 63.3787948052	 287.038961039	91.7888	 308.0
13.0	 93.6284374026	 -0.0805194805195	 63.5447625974	 287.080519481	157.1732	 287.0
13.5	 112.20606961	 0.877922077922	 63.7107303896	 287.122077922	175.9168	 288.0
14.0	 79.4765018182	 49.8363636364	 63.8766981818	 287.163636364	143.3532	 337.0
14.5	 84.233334026	 22.7948051948	 64.042665974	 287.205194805	148.276	 310.0
15.0	 82.5289662338	 28.7532467532	 64.2086337662	 287.246753247	146.7376	 316.0
15.5	 107.286198442	 40.7116883117	 64.3746015584	 287.288311688	171.6608	 328.0
16.0	 141.607030649	 3.67012987013	 64.5405693506	 287.32987013	206.1476	 291.0
16.5	 172.261862857	 31.6285714286	 64.7065371429	 287.371428571	236.9684	 319.0
17.0	 86.1470950649	 23.587012987	 64.8725049351	 287.412987013	151.0196	 311.0
17.5	 141.570727273	 9.54545454545	 65.0384727273	 287.454545455	206.6092	 297.0
18.0	 176.969559481	 77.5038961039	 65.2044405195	 287.496103896	242.174	 365.0
18.5	 175.059991688	 76.4623376623	 65.3704083117	 287.537662338	240.4304	 364.0
19.0	 138.432823896	 109.420779221	 65.5363761039	 287.579220779	203.9692	 397.0
19.5	 251.677256104	 123.379220779	 65.7023438961	 287.620779221	317.3796	 411.0
20.0	 200.306088312	 116.337662338	 65.8683116883	 287.662337662	266.1744	 404.0
20.5	 177.318920519	 49.2961038961	 66.0342794805	 287.703896104	243.3532	 337.0
21.0	 169.152952727	 49.2545454545	 66.2002472727	 287.745454545	235.3532	 337.0
21.5	 235.115384935	 68.212987013	 66.3662150649	 287.787012987	301.4816	 356.0
22.0	 243.333817143	 47.1714285714	 66.5321828571	 287.828571429	309.866	 335.0
22.5	 332.014649351	 110.12987013	 66.6981506494	 287.87012987	398.7128	 398.0
23.0	 193.464281558	 131.088311688	 66.8641184416	 287.911688312	260.3284	 419.0
23.5	 289.837113766	 164.046753247	 67.0300862338	 287.953246753	356.8672	 452.0
24.0	 153.439545974	 83.0051948052	 67.196054026	 287.994805195	220.6356	 371.0
24.5	 330.197178182	 133.963636364	 67.3620218182	 288.036363636	397.5592	 422.0
25.0	 357.87801039	 196.922077922	 67.5279896104	 288.077922078	425.406	 485.0
25.5	 282.250042597	 151.880519481	 67.6939574026	 288.119480519	349.944	 440.0
26.0	 126.981674805	 167.838961039	 67.8599251948	 288.161038961	194.8416	 456.0
26.5	 144.302907013	 169.797402597	 68.025892987	 288.202597403	212.3288	 458.0
27.0	 108.905739221	 127.755844156	 68.1918607792	 288.244155844	177.0976	 416.0
27.5	 5.32817142857	 -3.28571428571	 68.3578285714	 288.285714286	73.686	 285.0
28.0	 -19.1201963636	 -37.3272727273	 68.5237963636	 288.327272727	49.4036	 251.0
28.5	 -18.2601641558	 -2.36883116883	 68.6897641558	 288.368831169	50.4296	 286.0
29.0	 -32.0417319481	 -23.4103896104	 68.8557319481	 288.41038961	36.814	 265.0
29.5	 -11.6436997403	 -33.4519480519	 69.0216997403	 288.451948052	57.378	 255.0
30.0	 20.3955324675	 -26.4935064935	 69.1876675325	 288.493506494	89.5832	 262.0
30.5	 18.4607646753	 15.4649350649	 69.3536353247	 288.535064935	87.8144	 304.0
31.0	 -30.1668031169	 9.42337662338	 69.5196031169	 288.576623377	39.3528	 298.0
31.5	 -15.3327709091	 9.38181818182	 69.6855709091	 288.618181818	54.3528	 298.0
32.0	 -12.8323387013	 -16.6597402597	 69.8515387013	 288.65974026	57.0192	 272.0
32.5	 -30.5111064935	 -14.7012987013	 70.0175064935	 288.701298701	39.5064	 274.0
33.0	 -41.0358742857	 2.25714285714	 70.1834742857	 288.742857143	29.1476	 291.0
33.5	 -33.9966420779	 9.21558441558	 70.3494420779	 288.784415584	36.3528	 298.0
34.0	 -45.4450098701	 -24.825974026	 70.5154098701	 288.825974026	25.0704	 264.0
34.5	 -19.2517776623	 -2.86753246753	 70.6813776623	 288.867532468	51.4296	 286.0
35.0	 -26.2385454545	 -30.9090909091	 70.8473454545	 288.909090909	44.6088	 258.0
35.5	 -3.58411324675	 -41.9506493506	 71.0133132468	 288.950649351	67.4292	 247.0
36.0	 -26.723681039	 32.0077922078	 71.179281039	 288.992207792	44.4556	 321.0
36.5	 3.57115116883	 -40.0337662338	 71.3452488312	 289.033766234	74.9164	 249.0
37.0	 44.3803833766	 41.9246753247	 71.5112166234	 289.075324675	115.8916	 331.0
37.5	 -0.375984415584	 -22.1168831169	 71.6771844156	 289.116883117	71.3012	 267.0
38.0	 -18.3623522078	 -11.1584415584	 71.8431522078	 289.158441558	53.4808	 278.0
Actin association begins: 9.0
Actin association ends: 27.5
Length of actin association: 18.5
Cofilin association begins: 13.5
Cofilin association ends: 27.0
Length of cofilin association: 13.5
Delay between actin and cofilin association: 4.5
Maximum normalized actin intensity: 357.87801039
Maximum normalized cofilin intensity: 196.922077922