Time	 Int488	 Int561	 Back488	 Back561	 Raw488	 Raw561
0.0	 11.91784	 -10.6	 10.66456	 194.6	22.5824	 184.0
0.5	 -8.12075016393	 1.44918032787	 10.6263501639	 194.550819672	2.5056	 196.0
1.0	 14.1738596721	 0.498360655738	 10.5881403279	 194.501639344	24.762	 195.0
1.5	 -1.8135304918	 4.54754098361	 10.5499304918	 194.452459016	8.7364	 199.0
2.0	 -15.7753206557	 4.59672131148	 10.5117206557	 194.403278689	-5.2636	 199.0
2.5	 25.9808891803	 9.64590163934	 10.4735108197	 194.354098361	36.4544	 204.0
3.0	 12.3522990164	 -3.30491803279	 10.4353009836	 194.304918033	22.7876	 191.0
3.5	 20.2625088525	 16.7442622951	 10.3970911475	 194.255737705	30.6596	 211.0
4.0	 7.65951868852	 -0.206557377049	 10.3588813115	 194.206557377	18.0184	 194.0
4.5	 -7.37907147541	 11.8426229508	 10.3206714754	 194.157377049	2.9416	 206.0
5.0	 35.2743383607	 -6.10819672131	 10.2824616393	 194.108196721	45.5568	 188.0
5.5	 8.56894819672	 -7.05901639344	 10.2442518033	 194.059016393	18.8132	 187.0
6.0	 21.0943580328	 -5.00983606557	 10.2060419672	 194.009836066	31.3004	 189.0
6.5	 -6.68783213115	 6.0393442623	 10.1678321311	 193.960655738	3.48	 200.0
7.0	 -5.36762229508	 1.08852459016	 10.1296222951	 193.91147541	4.762	 195.0
7.5	 5.15778754098	 3.13770491803	 10.091412459	 193.862295082	15.2492	 197.0
8.0	 -13.829602623	 7.1868852459	 10.053202623	 193.813114754	-3.7764	 201.0
8.5	 -11.7145927869	 -4.76393442623	 10.0149927869	 193.763934426	-1.6996	 189.0
9.0	 25.5800170492	 -5.71475409836	 9.97678295082	 193.714754098	35.5568	 188.0
9.5	 9.77222688525	 9.33442622951	 9.93857311475	 193.66557377	19.7108	 203.0
10.0	 15.4772367213	 22.3836065574	 9.90036327869	 193.616393443	25.3776	 216.0
10.5	 51.0026465574	 24.4327868852	 9.86215344262	 193.567213115	60.8648	 218.0
11.0	 26.7072563934	 -1.51803278689	 9.82394360656	 193.518032787	36.5312	 192.0
11.5	 109.97626623	 1.53114754098	 9.78573377049	 193.468852459	119.762	 195.0
12.0	 98.5528760656	 -4.41967213115	 9.74752393443	 193.419672131	108.3004	 189.0
12.5	 94.6682859016	 22.6295081967	 9.70931409836	 193.370491803	104.3776	 216.0
13.0	 106.629295738	 -4.32131147541	 9.6711042623	 193.321311475	116.3004	 189.0
13.5	 164.103505574	 5.72786885246	 9.63289442623	 193.272131148	173.7364	 199.0
14.0	 129.68011541	 -0.222950819672	 9.59468459016	 193.22295082	139.2748	 193.0
14.5	 123.692725246	 3.8262295082	 9.5564747541	 193.173770492	133.2492	 197.0
15.0	 188.320535082	 -10.1245901639	 9.51826491803	 193.124590164	197.8388	 183.0
15.5	 182.999944918	 6.92459016393	 9.48005508197	 193.075409836	192.48	 200.0
16.0	 193.884154754	 -8.0262295082	 9.4418452459	 193.026229508	203.326	 185.0
16.5	 206.30716459	 10.0229508197	 9.40363540984	 192.97704918	215.7108	 203.0
17.0	 204.422174426	 -1.92786885246	 9.36542557377	 192.927868852	213.7876	 191.0
17.5	 273.178384262	 3.12131147541	 9.3272157377	 192.878688525	282.5056	 196.0
18.0	 195.524194098	 -5.82950819672	 9.28900590164	 192.829508197	204.8132	 187.0
18.5	 254.767603934	 1.21967213115	 9.25079606557	 192.780327869	264.0184	 194.0
19.0	 306.62621377	 -9.73114754098	 9.21258622951	 192.731147541	315.8388	 183.0
19.5	 256.151623607	 -7.68196721311	 9.17437639344	 192.681967213	265.326	 185.0
20.0	 315.343833443	 7.36721311475	 9.13616655738	 192.632786885	324.48	 200.0
20.5	 299.510043279	 -12.5836065574	 9.09795672131	 192.583606557	308.608	 180.0
21.0	 340.061453115	 24.4655737705	 9.05974688525	 192.53442623	349.1212	 217.0
21.5	 353.150862951	 16.5147540984	 9.02153704918	 192.485245902	362.1724	 209.0
22.0	 308.625072787	 26.5639344262	 8.98332721311	 192.436065574	317.6084	 219.0
22.5	 298.893682623	 -9.3868852459	 8.94511737705	 192.386885246	307.8388	 183.0
23.0	 401.957892459	 25.662295082	 8.90690754098	 192.337704918	410.8648	 218.0
23.5	 375.406102295	 0.711475409836	 8.86869770492	 192.28852459	384.2748	 193.0
24.0	 345.162312131	 5.7606557377	 8.83048786885	 192.239344262	353.9928	 198.0
24.5	 287.046521967	 -9.19016393443	 8.79227803279	 192.190163934	295.8388	 183.0
25.0	 275.854331803	 26.8590163934	 8.75406819672	 192.140983607	284.6084	 219.0
25.5	 268.918141639	 22.9081967213	 8.71585836066	 192.091803279	277.634	 215.0
26.0	 348.751151475	 15.9573770492	 8.67764852459	 192.042622951	357.4288	 208.0
26.5	 290.840561311	 8.00655737705	 8.63943868852	 191.993442623	299.48	 200.0
27.0	 234.160771148	 3.05573770492	 8.60122885246	 191.944262295	242.762	 195.0
27.5	 258.378580984	 14.1049180328	 8.56301901639	 191.895081967	266.9416	 206.0
28.0	 222.98079082	 4.15409836066	 8.52480918033	 191.845901639	231.5056	 196.0
28.5	 224.660200656	 21.2032786885	 8.48659934426	 191.796721311	233.1468	 213.0
29.0	 309.672810492	 25.2524590164	 8.4483895082	 191.747540984	318.1212	 217.0
29.5	 296.275020328	 15.3016393443	 8.41017967213	 191.698360656	304.6852	 207.0
30.0	 207.569630164	 14.3508196721	 8.37196983607	 191.649180328	215.9416	 206.0
30.5	 273.09504	 16.4	 8.33376	 191.6	281.4288	 208.0
31.0	 242.825649836	 25.4491803279	 8.29555016393	 191.550819672	251.1212	 217.0
31.5	 221.043459672	 36.4983606557	 8.25734032787	 191.501639344	229.3008	 228.0
32.0	 233.312469508	 39.5475409836	 8.2191304918	 191.452459016	241.5316	 231.0
32.5	 268.991479344	 17.5967213115	 8.18092065574	 191.403278689	277.1724	 209.0
33.0	 247.95288918	 29.6459016393	 8.14271081967	 191.354098361	256.0956	 221.0
33.5	 264.247499016	 28.6950819672	 8.10450098361	 191.304918033	272.352	 220.0
34.0	 205.131708852	 13.7442622951	 8.06629114754	 191.255737705	213.198	 205.0
34.5	 209.605918689	 23.793442623	 8.02808131148	 191.206557377	217.634	 215.0
35.0	 194.234128525	 48.8426229508	 7.98987147541	 191.157377049	202.224	 240.0
35.5	 193.502738361	 12.8918032787	 7.95166163934	 191.108196721	201.4544	 204.0
36.0	 194.336148197	 44.9409836066	 7.91345180328	 191.059016393	202.2496	 236.0
36.5	 196.784358033	 19.9901639344	 7.87524196721	 191.009836066	204.6596	 211.0
37.0	 187.438167869	 41.0393442623	 7.83703213115	 190.960655738	195.2752	 232.0
37.5	 203.117177705	 19.0885245902	 7.79882229508	 190.91147541	210.916	 210.0
38.0	 159.488987541	 45.137704918	 7.76061245902	 190.862295082	167.2496	 236.0
38.5	 174.629597377	 29.1868852459	 7.72240262295	 190.813114754	182.352	 220.0
39.0	 137.975407213	 20.2360655738	 7.68419278689	 190.763934426	145.6596	 211.0
39.5	 238.039217049	 16.2852459016	 7.64598295082	 190.714754098	245.6852	 207.0
40.0	 261.154626885	 43.3344262295	 7.60777311475	 190.66557377	268.7624	 234.0
40.5	 177.884836721	 13.3836065574	 7.56956327869	 190.616393443	185.4544	 204.0
41.0	 154.102646557	 24.4327868852	 7.53135344262	 190.567213115	161.634	 215.0
41.5	 200.422856393	 19.4819672131	 7.49314360656	 190.518032787	207.916	 210.0
42.0	 206.23026623	 16.531147541	 7.45493377049	 190.468852459	213.6852	 207.0
42.5	 173.473676066	 23.5803278689	 7.41672393443	 190.419672131	180.8904	 214.0
43.0	 258.845485902	 49.6295081967	 7.37851409836	 190.370491803	266.224	 240.0
43.5	 139.473295738	 35.6786885246	 7.3403042623	 190.321311475	146.8136	 226.0
44.0	 137.101105574	 21.7278688525	 7.30209442623	 190.272131148	144.4032	 212.0
44.5	 77.3701154098	 24.7770491803	 7.26388459016	 190.22295082	84.634	 215.0
45.0	 95.1519252459	 25.8262295082	 7.2256747541	 190.173770492	102.3776	 216.0
45.5	 51.446535082	 24.8754098361	 7.18746491803	 190.124590164	58.634	 215.0
46.0	 30.253944918	 21.9245901639	 7.14925508197	 190.075409836	37.4032	 212.0
46.5	 39.6509547541	 4.9737704918	 7.1110452459	 190.026229508	46.762	 195.0
47.0	 37.0995645902	 19.0229508197	 7.07283540984	 189.97704918	44.1724	 209.0
47.5	 7.90697442623	 16.0721311475	 7.03462557377	 189.927868852	14.9416	 206.0
48.0	 4.0731842623	 -3.87868852459	 6.9964157377	 189.878688525	11.0696	 186.0
48.5	 83.3933940984	 -8.82950819672	 6.95820590164	 189.829508197	90.3516	 181.0
49.0	 27.7140039344	 25.2196721311	 6.91999606557	 189.780327869	34.634	 215.0
49.5	 44.0598137705	 16.268852459	 6.88178622951	 189.731147541	50.9416	 206.0
50.0	 32.2772236066	 -11.6819672131	 6.84357639344	 189.681967213	39.1208	 178.0
50.5	 13.1874334426	 8.36721311475	 6.80536655738	 189.632786885	19.9928	 198.0
51.0	 14.5844432787	 -8.58360655738	 6.76715672131	 189.583606557	21.3516	 181.0
51.5	 -0.146546885246	 -5.53442622951	 6.72894688525	 189.53442623	6.5824	 184.0
52.0	 8.60966295082	 -0.485245901639	 6.69073704918	 189.485245902	15.3004	 189.0
52.5	 15.2890727869	 16.5639344262	 6.65252721311	 189.436065574	21.9416	 206.0
53.0	 -5.10871737705	 6.6131147541	 6.61431737705	 189.386885246	1.5056	 196.0
53.5	 33.211492459	 1.66229508197	 6.57610754098	 189.337704918	39.7876	 191.0
54.0	 26.9933022951	 2.71147540984	 6.53789770492	 189.28852459	33.5312	 192.0
54.5	 -6.50688786885	 8.7606557377	 6.49968786885	 189.239344262	-0.00720000000001	 198.0
55.0	 14.5569219672	 4.80983606557	 6.46147803279	 189.190163934	21.0184	 194.0
55.5	 7.38993180328	 -2.14098360656	 6.42326819672	 189.140983607	13.8132	 187.0
56.0	 4.19734163934	 -5.09180327869	 6.38505836066	 189.091803279	10.5824	 184.0
56.5	 -1.50804852459	 -6.04262295082	 6.34684852459	 189.042622951	4.8388	 183.0
57.0	 14.6329613115	 17.006557377	 6.30863868852	 188.993442623	20.9416	 206.0
57.5	 15.7223711475	 9.05573770492	 6.27042885246	 188.944262295	21.9928	 198.0
58.0	 -1.18821901639	 1.10491803279	 6.23221901639	 188.895081967	5.044	 190.0
58.5	 22.6191908197	 -1.84590163934	 6.19400918033	 188.845901639	28.8132	 187.0
59.0	 0.503400655738	 -16.7967213115	 6.15579934426	 188.796721311	6.6592	 172.0
59.5	 -15.4579895082	 22.2524590164	 6.1175895082	 188.747540984	-9.3404	 211.0
60.0	 -8.26617967213	 -1.69836065574	 6.07937967213	 188.698360656	-2.1868	 187.0
60.5	 0.0284301639344	 -2.64918032787	 6.04116983607	 188.649180328	6.0696	 186.0
Actin association begins: 9.0
Actin association ends: 51.0
Length of actin association: 42.0
Cofilin association begins: 25.0
Cofilin association ends: 47.5
Length of cofilin association: 22.5
Delay between actin and cofilin association: 16.0
Maximum normalized actin intensity: 401.957892459
Maximum normalized cofilin intensity: 49.6295081967