Time	 Int488	 Int561	 Back488	 Back561	 Raw488	 Raw561
0.0	 -9.97952	 -3.2	 27.48512	 199.2	17.5056	 196.0
0.5	 -20.79138752	 -4.2832	 27.55338752	 199.2832	6.762	 195.0
1.0	 -0.39805504	 1.6336	 27.62165504	 199.3664	27.2236	 201.0
1.5	 11.20047744	 14.5504	 27.68992256	 199.4496	38.8904	 214.0
2.0	 19.28580992	 -9.5328	 27.75819008	 199.5328	47.044	 190.0
2.5	 18.3971424	 1.384	 27.8264576	 199.616	46.2236	 201.0
3.0	 1.27767488	 9.3008	 27.89472512	 199.6992	29.1724	 209.0
3.5	 24.15820736	 17.2176	 27.96299264	 199.7824	52.1212	 217.0
4.0	 5.93593984	 2.1344	 28.03126016	 199.8656	33.9672	 202.0
4.5	 26.27807232	 16.0512	 28.09952768	 199.9488	54.3776	 216.0
5.0	 29.3378048	 -4.032	 28.1677952	 200.032	57.5056	 196.0
5.5	 -9.24326272	 -2.1152	 28.23606272	 200.1152	18.9928	 198.0
6.0	 -11.82433024	 -0.1984	 28.30433024	 200.1984	16.48	 200.0
6.5	 18.28700224	 10.7184	 28.37259776	 200.2816	46.6596	 211.0
7.0	 2.16753472	 18.6352	 28.44086528	 200.3648	30.6084	 219.0
7.5	 34.9968672	 34.552	 28.5091328	 200.448	63.506	 235.0
8.0	 -2.63580032	 5.4688	 28.57740032	 200.5312	25.9416	 206.0
8.5	 1.34713216	 -2.6144	 28.64566784	 200.6144	29.9928	 198.0
9.0	 17.74046464	 3.3024	 28.71393536	 200.6976	46.4544	 204.0
9.5	 58.92859712	 2.2192	 28.78220288	 200.7808	87.7108	 203.0
10.0	 26.9115296	 -5.864	 28.8504704	 200.864	55.762	 195.0
10.5	 40.86886208	 -9.9472	 28.91873792	 200.9472	69.7876	 191.0
11.0	 27.54419456	 -9.0304	 28.98700544	 201.0304	56.5312	 192.0
11.5	 80.37352704	 6.8864	 29.05527296	 201.1136	109.4288	 208.0
12.0	 68.12565952	 -4.1968	 29.12354048	 201.1968	97.2492	 197.0
12.5	 65.134592	 22.72	 29.191808	 201.28	94.3264	 224.0
13.0	 144.93792448	 3.6368	 29.26007552	 201.3632	174.198	 205.0
13.5	 136.97245696	 26.5536	 29.32834304	 201.4464	166.3008	 228.0
14.0	 219.31458944	 40.4704	 29.39661056	 201.5296	248.7112	 242.0
14.5	 220.39992192	 16.3872	 29.46487808	 201.6128	249.8648	 218.0
15.0	 217.0752544	 17.304	 29.5331456	 201.696	246.6084	 219.0
15.5	 192.69938688	 26.2208	 29.60141312	 201.7792	222.3008	 228.0
16.0	 299.22071936	 12.1376	 29.66968064	 201.8624	328.8904	 214.0
16.5	 243.02445184	 32.0544	 29.73794816	 201.9456	272.7624	 234.0
17.0	 301.21258432	 30.9712	 29.80621568	 202.0288	331.0188	 233.0
17.5	 294.2471168	 53.888	 29.8744832	 202.112	324.1216	 256.0
18.0	 367.69164928	 51.8048	 29.94275072	 202.1952	397.6344	 254.0
18.5	 388.72618176	 74.7216	 30.01101824	 202.2784	418.7372	 277.0
19.0	 334.01671424	 57.6384	 30.07928576	 202.3616	364.096	 260.0
19.5	 348.94844672	 57.5552	 30.14755328	 202.4448	379.096	 260.0
20.0	 430.7005792	 46.472	 30.2158208	 202.528	460.9164	 249.0
20.5	 420.83751168	 53.3888	 30.28408832	 202.6112	451.1216	 256.0
21.0	 430.82084416	 84.3056	 30.35235584	 202.6944	461.1732	 287.0
21.5	 422.80377664	 76.2224	 30.42062336	 202.7776	453.2244	 279.0
22.0	 415.58190912	 100.1392	 30.48889088	 202.8608	446.0708	 303.0
22.5	 444.4368416	 112.056	 30.5571584	 202.944	474.994	 315.0
23.0	 452.77857408	 86.9728	 30.62542592	 203.0272	483.404	 290.0
23.5	 504.91510656	 54.8896	 30.69369344	 203.1104	535.6088	 258.0
24.0	 442.46243904	 75.8064	 30.76196096	 203.1936	473.2244	 279.0
24.5	 390.59937152	 82.7232	 30.83022848	 203.2768	421.4296	 286.0
25.0	 443.377504	 106.64	 30.898496	 203.36	474.276	 310.0
25.5	 495.95003648	 84.5568	 30.96676352	 203.4432	526.9168	 288.0
26.0	 453.21496896	 71.4736	 31.03503104	 203.5264	484.25	 275.0
26.5	 559.81350144	 84.3904	 31.10329856	 203.6096	590.9168	 288.0
27.0	 407.30963392	 113.3072	 31.17156608	 203.6928	438.4812	 317.0
27.5	 433.8565664	 95.224	 31.2398336	 203.776	465.0964	 299.0
28.0	 419.48069888	 104.1408	 31.30810112	 203.8592	450.7888	 308.0
28.5	 501.15603136	 105.0576	 31.37636864	 203.9424	532.5324	 309.0
29.0	 498.06216384	 108.9744	 31.44463616	 204.0256	529.5068	 313.0
29.5	 474.04509632	 100.8912	 31.51290368	 204.1088	505.558	 305.0
30.0	 502.8744288	 116.808	 31.5811712	 204.192	534.4556	 321.0
30.5	 497.34496128	 149.7248	 31.64943872	 204.2752	528.9944	 354.0
31.0	 549.84029376	 100.6416	 31.71770624	 204.3584	581.558	 305.0
31.5	 459.64362624	 81.5584	 31.78597376	 204.4416	491.4296	 286.0
32.0	 418.08815872	 79.4752	 31.85424128	 204.5248	449.9424	 284.0
32.5	 427.9178912	 134.392	 31.9225088	 204.608	459.8404	 339.0
33.0	 440.20882368	 156.3088	 31.99077632	 204.6912	472.1996	 361.0
33.5	 396.90975616	 153.2256	 32.05904384	 204.7744	428.9688	 358.0
34.0	 405.91828864	 141.1424	 32.12731136	 204.8576	438.0456	 346.0
34.5	 382.67042112	 130.0592	 32.19557888	 204.9408	414.866	 335.0
35.0	 404.7049536	 152.976	 32.2638464	 205.024	436.9688	 358.0
35.5	 360.58508608	 121.8928	 32.33211392	 205.1072	392.9172	 327.0
36.0	 367.13201856	 103.8096	 32.40038144	 205.1904	399.5324	 309.0
36.5	 286.96135104	 119.7264	 32.46864896	 205.2736	319.43	 325.0
37.0	 298.63708352	 159.6432	 32.53691648	 205.3568	331.174	 365.0
37.5	 318.696816	 139.56	 32.605184	 205.44	351.302	 345.0
38.0	 243.85894848	 103.4768	 32.67345152	 205.5232	276.5324	 309.0
38.5	 260.22668096	 113.3936	 32.74171904	 205.6064	292.9684	 319.0
39.0	 228.56841344	 88.3104	 32.80998656	 205.6896	261.3784	 294.0
39.5	 220.32094592	 116.2272	 32.87825408	 205.7728	253.1992	 322.0
40.0	 164.7394784	 79.144	 32.9465216	 205.856	197.686	 285.0
40.5	 170.82481088	 55.0608	 33.01478912	 205.9392	203.8396	 261.0
41.0	 158.62854336	 74.9776	 33.08305664	 206.0224	191.7116	 281.0
41.5	 172.94507584	 92.8944	 33.15132416	 206.1056	206.0964	 299.0
42.0	 122.26120832	 71.8112	 33.21959168	 206.1888	155.4808	 278.0
42.5	 77.5009408	 101.728	 33.2878592	 206.272	110.7888	 308.0
43.0	 73.56067328	 81.6448	 33.35612672	 206.3552	106.9168	 288.0
43.5	 100.33840576	 66.5616	 33.42439424	 206.4384	133.7628	 273.0
44.0	 46.14213824	 86.4784	 33.49266176	 206.5216	79.6348	 293.0
44.5	 71.66347072	 72.3952	 33.56092928	 206.6048	105.2244	 279.0
45.0	 39.4928032	 88.312	 33.6291968	 206.688	73.122	 295.0
45.5	 48.24453568	 38.2288	 33.69746432	 206.7712	81.942	 245.0
46.0	 18.35586816	 49.1456	 33.76573184	 206.8544	52.1216	 256.0
46.5	 -1.81519936	 26.0624	 33.83399936	 206.9376	32.0188	 233.0
47.0	 47.96253312	 10.9792	 33.90226688	 207.0208	81.8648	 218.0
47.5	 -10.4905344	 -7.104	 33.9705344	 207.104	23.48	 200.0
48.0	 -8.63560192	 4.8128	 34.03880192	 207.1872	25.4032	 212.0
48.5	 -6.78106944	 -22.2704	 34.10706944	 207.2704	27.326	 185.0
49.0	 8.30466304	 -7.3536	 34.17533696	 207.3536	42.48	 200.0
49.5	 6.23639552	 -7.4368	 34.24360448	 207.4368	40.48	 200.0
50.0	 -10.857472	 -3.52	 34.311872	 207.52	23.4544	 204.0
50.5	 -6.18213952	 -2.6032	 34.38013952	 207.6032	28.198	 205.0
51.0	 -23.96840704	 -7.6864	 34.44840704	 207.6864	10.48	 200.0
51.5	 4.32212544	 -24.7696	 34.51667456	 207.7696	38.8388	 183.0
52.0	 -19.66894208	 2.1472	 34.58494208	 207.8528	14.916	 210.0
52.5	 7.8011904	 -3.936	 34.6532096	 207.936	42.4544	 204.0
53.0	 2.47652288	 -3.0192	 34.72147712	 208.0192	37.198	 205.0
53.5	 8.45945536	 -11.1024	 34.78974464	 208.1024	43.2492	 197.0
54.0	 -17.58321216	 -15.1856	 34.85801216	 208.1856	17.2748	 193.0
54.5	 -6.62547968	 19.7312	 34.92627968	 208.2688	28.3008	 228.0
55.0	 -14.8221472	 0.648	 34.9945472	 208.352	20.1724	 209.0
55.5	 -28.89041472	 0.5648	 35.06281472	 208.4352	6.1724	 209.0
56.0	 14.06691776	 -3.5184	 35.13108224	 208.5184	49.198	 205.0
56.5	 29.43465024	 6.3984	 35.19934976	 208.6016	64.634	 215.0
57.0	 -0.45441728	 -21.6848	 35.26761728	 208.6848	34.8132	 187.0
57.5	 -3.3942848	 -2.768	 35.3358848	 208.768	31.9416	 206.0
58.0	 -20.20615232	 -3.8512	 35.40415232	 208.8512	15.198	 205.0
58.5	 3.69998016	 0.0656	 35.47241984	 208.9344	39.1724	 209.0
59.0	 17.55491264	 11.9824	 35.54068736	 209.0176	53.0956	 221.0
59.5	 24.56344512	 -0.1008	 35.60895488	 209.1008	60.1724	 209.0
60.0	 -8.8124224	 8.816	 35.6772224	 209.184	26.8648	 218.0
60.5	 -0.03468992	 -6.2672	 35.74548992	 209.2672	35.7108	 203.0
61.0	 -14.35935744	 -5.3504	 35.81375744	 209.3504	21.4544	 204.0
61.5	 27.21357504	 11.5664	 35.88202496	 209.4336	63.0956	 221.0
62.0	 -2.98309248	 -7.5168	 35.95029248	 209.5168	32.9672	 202.0
Actin association begins: 8.5
Actin association ends: 46.0
Length of actin association: 37.5
Cofilin association begins: 12.5
Cofilin association ends: 47.0
Length of cofilin association: 34.5
Delay between actin and cofilin association: 4.0
Maximum normalized actin intensity: 559.81350144
Maximum normalized cofilin intensity: 159.6432