Time	 Int488	 Int561	 Back488	 Back561	 Raw488	 Raw561
0.0	 46.9046635372	 20.0291986531	 76.46536	 772.6	128.922	 795.0
0.5	 46.8777246699	 50.6651671791	 76.0342875472	 771.337735849	128.4608	 828.0
1.0	 -46.1201047096	 -26.8923034476	 75.6032150943	 770.075471698	24.024	 740.0
1.5	 -35.5777069805	 -6.09210211727	 75.1721426415	 768.813207547	35.3832	 762.0
2.0	 -8.23009625293	 -26.4232908781	 74.7410701887	 767.550943396	65.5368	 738.0
2.5	 -22.059656642	 -39.6011944056	 74.3099977358	 766.288679245	49.6392	 722.0
3.0	 -18.7621061972	 -4.49442260881	 73.878925283	 765.026415094	52.896	 760.0
3.5	 7.43919057176	 -20.3548080988	 73.4478528302	 763.764150943	81.7676	 741.0
4.0	 13.1663543461	 -50.5217640553	 73.0167803774	 762.501886792	87.7416	 706.0
4.5	 14.9048462744	 -16.3091529127	 72.5857079245	 761.239622642	89.2548	 743.0
5.0	 8.1141185548	 -11.6038433571	 72.1546354717	 759.977358491	81.2292	 747.0
5.5	 2.26333251487	 -14.0518190348	 71.7235630189	 758.71509434	74.2548	 743.0
6.0	 36.1683598157	 -11.1348307876	 71.292490566	 757.452830189	111.742	 745.0
6.5	 23.5308944108	 -35.9368228192	 70.8614181132	 756.190566038	97.1776	 716.0
7.0	 13.8055314242	 -26.7607099928	 70.4303456604	 754.928301887	85.87	 725.0
7.5	 -12.0147233371	 -17.5845971665	 69.9992732075	 753.666037736	56.5624	 734.0
8.0	 46.7654956981	 -94.2479071391	 69.5682007547	 752.403773585	121.8692	 647.0
8.5	 20.0743284597	 -53.7761714174	 69.1371283019	 751.141509434	91.5876	 691.0
9.0	 84.2434749253	 -29.3993274704	 68.7060558491	 749.879245283	162.9212	 717.0
9.5	 39.301773407	 -36.3181064189	 68.2749833962	 748.616981132	112.2288	 708.0
10.0	 53.7648867725	 0.576986686266	 67.8439109434	 747.354716981	127.9728	 748.0
10.5	 124.077632261	 -61.7797528198	 67.4128384906	 746.09245283	206.1772	 677.0
11.0	 41.2145773997	 -46.3445154144	 66.9817660377	 744.830188679	113.0748	 693.0
11.5	 51.5051794886	 13.7987546987	 66.5506935849	 743.567924528	124.1524	 759.0
12.0	 71.9752641286	 55.1646510747	 66.1196211321	 742.305660377	146.6144	 804.0
12.5	 159.621135066	 8.90280334335	 65.6885486792	 741.043396226	244.2036	 751.0
13.0	 160.808824031	 -10.5342247633	 65.2574762264	 739.781132075	245.1008	 728.0
13.5	 161.378111488	 31.7258322668	 64.8264037736	 738.518867925	245.3064	 774.0
14.0	 180.632495302	 18.5479287392	 64.3953313208	 737.256603774	266.4088	 758.0
14.5	 195.71436784	 28.6182022197	 63.9642588679	 735.994339623	282.8448	 768.0
15.0	 123.581598494	 78.9257051371	 63.5331864151	 734.732075472	201.7428	 823.0
15.5	 340.101413857	 49.6529098348	 63.1021139623	 733.469811321	443.4604	 789.0
16.0	 298.209157833	 55.2523800445	 62.6710415094	 732.20754717	396.1784	 794.0
16.5	 319.527622102	 103.771561654	 62.2399690566	 730.945283019	419.5892	 847.0
17.0	 300.127083173	 122.783441676	 61.8088966038	 729.683018868	397.4612	 867.0
17.5	 370.050689945	 121.229626652	 61.3778241509	 728.420754717	475.2304	 864.0
18.0	 341.845887551	 118.781650974	 60.9467516981	 727.158490566	443.256	 860.0
18.5	 394.804763064	 253.140255382	 60.5156792453	 725.896226415	502.0524	 1009.0
19.0	 400.874926865	 134.451394665	 60.0846067925	 724.633962264	508.41	 875.0
19.5	 414.811200773	 218.73700244	 59.6535343396	 723.371698113	523.5648	 968.0
20.0	 559.408309758	 180.522600596	 59.2224618868	 722.109433962	684.8464	 924.0
20.5	 498.348468288	 142.308198752	 58.791389434	 720.847169811	616.128	 880.0
21.0	 582.762842621	 216.758039332	 58.3603169811	 719.58490566	710.1032	 962.0
21.5	 600.0	 239.34656197	 57.9292445283	 718.322641509	728.9496	 986.0
22.0	 553.177699794	 176.989822464	 57.4981720755	 717.060377358	676.154	 915.0
22.5	 537.927496957	 246.074699119	 57.0670996226	 715.798113208	658.6676	 991.0
23.0	 491.63382453	 310.688772503	 56.6360271698	 714.535849057	606.4632	 1062.0
23.5	 469.573336487	 291.251744396	 56.204954717	 713.273584906	581.3604	 1039.0
24.0	 529.615752702	 331.723480118	 55.7738822642	 712.011320755	648.0788	 1083.0
24.5	 483.252693408	 337.322950328	 55.3428098113	 710.749056604	595.7968	 1088.0
25.0	 526.811079131	 438.597610532	 54.9117373585	 709.486792453	644.08	 1200.0
25.5	 559.567646488	 236.751808978	 54.4806649057	 708.224528302	680.2828	 973.0
26.0	 472.486656989	 317.460774137	 54.0495924528	 706.962264151	582.4632	 1062.0
26.5	 493.392019035	 325.742726309	 53.61852	 705.7	605.412	 1070.0
27.0	 516.314965182	 333.130517827	 53.1874475472	 704.437735849	630.6172	 1077.0
27.5	 482.905790117	 340.518309345	 52.7563750943	 703.175471698	592.8224	 1084.0
28.0	 487.143639905	 403.34406142	 52.3253026415	 701.913207547	597.1308	 1153.0
28.5	 375.781181347	 331.151554719	 51.8942301887	 700.650943396	472.1556	 1071.0
29.0	 437.01605021	 394.871467448	 51.4631577358	 699.388679245	540.2076	 1141.0
29.5	 407.70964189	 285.124213272	 51.032085283	 698.126415094	507.0012	 1017.0
30.0	 486.461833296	 440.94267338	 50.6010128302	 696.864150943	594.644	 1190.0
30.5	 456.46835193	 403.62243219	 50.1699403774	 695.601886792	560.6692	 1147.0
31.0	 358.726106119	 473.601469499	 49.7388679245	 694.339622642	450.9264	 1224.0
31.5	 314.471119984	 359.383412052	 49.3077954717	 693.077358491	401.002	 1095.0
32.0	 336.386168241	 454.398947677	 48.8767230189	 691.81509434	425.08	 1200.0
32.5	 375.769896702	 369.688191817	 48.445650566	 690.552830189	468.6944	 1104.0
33.0	 236.919866641	 505.835117533	 48.0145781132	 689.290566038	312.978	 1255.0
33.5	 184.572368921	 468.514876344	 47.5835056604	 688.028301887	254.0032	 1212.0
34.0	 148.915273971	 373.074192634	 47.1524332075	 686.766037736	213.6944	 1104.0
34.5	 -3.48701262749	 286.575115466	 46.7213607547	 685.503773585	42.8216	 1006.0
35.0	 13.9786922146	 238.524946426	 46.2902883019	 684.241509434	61.9236	 951.0
35.5	 71.498860056	 253.960183831	 45.8592158491	 682.979245283	125.8212	 967.0
36.0	 27.886238934	 179.085195167	 45.4281433962	 681.716981132	76.6152	 882.0
36.5	 16.5324305641	 128.352544165	 44.9970709434	 680.454716981	63.4864	 824.0
37.0	 1.1202058172	 48.1125915758	 44.5659984906	 679.19245283	45.8188	 733.0
37.5	 36.8131967621	 16.157314311	 44.1349260377	 677.930188679	85.3056	 696.0
38.0	 -6.77403019726	 181.811541614	 43.7038535849	 676.667924528	36.128	 880.0
38.5	 4.15607559147	 2.31975641408	 43.2727811321	 675.405660377	47.9208	 678.0
39.0	 32.7433506499	 137.572521476	 42.8417086792	 674.143396226	79.4608	 828.0
39.5	 0.479774214785	 70.7449786994	 42.4106362264	 672.881132075	42.9472	 752.0
40.0	 10.7918361594	 -12.1774558522	 41.9795637736	 671.618867925	54.0488	 658.0
40.5	 -21.6530760564	 123.969469864	 41.5484913208	 670.356603774	17.3324	 809.0
41.0	 11.2190168567	 8.85725176286	 41.1174188679	 669.094339623	53.6644	 679.0
41.5	 9.58759611163	 80.62461038	 40.6863464151	 667.832075472	51.4088	 758.0
42.0	 -13.4822204775	 9.3262643324	 40.2552739623	 666.569811321	25.1772	 677.0
42.5	 -2.57357454447	 -27.0998162032	 39.8242015094	 665.30754717	36.946	 635.0
43.0	 -10.7391636859	 52.7149883014	 39.3931290566	 664.045283019	27.3828	 723.0
43.5	 3.67709566128	 -7.8534298964	 38.9620566038	 662.783018868	43.0744	 654.0
44.0	 63.3743658634	 -88.0933824856	 38.5309841509	 661.520754717	109.4068	 563.0
44.5	 -16.1180609957	 -40.4683615306	 38.0999116981	 660.258490566	20.074	 615.0
45.0	 -9.51926941572	 -32.1864093584	 37.6688392453	 658.996226415	27.0228	 623.0
45.5	 -23.3255816278	 -14.0686899906	 37.2377667925	 657.733962264	11.1512	 642.0
46.0	 29.5399435123	 -39.7648426763	 36.8066943396	 656.471698113	69.8432	 612.0
46.5	 22.3822522602	 -47.5777822789	 36.3756218868	 655.209433962	61.4072	 602.0
47.0	 -13.457251463	 -44.6607940317	 35.944549434	 653.947169811	20.8944	 604.0
47.5	 14.3724906893	 -0.612415693318	 35.5134769811	 652.68490566	51.5872	 652.0
48.0	 11.341172024	 -59.3925125828	 35.0824045283	 651.422641509	47.766	 585.0
48.5	 -44.1698660906	 -56.4755243356	 34.6513320755	 650.160377358	-14.7468	 587.0
49.0	 42.3071580391	 -59.8176606674	 34.2202596226	 648.898113208	81.5352	 582.0
49.5	 5.68866155399	 -5.03935447917	 33.7891871698	 647.635849057	40.1512	 642.0
50.0	 13.2037889724	 -70.0785759477	 33.358114717	 646.373584906	48.1248	 568.0
50.5	 60.4296640346	 -52.855017234	 32.9270422642	 645.111320755	100.5096	 586.0
51.0	 -16.2658282983	 -23.1132093621	 32.4959698113	 643.849056604	14.3048	 618.0
51.5	 -17.645095739	 44.1833459843	 32.0648973585	 642.586792453	12.3312	 692.0
52.0	 -26.4537652228	 14.9105506819	 31.6338249057	 641.324528302	2.0488	 658.0
52.5	 -5.84669517058	 -0.0556741539379	 31.2027524528	 640.062264151	24.664	 640.0
Actin association begins: 8.0
Actin association ends: 34.0
Length of actin association: 26.0
Area under actin curve during patch life: 17658.5319706
Cofilin association begins: 13.5
Cofilin association ends: 39.5
Length of cofilin association: 26.0
Delay between actin and cofilin association: 5.5
Area under cofilin curve during patch life: 12607.5758075
Cofilin intensity score: 136.005549625