Time	 Int488	 Int561	 Back488	 Back561	 Raw488	 Raw561
0.0	 -1.78496	 -33.6	 62.47096	 318.6	60.686	 285.0
0.5	 26.072037193	 10.4684210526	 62.332362807	 318.531578947	88.4044	 329.0
1.0	 7.54383438596	 -2.46315789474	 62.193765614	 318.463157895	69.7376	 316.0
1.5	 -16.2403684211	 24.6052631579	 62.0551684211	 318.394736842	45.8148	 343.0
2.0	 -14.2045712281	 1.67368421053	 61.9165712281	 318.326315789	47.712	 320.0
2.5	 -10.2967740351	 -1.25789473684	 61.7779740351	 318.257894737	51.4812	 317.0
3.0	 -17.5941768421	 -11.1894736842	 61.6393768421	 318.189473684	44.0452	 307.0
3.5	 -25.7631796491	 -2.12105263158	 61.5007796491	 318.121052632	35.7376	 316.0
4.0	 5.52941754386	 12.9473684211	 61.3621824561	 318.052631579	66.8916	 331.0
4.5	 -7.79358526316	 7.01578947368	 61.2235852632	 317.984210526	53.43	 325.0
5.0	 -23.3985880702	 6.08421052632	 61.0849880702	 317.915789474	37.6864	 324.0
5.5	 -11.2343908772	 2.15263157895	 60.9463908772	 317.847368421	49.712	 320.0
6.0	 -18.1981936842	 18.2210526316	 60.8077936842	 317.778947368	42.6096	 336.0
6.5	 -6.03399649123	 14.2894736842	 60.6691964912	 317.710526316	54.6352	 332.0
7.0	 -25.8697992982	 10.3578947368	 60.5305992982	 317.642105263	34.6608	 328.0
7.5	 -17.3976021053	 36.4263157895	 60.3920021053	 317.573684211	42.9944	 354.0
8.0	 2.81779508772	 24.4947368421	 60.2534049123	 317.505263158	63.0712	 342.0
8.5	 1.0075922807	 16.5631578947	 60.1148077193	 317.436842105	61.1224	 334.0
9.0	 -16.1102105263	 17.6315789474	 59.9762105263	 317.368421053	43.866	 335.0
9.5	 4.43878666667	 31.7	 59.8376133333	 317.3	64.2764	 349.0
10.0	 -8.70501614035	 -2.23157894737	 59.6990161404	 317.231578947	50.994	 315.0
10.5	 6.43358105263	 -2.16315789474	 59.5604189474	 317.163157895	65.994	 315.0
11.0	 12.8285782456	 -3.09473684211	 59.4218217544	 317.094736842	72.2504	 314.0
11.5	 -29.2120245614	 24.9736842105	 59.2832245614	 317.026315789	30.0712	 342.0
12.0	 -15.6374273684	 35.0421052632	 59.1446273684	 316.957894737	43.5072	 352.0
12.5	 16.4495698246	 4.11052631579	 59.0060301754	 316.889473684	75.4556	 321.0
13.0	 -13.1806329825	 46.1789473684	 58.8674329825	 316.821052632	45.6868	 363.0
13.5	 7.23996421053	 41.2473684211	 58.7288357895	 316.752631579	65.9688	 358.0
14.0	 52.8405614035	 86.3157894737	 58.5902385965	 316.684210526	111.4308	 403.0
14.5	 7.08155859649	 70.3842105263	 58.4516414035	 316.615789474	65.5332	 387.0
15.0	 23.3741557895	 85.4526315789	 58.3130442105	 316.547368421	81.6872	 402.0
15.5	 47.2823529825	 121.521052632	 58.1744470175	 316.478947368	105.4568	 438.0
16.0	 51.8313501754	 135.589473684	 58.0358498246	 316.410526316	109.8672	 452.0
16.5	 112.123147368	 72.6578947368	 57.8972526316	 316.342105263	170.0204	 389.0
17.0	 151.954544561	 120.726315789	 57.7586554386	 316.273684211	209.7132	 437.0
17.5	 117.093141754	 120.794736842	 57.6200582456	 316.205263158	174.7132	 437.0
18.0	 129.718938947	 122.863157895	 57.4814610526	 316.136842105	187.2004	 439.0
18.5	 168.24273614	 179.931578947	 57.3428638596	 316.068421053	225.5856	 496.0
19.0	 205.509333333	 160.0	 57.2042666667	 316.0	262.7136	 476.0
19.5	 194.083930526	 170.068421053	 57.0656694737	 315.931578947	251.1496	 486.0
20.0	 229.222927719	 209.136842105	 56.9270722807	 315.863157895	286.15	 525.0
20.5	 268.232724912	 151.205263158	 56.7884750877	 315.794736842	325.0212	 467.0
21.0	 196.192522105	 218.273684211	 56.6498778947	 315.726315789	252.8424	 534.0
21.5	 265.792719298	 224.342105263	 56.5112807018	 315.657894737	322.304	 540.0
22.0	 237.315316491	 164.410526316	 56.3726835088	 315.589473684	293.688	 480.0
22.5	 258.992713684	 197.478947368	 56.2340863158	 315.521052632	315.2268	 513.0
23.0	 271.258910877	 138.547368421	 56.0954891228	 315.452631579	327.3544	 454.0
23.5	 283.14190807	 217.615789474	 55.9568919298	 315.384210526	339.0988	 533.0
24.0	 248.639305263	 200.684210526	 55.8182947368	 315.315789474	304.4576	 516.0
24.5	 242.983502456	 246.752631579	 55.6796975439	 315.247368421	298.6632	 562.0
25.0	 271.377699649	 167.821052632	 55.5411003509	 315.178947368	326.9188	 483.0
25.5	 297.285896842	 203.889473684	 55.4025031579	 315.110526316	352.6884	 519.0
26.0	 264.911694035	 205.957894737	 55.2639059649	 315.042105263	320.1756	 521.0
26.5	 314.049491228	 128.026315789	 55.1253087719	 314.973684211	369.1748	 443.0
27.0	 331.777688421	 114.094736842	 54.9867115789	 314.905263158	386.7644	 429.0
27.5	 291.249885614	 140.163157895	 54.848114386	 314.836842105	346.098	 455.0
28.0	 299.850482807	 185.231578947	 54.709517193	 314.768421053	354.56	 500.0
28.5	 294.42468	 156.3	 54.57092	 314.7	348.9956	 471.0
29.0	 247.768877193	 202.368421053	 54.432322807	 314.631578947	302.2012	 517.0
29.5	 356.035874386	 221.436842105	 54.293725614	 314.563157895	410.3296	 536.0
30.0	 424.380071579	 267.505263158	 54.1551284211	 314.494736842	478.5352	 582.0
30.5	 424.595468772	 255.573684211	 54.0165312281	 314.426315789	478.612	 570.0
31.0	 471.119665965	 351.642105263	 53.8779340351	 314.357894737	524.9976	 666.0
31.5	 384.488663158	 315.710526316	 53.7393368421	 314.289473684	438.228	 630.0
32.0	 304.344860351	 281.778947368	 53.6007396491	 314.221052632	357.9456	 596.0
32.5	 195.253057544	 317.847368421	 53.4621424561	 314.152631579	248.7152	 632.0
33.0	 303.726054737	 421.915789474	 53.3235452632	 314.084210526	357.0496	 736.0
33.5	 194.65945193	 414.984210526	 53.1849480702	 314.015789474	247.8444	 729.0
34.0	 253.208049123	 390.052631579	 53.0463508772	 313.947368421	306.2544	 704.0
34.5	 236.783046316	 439.121052632	 52.9077536842	 313.878947368	289.6908	 753.0
35.0	 176.150443509	 247.189473684	 52.7691564912	 313.810526316	228.9196	 561.0
35.5	 334.777440702	 366.257894737	 52.6305592982	 313.742105263	387.408	 680.0
36.0	 261.557237895	 383.326315789	 52.4919621053	 313.673684211	314.0492	 697.0
36.5	 219.850235088	 437.394736842	 52.3533649123	 313.605263158	272.2036	 751.0
37.0	 199.630032281	 454.463157895	 52.2147677193	 313.536842105	251.8448	 768.0
37.5	 75.6138294737	 361.531578947	 52.0761705263	 313.468421053	127.69	 675.0
38.0	 82.1872266667	 254.6	 51.9375733333	 313.4	134.1248	 568.0
38.5	 64.1714238596	 200.668421053	 51.7989761404	 313.331578947	115.9704	 514.0
39.0	 12.3096210526	 161.736842105	 51.6603789474	 313.263157895	63.97	 475.0
39.5	 -4.14178175439	 136.805263158	 51.5217817544	 313.194736842	47.38	 450.0
40.0	 20.7908154386	 51.8736842105	 51.3831845614	 313.126315789	72.174	 365.0
40.5	 26.3398126316	 65.9421052632	 51.2445873684	 313.057894737	77.5844	 379.0
41.0	 18.9656098246	 68.0105263158	 51.1059901754	 312.989473684	70.0716	 381.0
41.5	 -18.6653929825	 32.0789473684	 50.9673929825	 312.921052632	32.302	 345.0
42.0	 7.60160421053	 51.1473684211	 50.8287957895	 312.852631579	58.4304	 364.0
42.5	 -16.9005985965	 73.2157894737	 50.6901985965	 312.784210526	33.7896	 386.0
43.0	 -11.1984014035	 24.2842105263	 50.5516014035	 312.715789474	39.3532	 337.0
43.5	 11.2481957895	 54.3526315789	 50.4130042105	 312.647368421	61.6612	 367.0
44.0	 9.20679298246	 4.42105263158	 50.2744070175	 312.578947368	59.4812	 317.0
44.5	 -12.8342098246	 -6.51052631579	 50.1358098246	 312.510526316	37.3016	 306.0
45.0	 -6.13161263158	 -16.4421052632	 49.9972126316	 312.442105263	43.8656	 296.0
45.5	 -10.6338154386	 5.62631578947	 49.8586154386	 312.373684211	39.2248	 318.0
46.0	 5.63278175439	 -14.3052631579	 49.7200182456	 312.305263158	55.3528	 298.0
46.5	 -13.6902210526	 -20.2368421053	 49.5814210526	 312.236842105	35.8912	 292.0
47.0	 -2.75682385965	 -27.1684210526	 49.4428238596	 312.168421053	46.686	 285.0
47.5	 -3.66942666667	 -19.1	 49.3042266667	 312.1	45.6348	 293.0
48.0	 -12.2232294737	 -28.0315789474	 49.1656294737	 312.031578947	36.9424	 284.0
48.5	 -3.6742322807	 -13.9631578947	 49.0270322807	 311.963157895	45.3528	 298.0
49.0	 -25.8436350877	 -43.8947368421	 48.8884350877	 311.894736842	23.0448	 268.0
49.5	 2.75656210526	 -37.8263157895	 48.7498378947	 311.826315789	51.5064	 274.0
50.0	 2.17755929825	 -3.75789473684	 48.6112407018	 311.757894737	50.7888	 308.0
50.5	 2.21375649123	 12.3105263158	 48.4726435088	 311.689473684	50.6864	 324.0
51.0	 22.0703536842	 17.3789473684	 48.3340463158	 311.621052632	70.4044	 329.0
51.5	 12.9781508772	 14.4473684211	 48.1954491228	 311.552631579	61.1736	 326.0
52.0	 23.7571480702	 -46.4842105263	 48.0568519298	 311.484210526	71.814	 265.0
52.5	 13.8189452632	 -34.4157894737	 47.9182547368	 311.415789474	61.7372	 277.0
53.0	 9.18914245614	 46.6526315789	 47.7796575439	 311.347368421	56.9688	 358.0
53.5	 12.2245396491	 -15.2789473684	 47.6410603509	 311.278947368	59.8656	 296.0
54.0	 0.542736842105	 -4.21052631579	 47.5024631579	 311.210526316	48.0452	 307.0
54.5	 -26.6006659649	 0.857894736842	 47.3638659649	 311.142105263	20.7632	 312.0
55.0	 8.69193122807	 15.9263157895	 47.2252687719	 311.073684211	55.9172	 327.0
55.5	 14.5225284211	 -14.0052631579	 47.0866715789	 311.005263158	61.6092	 297.0
56.0	 -0.672074385965	 -0.936842105263	 46.948074386	 310.936842105	46.276	 310.0
56.5	 1.97932280702	 -2.86842105263	 46.809477193	 310.868421053	48.7888	 308.0
Actin association begins: 13.5
Actin association ends: 39.0
Length of actin association: 25.5
Cofilin association begins: 11.5
Cofilin association ends: 44.0
Length of cofilin association: 32.5
Delay between actin and cofilin association: -2.0
Maximum normalized actin intensity: 471.119665965
Maximum normalized cofilin intensity: 454.463157895