Time	 Int488	 Int561	 Back488	 Back561	 Raw488	 Raw561
0.0	 15.32312	 4.2	 25.64408	 197.8	40.9672	 202.0
0.5	 -36.280962449	 9.22244897959	 25.966162449	 197.77755102	-10.3148	 207.0
1.0	 19.524955102	 -10.7551020408	 26.288244898	 197.755102041	45.8132	 187.0
1.5	 -8.61752734694	 0.267346938775	 26.6103273469	 197.732653061	17.9928	 198.0
2.0	 6.82959020408	 -2.71020408163	 26.9324097959	 197.710204082	33.762	 195.0
2.5	 19.4563077551	 5.31224489796	 27.2544922449	 197.687755102	46.7108	 203.0
3.0	 -3.17337469388	 14.3346938776	 27.5765746939	 197.665306122	24.4032	 212.0
3.5	 -0.905857142857	 0.357142857143	 27.8986571429	 197.642857143	26.9928	 198.0
4.0	 3.13126040816	 22.3795918367	 28.2207395918	 197.620408163	31.352	 220.0
4.5	 47.2447779592	 -6.59795918367	 28.5428220408	 197.597959184	75.7876	 191.0
5.0	 28.9226955102	 -6.57551020408	 28.8649044898	 197.575510204	57.7876	 191.0
5.5	 17.1134130612	 -8.55306122449	 29.1869869388	 197.553061224	46.3004	 189.0
6.0	 35.2529306122	 -2.5306122449	 29.5090693878	 197.530612245	64.762	 195.0
6.5	 52.2128481633	 -7.50816326531	 29.8311518367	 197.508163265	82.044	 190.0
7.0	 81.3523657143	 -1.48571428571	 30.1532342857	 197.485714286	111.5056	 196.0
7.5	 70.6970832653	 11.5367346939	 30.4753167347	 197.463265306	101.1724	 209.0
8.0	 95.7594008163	 -9.44081632653	 30.7973991837	 197.440816327	126.5568	 188.0
8.5	 112.130118367	 38.5816326531	 31.1194816327	 197.418367347	143.2496	 236.0
9.0	 121.602435918	 -7.39591836735	 31.4415640816	 197.395918367	153.044	 190.0
9.5	 167.305953469	 -11.3734693878	 31.7636465306	 197.373469388	199.0696	 186.0
10.0	 140.44547102	 -5.35102040816	 32.0857289796	 197.351020408	172.5312	 192.0
10.5	 125.533788571	 8.67142857143	 32.4078114286	 197.328571429	157.9416	 206.0
11.0	 146.698906122	 10.693877551	 32.7298938776	 197.306122449	179.4288	 208.0
11.5	 161.940823673	 0.716326530612	 33.0519763265	 197.283673469	194.9928	 198.0
12.0	 178.029141224	 14.7387755102	 33.3740587755	 197.26122449	211.4032	 212.0
12.5	 174.989058776	 9.7612244898	 33.6961412245	 197.23877551	208.6852	 207.0
13.0	 170.461776327	 2.78367346939	 34.0182236735	 197.216326531	204.48	 200.0
13.5	 254.344893878	 9.80612244898	 34.3403061224	 197.193877551	288.6852	 207.0
14.0	 353.971611429	 17.8285714286	 34.6623885714	 197.171428571	388.634	 215.0
14.5	 389.49552898	 2.85102040816	 34.9844710204	 197.148979592	424.48	 200.0
15.0	 413.481046531	 -6.12653061224	 35.3065534694	 197.126530612	448.7876	 191.0
15.5	 345.902564082	 -5.10408163265	 35.6286359184	 197.104081633	381.5312	 192.0
16.0	 395.554881633	 -1.08163265306	 35.9507183673	 197.081632653	431.5056	 196.0
16.5	 346.437999184	 5.94081632653	 36.2728008163	 197.059183673	382.7108	 203.0
17.0	 320.603116735	 7.96326530612	 36.5948832653	 197.036734694	357.198	 205.0
17.5	 437.793834286	 5.98571428571	 36.9169657143	 197.014285714	474.7108	 203.0
18.0	 363.215351837	 7.00816326531	 37.2390481633	 196.991836735	400.4544	 204.0
18.5	 454.560069388	 20.0306122449	 37.5611306122	 196.969387755	492.1212	 217.0
19.0	 407.878786939	 -1.94693877551	 37.8832130612	 196.946938776	445.762	 195.0
19.5	 435.37750449	 26.0755102041	 38.2052955102	 196.924489796	473.5828	 223.0
20.0	 451.439822041	 5.09795918367	 38.5273779592	 196.902040816	489.9672	 202.0
20.5	 442.707339592	 -8.87959183673	 38.8494604082	 196.879591837	481.5568	 188.0
21.0	 511.616057143	 -5.85714285714	 39.1715428571	 196.857142857	550.7876	 191.0
21.5	 420.935174694	 11.1653061224	 39.4936253061	 196.834693878	460.4288	 208.0
22.0	 435.869492245	 10.187755102	 39.8157077551	 196.812244898	475.6852	 207.0
22.5	 428.342209796	 3.21020408163	 40.1377902041	 196.789795918	468.48	 200.0
23.0	 385.686927347	 16.2326530612	 40.4598726531	 196.767346939	426.1468	 213.0
23.5	 460.954444898	 2.25510204082	 40.781955102	 196.744897959	501.7364	 199.0
24.0	 442.504362449	 22.2775510204	 41.104037551	 196.72244898	483.6084	 219.0
24.5	 504.61788	 -6.7	 41.42612	 196.7	546.044	 190.0
25.0	 483.244597551	 1.32244897959	 41.748202449	 196.67755102	524.9928	 198.0
25.5	 383.768915102	 25.3448979592	 42.070284898	 196.655102041	425.8392	 222.0
26.0	 427.472432653	 21.3673469388	 42.3923673469	 196.632653061	469.8648	 218.0
26.5	 530.945150204	 14.3897959184	 42.7144497959	 196.610204082	573.6596	 211.0
27.0	 446.699867755	 2.41224489796	 43.0365322449	 196.587755102	489.7364	 199.0
27.5	 547.428985306	 -5.56530612245	 43.3586146939	 196.565306122	590.7876	 191.0
28.0	 564.722502857	 15.4571428571	 43.6806971429	 196.542857143	608.4032	 212.0
28.5	 511.477220408	 3.47959183673	 44.0027795918	 196.520408163	555.48	 200.0
29.0	 437.745137959	 28.5020408163	 44.3248620408	 196.497959184	482.07	 225.0
29.5	 491.47425551	 20.5244897959	 44.6469444898	 196.475510204	536.1212	 217.0
30.0	 466.639373061	 22.5469387755	 44.9690269388	 196.453061224	511.6084	 219.0
30.5	 449.368490612	 14.5693877551	 45.2911093878	 196.430612245	494.6596	 211.0
31.0	 484.790008163	 15.5918367347	 45.6131918367	 196.408163265	530.4032	 212.0
31.5	 438.647525714	 26.6142857143	 45.9352742857	 196.385714286	484.5828	 223.0
32.0	 511.427843265	 10.6367346939	 46.2573567347	 196.363265306	557.6852	 207.0
32.5	 438.900560816	 3.65918367347	 46.5794391837	 196.340816327	485.48	 200.0
33.0	 398.194078367	 24.6816326531	 46.9015216327	 196.318367347	445.0956	 221.0
33.5	 437.384795918	 22.7040816327	 47.2236040816	 196.295918367	484.6084	 219.0
34.0	 310.831913469	 19.7265306122	 47.5456865306	 196.273469388	358.3776	 216.0
34.5	 246.68943102	 30.7489795918	 47.8677689796	 196.251020408	294.5572	 227.0
35.0	 212.700548571	 17.7714285714	 48.1898514286	 196.228571429	260.8904	 214.0
35.5	 176.660466122	 12.793877551	 48.5119338776	 196.206122449	225.1724	 209.0
36.0	 153.440783673	 -3.18367346939	 48.8340163265	 196.183673469	202.2748	 193.0
36.5	 92.2727012245	 11.8387755102	 49.1560987755	 196.16122449	141.4288	 208.0
37.0	 45.3094187755	 -5.1387755102	 49.4781812245	 196.13877551	94.7876	 191.0
37.5	 44.5001363265	 -7.11632653061	 49.8002636735	 196.116326531	94.3004	 189.0
38.0	 14.8704538776	 1.90612244898	 50.1223461224	 196.093877551	64.9928	 198.0
38.5	 50.2919714286	 2.92857142857	 50.4444285714	 196.071428571	100.7364	 199.0
39.0	 19.3802889796	 16.9510204082	 50.7665110204	 196.048979592	70.1468	 213.0
39.5	 19.4170065306	 -0.0265306122449	 51.0885934694	 196.026530612	70.5056	 196.0
40.0	 13.8385240816	 0.995918367347	 51.4106759184	 196.004081633	65.2492	 197.0
40.5	 9.31124163265	 -5.98163265306	 51.7327583673	 195.981632653	61.044	 190.0
41.0	 -23.8312408163	 5.04081632653	 52.0548408163	 195.959183673	28.2236	 201.0
41.5	 -15.8713232653	 0.0632653061224	 52.3769232653	 195.936734694	36.5056	 196.0
42.0	 -14.7830057143	 14.0857142857	 52.6990057143	 195.914285714	37.916	 210.0
42.5	 -25.1566881633	 -16.8918367347	 53.0210881633	 195.891836735	27.8644	 179.0
43.0	 -12.1451706122	 9.1306122449	 53.3431706122	 195.869387755	41.198	 205.0
43.5	 -18.4416530612	 5.15306122449	 53.6652530612	 195.846938776	35.2236	 201.0
44.0	 -16.2253355102	 -0.824489795918	 53.9873355102	 195.824489796	37.762	 195.0
44.5	 -1.52181795918	 -4.80204081633	 54.3094179592	 195.802040816	52.7876	 191.0
45.0	 31.9252995918	 -7.77959183673	 54.6315004082	 195.779591837	86.5568	 188.0
45.5	 -12.3967828571	 -7.75714285714	 54.9535828571	 195.757142857	42.5568	 188.0
46.0	 -23.9240653061	 -14.7346938776	 55.2756653061	 195.734693878	31.3516	 181.0
46.5	 -11.6817477551	 14.287755102	 55.5977477551	 195.712244898	43.916	 210.0
47.0	 6.86776979592	 -4.68979591837	 55.9198302041	 195.689795918	62.7876	 191.0
47.5	 -12.2491126531	 2.33265306122	 56.2419126531	 195.667346939	43.9928	 198.0
48.0	 18.274804898	 -12.6448979592	 56.563995102	 195.644897959	74.8388	 183.0
48.5	 3.61952244898	 0.377551020408	 56.886077551	 195.62244898	60.5056	 196.0
Actin association begins: 4.0
Actin association ends: 40.5
Length of actin association: 36.5
Cofilin association begins: 28.0
Cofilin association ends: 35.5
Length of cofilin association: 7.5
Delay between actin and cofilin association: 24.0
Maximum normalized actin intensity: 564.722502857
Maximum normalized cofilin intensity: 30.7489795918