Time	 Int488	 Int561	 Back488	 Back561	 Raw488	 Raw561
0.0	 33.0952683826	 9.51852256279	 24.6184	 194.0	45.48	 200.0
0.5	 -2.21649402595	 9.45849584392	 24.8771668468	 194.037837838	23.48	 200.0
1.0	 -30.4096706939	 12.5713099793	 25.1359336937	 194.075675676	5.9672	 202.0
1.5	 20.8806234464	 -9.69860271938	 25.3947005405	 194.113513514	38.5568	 188.0
2.0	 -25.4548572262	 -22.4499928553	 25.6534673874	 194.151351351	9.608	 180.0
2.5	 42.3507081287	 -22.5100195742	 25.9122342342	 194.189189189	52.608	 180.0
3.0	 -24.0383958792	 -0.360160313187	 26.1710010811	 194.227027027	11.0184	 194.0
3.5	 -17.8183060737	 17.0304376664	 26.4297679279	 194.264864865	15.198	 205.0
4.0	 -34.6222532112	 -24.2765201579	 26.6885347748	 194.302702703	4.8644	 179.0
4.5	 -53.9473396915	 18.4968046558	 26.9473016216	 194.340540541	-7.0584	 206.0
5.0	 1.61423280687	 10.5046758013	 27.2060684685	 194.378378378	28.2236	 201.0
5.5	 22.6813141058	 0.926126519623	 27.4648353153	 194.416216216	41.762	 195.0
6.0	 -15.3153062336	 -13.4116840434	 27.7236021622	 194.454054054	18.0696	 186.0
6.5	 40.7754961192	 19.8431182075	 27.982369009	 194.491891892	53.6852	 207.0
7.0	 -0.760110909101	 0.746046363029	 28.2411358559	 194.52972973	27.762	 195.0
7.5	 53.6624117226	 -15.1781846271	 28.4999027027	 194.567567568	62.326	 185.0
8.0	 18.7167951486	 -10.4789500646	 28.7586695495	 194.605405405	40.5568	 188.0
8.5	 7.89301845316	 5.32522748783	 29.0174363964	 194.643243243	33.9928	 198.0
9.0	 -27.6630527012	 -18.531105638	 29.2762032432	 194.681081081	11.8388	 183.0
9.5	 3.53300574091	 0.445912768707	 29.5349700901	 194.718918919	31.762	 195.0
10.0	 -17.1754393518	 11.4908290398	 29.7937369369	 194.756756757	18.9672	 202.0
10.5	 24.9218656973	 0.325859330978	 30.0525037838	 194.794594595	45.762	 195.0
11.0	 50.585758826	 16.1300368834	 30.3112706306	 194.832432432	62.198	 205.0
11.5	 34.1479575231	 -20.4176596595	 30.5700374775	 194.87027027	52.0952	 182.0
12.0	 84.6659821995	 16.0099834457	 30.8288043243	 194.908108108	84.198	 205.0
12.5	 37.1508392972	 1.67217288265	 31.0875711712	 194.945945946	54.5056	 196.0
13.0	 85.1870678574	 -7.906376399	 31.346338018	 194.983783784	85.044	 190.0
13.5	 31.4487149036	 20.5891645705	 31.6051048649	 195.021621622	51.4288	 208.0
14.0	 -27.659353912	 20.5291378516	 31.8638717117	 195.059459459	14.4288	 208.0
14.5	 20.7836328458	 9.36416814285	 32.1226385586	 195.097297297	45.2236	 201.0
15.0	 -26.7721224194	 1.37203928833	 32.3814054054	 195.135135135	15.5056	 196.0
15.5	 -8.91849433765	 -1.8608282848	 32.6401722523	 195.172972973	27.0184	 194.0
16.0	 -14.9830097517	 13.9433492677	 32.8989390991	 195.210810811	23.4544	 204.0
16.5	 5.39239224109	 -11.4994042853	 33.1577059459	 195.248648649	36.5568	 188.0
17.0	 25.3210582416	 32.8603409555	 33.4164727928	 195.286486486	49.3776	 216.0
17.5	 89.1402663472	 35.9731550909	 33.6752396396	 195.324324324	89.8648	 218.0
18.0	 65.0146716544	 23.221764955	 33.9340064865	 195.362162162	74.916	 210.0
18.5	 127.206212402	 -29.1901358592	 34.1927733333	 195.4	114.3772	 177.0
19.0	 207.906837557	 0.891825537414	 34.4515401802	 195.437837838	165.5056	 196.0
19.5	 150.140880422	 -22.9645075884	 34.710307027	 195.475675676	129.3516	 181.0
20.0	 154.042258132	 -15.0924321716	 34.9690738739	 195.513513514	132.0696	 186.0
20.5	 252.274732711	 2.29816580795	 35.2278407207	 195.551351351	194.2492	 197.0
21.0	 260.203080032	 0.651718661957	 35.4866075676	 195.589189189	199.5056	 196.0
21.5	 274.762030171	 16.4558962144	 35.7453744144	 195.627027027	208.9416	 206.0
22.0	 326.540941803	 41.7785963296	 36.0041412613	 195.664864865	241.8392	 222.0
22.5	 458.006386058	 9.99016106815	 36.2629081081	 195.702702703	324.9672	 202.0
23.0	 359.197194201	 16.2758160578	 36.521674955	 195.740540541	262.9416	 206.0
23.5	 399.708078823	 5.11084634903	 36.7804418018	 195.778378378	288.7364	 199.0
24.0	 374.117900792	 -26.6775889125	 37.0392086486	 195.816216216	272.8644	 179.0
24.5	 384.446819504	 30.3735197454	 37.2979754955	 195.854054054	279.634	 215.0
25.0	 517.091925988	 0.171504911041	 37.5567423423	 195.891891892	363.5056	 196.0
25.5	 445.618027227	 11.2164211821	 37.8155091892	 195.92972973	318.7108	 203.0
26.0	 338.5105874	 12.7428148904	 38.074276036	 195.967567568	251.4544	 204.0
26.5	 481.244058665	 17.4420494529	 38.3330428829	 196.005405405	341.6852	 207.0
27.0	 430.149951279	 66.5610559751	 38.5918097297	 196.043243243	309.7368	 238.0
27.5	 451.460706756	 18.9084164423	 38.8505765766	 196.081081081	323.4288	 208.0
28.0	 420.501447431	 20.4348101506	 39.1093434234	 196.118918919	304.1724	 209.0
28.5	 449.379428345	 91.7637026526	 39.3681102703	 196.156756757	322.6344	 254.0
29.0	 366.921789115	 21.90117714	 39.6268771171	 196.194594595	270.916	 210.0
29.5	 600.0	 39.2917751195	 39.885643964	 196.232432432	418.0956	 221.0
30.0	 334.25051746	 40.8181688278	 40.1444108108	 196.27027027	250.8392	 222.0
30.5	 405.148333511	 115.319902184	 40.4031776577	 196.308108108	295.7884	 269.0
31.0	 386.839190673	 61.3215809428	 40.6619445045	 196.345945946	284.506	 235.0
31.5	 443.173667203	 56.5022929425	 40.9207113514	 196.383783784	320.2752	 232.0
32.0	 499.629980822	 32.6459598167	 41.1794781982	 196.421621622	356.1212	 217.0
32.5	 460.291248801	 42.1044556606	 41.438245045	 196.459459459	331.5828	 223.0
33.0	 389.387192258	 88.0506213286	 41.6970118919	 196.497297297	287.1472	 252.0
33.5	 437.667094996	 40.3979817958	 41.9557787387	 196.535135135	317.8392	 222.0
34.0	 414.355651266	 86.3441474637	 42.2145455856	 196.572972973	303.4036	 251.0
34.5	 334.745953987	 67.2470756193	 42.4733124324	 196.610810811	253.4804	 239.0
35.0	 339.7457692	 89.3969348802	 42.7320792793	 196.648648649	256.8908	 253.0
35.5	 341.776439941	 141.688782257	 42.9908461261	 196.686486486	258.4296	 286.0
36.0	 303.820431965	 121.005289985	 43.249612973	 196.724324324	234.7628	 273.0
36.5	 314.962232503	 113.013161131	 43.5083798198	 196.762162162	242.0448	 268.0
37.0	 228.274561846	 84.3975667234	 43.7671466667	 196.8	187.66	 250.0
37.5	 253.246775669	 84.3375400045	 44.0259135135	 196.837837838	203.66	 250.0
38.0	 221.351528292	 46.2034230345	 44.2846803604	 196.875675676	183.8136	 226.0
38.5	 248.398145465	 31.8656124715	 44.5434472072	 196.913513514	201.1212	 217.0
39.0	 130.267621942	 82.5710394208	 44.8022140541	 196.951351351	126.9164	 249.0
39.5	 29.3427798035	 47.609763305	 45.0609809009	 196.989189189	63.5572	 227.0
40.0	 76.3617955858	 11.0620667622	 45.3197477477	 197.027027027	93.4544	 204.0
40.5	 15.5048568914	 36.3847668774	 45.5785145946	 197.064864865	55.352	 220.0
41.0	 -3.37285902845	 71.2259895554	 45.8372814414	 197.102702703	43.7112	 242.0
41.5	 60.7306356177	 29.9190317311	 46.0960482883	 197.140540541	84.3776	 216.0
42.0	 32.2525378411	 15.5812211681	 46.3548151351	 197.178378378	66.6852	 207.0
42.5	 -30.3539053004	 4.41625145931	 46.613581982	 197.216216216	27.48	 200.0
43.0	 -21.448957564	 36.0846332831	 46.8723488288	 197.254054054	33.352	 220.0
43.5	 -33.0050259286	 42.3702882727	 47.1311156757	 197.291891892	26.3264	 224.0
44.0	 22.1085414412	 -19.5601351043	 47.3898825225	 197.32972973	61.326	 185.0
44.5	 -13.6505915279	 -11.6880596875	 47.6486493694	 197.367567568	39.044	 190.0
45.0	 31.2946554721	 27.912424272	 47.9074162162	 197.405405405	67.634	 215.0
45.5	 -32.1253040644	 19.9202954174	 48.1661830631	 197.443243243	27.916	 210.0
46.0	 -51.24732873	 30.9652116885	 48.4249499099	 197.481081081	16.1212	 217.0
46.5	 -9.47555715247	 8.69529898979	 48.6837167568	 197.518918919	42.7108	 203.0
47.0	 -30.5907604428	 21.326635688	 48.9424836036	 197.556756757	29.6596	 211.0
47.5	 -72.5331256686	 3.81598427067	 49.2012504505	 197.594594595	3.48	 200.0
48.0	 -68.021293379	 40.2436273758	 49.4600172973	 197.632432432	6.5828	 223.0
48.5	 -25.802151241	 10.0416125415	 49.7187841441	 197.67027027	33.4544	 204.0
49.0	 -86.8221739553	 -1.12335716732	 49.977550991	 197.708108108	-4.7508	 197.0
49.5	 -25.4435150348	 11.5079795309	 50.2363178378	 197.745945946	34.198	 205.0
50.0	 -37.4063415968	 19.3800549477	 50.4950846847	 197.783783784	26.916	 210.0
50.5	 -65.0303106156	 -4.47627817818	 50.7538515315	 197.821621622	9.762	 195.0
51.0	 -50.9187310373	 19.2600015099	 51.0126183784	 197.859459459	18.916	 210.0
51.5	 -31.2756207137	 -15.7012746058	 51.2713852252	 197.897297297	31.5568	 188.0
52.0	 -41.4077181029	 15.9671072179	 51.5301520721	 197.935135135	25.4288	 208.0
52.5	 -52.9231741045	 15.9070804991	 51.7889189189	 197.972972973	18.4288	 208.0
53.0	 -40.6423236992	 15.8470537802	 52.0476857658	 198.010810811	26.4288	 208.0
53.5	 13.0885196263	 -15.9413814813	 52.3064526126	 198.048648649	60.5568	 188.0
54.0	 -10.7521539578	 -11.2421469188	 52.5652194595	 198.086486486	45.7876	 191.0
54.5	 -53.0194180871	 22.0126553321	 52.8239863063	 198.124324324	19.4032	 212.0
55.0	 97.4830712933	 -9.77577992935	 53.0827531532	 198.162162162	114.5312	 192.0
Actin association begins: 16.5
Actin association ends: 40.5
Length of actin association: 24.0
Area under actin curve during patch life: 15022.8414334
Cofilin association begins: 24.5
Cofilin association ends: 43.5
Length of cofilin association: 19.0
Delay between actin and cofilin association: 8.0
Area under cofilin curve during patch life: 2050.69279657
Cofilin intensity score: 273.177953001