Time	 Int488	 Int561	 Back488	 Back561	 Raw488	 Raw561
0.0	 42.8301458984	 7.85401926305	 63.90088	 235.8	97.7112	 242.0
0.5	 22.4486403344	 -15.7721054241	 63.8617370115	 235.450574713	81.5828	 223.0
1.0	 -18.0381411211	 34.0748533174	 63.822594023	 235.101149425	49.5832	 262.0
1.5	 -27.733620089	 -26.287813084	 63.7834510345	 234.751724138	41.8904	 214.0
2.0	 -19.0111705296	 4.55748615005	 63.744308046	 234.402298851	48.7368	 238.0
2.5	 7.51051352356	 -24.135747739	 63.7051650575	 234.052873563	69.634	 215.0
3.0	 4.60445417536	 -7.22499881039	 63.666022069	 233.703448276	67.3008	 228.0
3.5	 50.940055341	 -14.3830185911	 63.6268790805	 233.354022989	103.8392	 222.0
4.0	 18.0858604764	 -19.0074837708	 63.587736092	 233.004597701	77.8648	 218.0
4.5	 63.9015762379	 -43.9003857584	 63.5485931034	 232.655172414	113.9928	 198.0
5.0	 31.5024077796	 -20.6557503273	 63.5094501149	 232.305747126	88.3776	 216.0
5.5	 75.661685543	 -34.1476566105	 63.4703071264	 231.956321839	123.198	 205.0
6.0	 56.2550917895	 -12.1697984799	 63.4311641379	 231.606896552	107.8392	 222.0
6.5	 63.8729115429	 -6.66004525569	 63.3920211494	 231.257471264	113.8136	 226.0
7.0	 2.56537837648	 30.5191404808	 63.3528781609	 230.908045977	65.378	 255.0
7.5	 79.6279297428	 -27.3099713196	 63.3137351724	 230.55862069	126.1724	 209.0
8.0	 74.2207452926	 -15.4663315929	 63.2745921839	 230.209195402	121.8648	 218.0
8.5	 38.3460466327	 6.5115265377	 63.2354491954	 229.859770115	93.506	 235.0
9.0	 86.4353742931	 -27.2488165533	 63.1963062069	 229.510344828	131.4288	 208.0
9.5	 100.67945275	 -17.9387314277	 63.1571632184	 229.16091954	142.634	 215.0
10.0	 144.416640317	 -14.9625328044	 63.1180202299	 228.811494253	177.1212	 217.0
10.5	 173.797187382	 4.48177072519	 63.0788772414	 228.462068966	200.2752	 232.0
11.0	 117.816199408	 1.12408284595	 63.0397342529	 228.112643678	156.0444	 229.0
11.5	 140.018172867	 4.10028146918	 63.0005912644	 227.763218391	173.5316	 231.0
12.0	 151.890844217	 -11.925179415	 62.9614482759	 227.413793103	182.8648	 218.0
12.5	 174.742421075	 -11.4825353927	 62.9223052874	 227.064367816	200.8648	 218.0
13.0	 169.724897323	 -11.0398913705	 62.8831622989	 226.714942529	196.8648	 218.0
13.5	 109.976513658	 29.9396262675	 62.8440193103	 226.365517241	149.66	 250.0
14.0	 150.822915425	 39.2497113932	 62.8048763218	 226.016091954	181.8652	 257.0
14.5	 140.997718461	 -0.844518200328	 62.7657333333	 225.666666667	174.07	 225.0
15.0	 176.939158521	 -16.8699790845	 62.7265903448	 225.317241379	202.4032	 212.0
15.5	 155.583754568	 12.7085428491	 62.6874473563	 224.967816092	185.506	 235.0
16.0	 239.597873049	 6.81730036886	 62.6483043678	 224.618390805	251.788	 230.0
16.5	 264.105887905	 -4.14105131333	 62.6091613793	 224.268965517	271.0956	 221.0
17.0	 179.995856619	 -16.366180296	 62.5700183908	 223.91954023	204.6596	 211.0
17.5	 178.324145072	 5.61167783459	 62.5308754023	 223.570114943	203.3008	 228.0
18.0	 201.403235134	 19.9888721623	 62.4917324138	 223.220689655	221.4804	 239.0
18.5	 228.15243239	 5.23018857858	 62.4525894253	 222.871264368	242.5572	 227.0
19.0	 206.147931749	 86.7465798323	 62.4134464368	 222.52183908	225.1476	 291.0
19.5	 224.451778098	 55.5197913423	 62.3743034483	 222.172413793	239.5576	 266.0
20.0	 225.637916141	 26.8265574532	 62.3351604598	 221.822988506	240.4548	 243.0
20.5	 234.554942694	 27.2692014754	 62.2960174713	 221.473563218	247.4548	 243.0
21.0	 249.936080456	 56.847723409	 62.2568744828	 221.124137931	259.5576	 266.0
21.5	 126.101433159	 66.1578085347	 62.2177314943	 220.774712644	161.7628	 273.0
22.0	 204.138896336	 53.932679552	 62.1785885057	 220.425287356	223.3268	 263.0
22.5	 235.760625801	 69.5766511801	 62.1394455172	 220.075862069	248.25	 275.0
23.0	 250.004704258	 78.8867363058	 62.1003025287	 219.726436782	259.4552	 282.0
23.5	 202.403701483	 52.7270570177	 62.0611595402	 219.377011494	221.8396	 261.0
24.0	 240.099374748	 59.5035875424	 62.0220165517	 219.027586207	251.5576	 266.0
24.5	 142.639537558	 54.8791223627	 61.9828735632	 218.67816092	174.5832	 262.0
25.0	 68.078980274	 35.0533295771	 61.9437305747	 218.328735632	115.6856	 246.0
25.5	 164.403640561	 35.4959735993	 61.9045875862	 217.979310345	191.6856	 246.0
26.0	 358.563538608	 138.547578961	 61.8654445977	 217.629885057	344.9172	 327.0
26.5	 455.440513798	 151.657995989	 61.8263016092	 217.28045977	421.3532	 337.0
27.0	 600.0	 136.899312405	 61.7871586207	 216.931034483	535.43	 325.0
27.5	 539.861448926	 139.875511028	 61.7480156322	 216.581609195	487.9172	 327.0
28.0	 362.78972551	 154.252705356	 61.7088726437	 216.232183908	348.0968	 338.0
28.5	 349.717018259	 176.230563486	 61.6697296552	 215.882758621	337.738	 355.0
29.0	 319.493159781	 107.000455982	 61.6305866667	 215.533333333	313.84	 300.0
29.5	 324.642790642	 151.780305521	 61.5914436782	 215.183908046	317.866	 335.0
30.0	 310.010427179	 120.553517031	 61.5523006897	 214.834482759	306.276	 310.0
30.5	 185.883914392	 175.467584974	 61.5131577011	 214.485057471	208.2508	 353.0
31.0	 150.560517213	 111.304586672	 61.4740147126	 214.135632184	180.3272	 302.0
31.5	 128.847375351	 97.8126803884	 61.4348717241	 213.786206897	163.1476	 291.0
32.0	 -26.4945569637	 81.7872195042	 61.3957287356	 213.436781609	40.4808	 278.0
32.5	 69.6355263297	 112.632518738	 61.3565857471	 213.087356322	116.3272	 302.0
33.0	 -17.5603744605	 87.7396167507	 61.3174427586	 212.737931034	47.4552	 282.0
33.5	 -21.6039998246	 34.9776141522	 61.2782997701	 212.388505747	44.224	 240.0
34.0	 52.2434707531	 34.153480874	 61.2391567816	 212.03908046	102.4804	 239.0
34.5	 13.8995697791	 -3.40719411857	 61.2000137931	 211.689655172	72.1724	 209.0
35.0	 -30.3556207899	 -8.03165929829	 61.1608708046	 211.340229885	37.198	 205.0
35.5	 -17.5734033379	 -17.72323368	 61.1217278161	 210.990804598	47.2492	 197.0
36.0	 -44.5482313954	 -0.81248475135	 61.0825848276	 210.64137931	25.916	 210.0
36.5	 -14.453221933	 5.96404577335	 61.0434418391	 210.291954023	49.634	 215.0
37.0	 9.50247802025	 -17.6620789138	 61.0042988506	 209.942528736	68.5056	 196.0
37.5	 3.3159721747	 16.9835522218	 60.9651558621	 209.593103448	63.5828	 223.0
38.0	 -36.5546488019	 -29.4445638742	 60.9260128736	 209.243678161	32.0696	 186.0
38.5	 7.05282076942	 -6.1999284431	 60.8868698851	 208.894252874	66.4544	 204.0
39.0	 -28.659730396	 -9.55761632234	 60.8477268966	 208.544827586	38.2236	 201.0
39.5	 19.4949629731	 -4.04786309812	 60.808583908	 208.195402299	76.198	 205.0
40.0	 -17.2568522896	 6.52899932805	 60.7694409195	 207.845977011	47.1468	 213.0
40.5	 12.8057276739	 18.3726390547	 60.730297931	 207.496551724	70.8392	 222.0
41.0	 -23.1991956925	 11.214619274	 60.6911549425	 207.147126437	42.3776	 216.0
41.5	 5.82361346274	 -12.4115054131	 60.652011954	 206.797701149	65.2492	 197.0
42.0	 -3.44876188681	 9.56635271751	 60.6128689655	 206.448275862	57.8904	 214.0
42.5	 8.71628166441	 -2.65877626517	 60.573725977	 206.098850575	67.4544	 204.0
43.0	 11.3642807125	 -12.3503506469	 60.5345829885	 205.749425287	69.5056	 196.0
Actin association begins: 2.5
Actin association ends: 31.5
Length of actin association: 29.0
Area under actin curve during patch life: 10712.6853099
Cofilin association begins: 17.5
Cofilin association ends: 34.0
Length of cofilin association: 16.5
Delay between actin and cofilin association: 15.0
Area under cofilin curve during patch life: 2802.92678557
Cofilin intensity score: 145.731774147