Time	 Int488	 Int561	 Back488	 Back561	 Raw488	 Raw561
0.0	 -2.1436	 -1.0	 31.906	 235.0	29.7624	 234.0
0.5	 -17.8161356522	 5.0347826087	 32.0401356522	 234.965217391	14.224	 240.0
1.0	 -8.64267130435	 -3.93043478261	 32.1742713043	 234.930434783	23.5316	 231.0
1.5	 10.2743930435	 -11.8956521739	 32.3084069565	 234.895652174	42.5828	 223.0
2.0	 16.9866573913	 12.1391304348	 32.4425426087	 234.860869565	49.4292	 247.0
2.5	 43.1601217391	 3.17391304348	 32.5766782609	 234.826086957	75.7368	 238.0
3.0	 25.256386087	 -32.7913043478	 32.710813913	 234.791304348	57.9672	 202.0
3.5	 12.8658504348	 -31.7565217391	 32.8449495652	 234.756521739	45.7108	 203.0
4.0	 16.1165147826	 -13.7217391304	 32.9790852174	 234.72173913	49.0956	 221.0
4.5	 -1.99202086957	 -17.6869565217	 33.1132208696	 234.686956522	31.1212	 217.0
5.0	 -26.4849565217	 -0.652173913043	 33.2473565217	 234.652173913	6.7624	 234.0
5.5	 -0.439892173913	 -28.6173913043	 33.3814921739	 234.617391304	32.9416	 206.0
6.0	 2.52877217391	 -5.58260869565	 33.5156278261	 234.582608696	36.0444	 229.0
6.5	 25.7534365217	 -22.547826087	 33.6497634783	 234.547826087	59.4032	 212.0
7.0	 -7.14989913043	 -19.5130434783	 33.7838991304	 234.513043478	26.634	 215.0
7.5	 -4.43803478261	 -34.4782608696	 33.9180347826	 234.47826087	29.48	 200.0
8.0	 0.556229565217	 -15.4434782609	 34.0521704348	 234.443478261	34.6084	 219.0
8.5	 -20.065106087	 -17.4086956522	 34.186306087	 234.408695652	14.1212	 217.0
9.0	 5.13395826087	 -30.3739130435	 34.3204417391	 234.373913043	39.4544	 204.0
9.5	 8.5898226087	 -5.33913043478	 34.4545773913	 234.339130435	43.0444	 229.0
10.0	 20.1732869565	 -39.3043478261	 34.5887130435	 234.304347826	54.762	 195.0
10.5	 36.2443513043	 -32.2695652174	 34.7228486957	 234.269565217	70.9672	 202.0
11.0	 121.931015652	 -4.2347826087	 34.8569843478	 234.234782609	156.788	 230.0
11.5	 62.82248	 -8.2	 34.99112	 234.2	97.8136	 226.0
12.0	 89.7651443478	 -20.1652173913	 35.1252556522	 234.165217391	124.8904	 214.0
12.5	 93.8106086957	 -9.13043478261	 35.2593913043	 234.130434783	129.07	 225.0
13.0	 145.035273043	 -26.0956521739	 35.3935269565	 234.095652174	180.4288	 208.0
13.5	 152.131937391	 -23.0608695652	 35.5276626087	 234.060869565	187.6596	 211.0
14.0	 199.126201739	 -4.02608695652	 35.6617982609	 234.026086957	234.788	 230.0
14.5	 201.684466087	 5.00869565217	 35.795933913	 233.991304348	237.4804	 239.0
15.0	 201.139930435	 -8.95652173913	 35.9300695652	 233.956521739	237.07	 225.0
15.5	 201.210994783	 -1.92173913043	 36.0642052174	 233.92173913	237.2752	 232.0
16.0	 204.84605913	 -4.88695652174	 36.1983408696	 233.886956522	241.0444	 229.0
16.5	 255.891523478	 6.14782608696	 36.3324765217	 233.852173913	292.224	 240.0
17.0	 264.654587826	 -16.8173913043	 36.4666121739	 233.817391304	301.1212	 217.0
17.5	 257.418052174	 -0.782608695652	 36.6007478261	 233.782608696	294.0188	 233.0
18.0	 354.411916522	 -20.747826087	 36.7348834783	 233.747826087	391.1468	 213.0
18.5	 274.71378087	 -10.7130434783	 36.8690191304	 233.713043478	311.5828	 223.0
19.0	 327.143645217	 -20.6782608696	 37.0031547826	 233.67826087	364.1468	 213.0
19.5	 315.061109565	 10.3565217391	 37.1372904348	 233.643478261	352.1984	 244.0
20.0	 343.593773913	 23.3913043478	 37.271426087	 233.608695652	380.8652	 257.0
20.5	 336.305638261	 8.42608695652	 37.4055617391	 233.573913043	373.7112	 242.0
21.0	 338.684702609	 45.4608695652	 37.5396973913	 233.539130435	376.2244	 279.0
21.5	 412.448166957	 61.4956521739	 37.6738330435	 233.504347826	450.122	 295.0
22.0	 391.544431304	 25.5304347826	 37.8079686957	 233.469565217	429.3524	 259.0
22.5	 404.615495652	 32.5652173913	 37.9421043478	 233.434782609	442.5576	 266.0
23.0	 303.89176	 46.6	 38.07624	 233.4	341.968	 280.0
23.5	 412.937224348	 57.6347826087	 38.2103756522	 233.365217391	451.1476	 291.0
24.0	 377.957088696	 72.6695652174	 38.3445113043	 233.330434783	416.3016	 306.0
24.5	 370.489353043	 46.7043478261	 38.4786469565	 233.295652174	408.968	 280.0
25.0	 359.944817391	 32.7391304348	 38.6127826087	 233.260869565	398.5576	 266.0
25.5	 360.503481739	 80.7739130435	 38.7469182609	 233.226086957	399.2504	 314.0
26.0	 418.215346087	 65.8086956522	 38.881053913	 233.191304348	457.0964	 299.0
26.5	 317.696810435	 86.8434782609	 39.0151895652	 233.156521739	356.712	 320.0
27.0	 469.331874783	 83.8782608696	 39.1493252174	 233.12173913	508.4812	 317.0
27.5	 343.27493913	 110.913043478	 39.2834608696	 233.086956522	382.5584	 344.0
28.0	 410.525203478	 89.947826087	 39.4175965217	 233.052173913	449.9428	 323.0
28.5	 394.801467826	 103.982608696	 39.5517321739	 233.017391304	434.3532	 337.0
29.0	 493.564932174	 120.017391304	 39.6858678261	 232.982608696	533.2508	 353.0
29.5	 417.815196522	 99.052173913	 39.8200034783	 232.947826087	457.6352	 332.0
30.0	 467.06546087	 78.0869565217	 39.9541391304	 232.913043478	507.0196	 311.0
30.5	 357.931325217	 78.1217391304	 40.0882747826	 232.87826087	398.0196	 311.0
31.0	 396.361189565	 68.1565217391	 40.2224104348	 232.843478261	436.5836	 301.0
31.5	 369.791453913	 97.1913043478	 40.356546087	 232.808695652	410.148	 330.0
32.0	 355.349318261	 67.2260869565	 40.4906817391	 232.773913043	395.84	 300.0
32.5	 359.881982609	 80.2608695652	 40.6248173913	 232.739130435	400.5068	 313.0
33.0	 384.978646957	 83.2956521739	 40.7589530435	 232.704347826	425.7376	 316.0
33.5	 311.999311304	 176.330434783	 40.8930886957	 232.669565217	352.8924	 409.0
34.0	 389.070375652	 183.365217391	 41.0272243478	 232.634782609	430.0976	 416.0
34.5	 379.29464	 127.4	 41.16136	 232.6	420.456	 360.0
35.0	 392.852904348	 136.434782609	 41.2954956522	 232.565217391	434.1484	 369.0
35.5	 220.231568696	 134.469565217	 41.4296313043	 232.530434783	261.6612	 367.0
36.0	 307.123033043	 130.504347826	 41.5637669565	 232.495652174	348.6868	 363.0
36.5	 359.758497391	 166.539130435	 41.6979026087	 232.460869565	401.4564	 399.0
37.0	 335.675561739	 158.573913043	 41.8320382609	 232.426086957	377.5076	 391.0
37.5	 346.797826087	 157.608695652	 41.966173913	 232.391304348	388.764	 390.0
38.0	 278.305290435	 213.643478261	 42.1003095652	 232.356521739	320.4056	 446.0
38.5	 253.504354783	 200.67826087	 42.2344452174	 232.32173913	295.7388	 433.0
39.0	 278.93421913	 190.713043478	 42.3685808696	 232.286956522	321.3028	 423.0
39.5	 272.979683478	 201.747826087	 42.5027165217	 232.252173913	315.4824	 434.0
40.0	 241.306347826	 129.782608696	 42.6368521739	 232.217391304	283.9432	 362.0
40.5	 195.377412174	 136.817391304	 42.7709878261	 232.182608696	238.1484	 369.0
41.0	 178.396876522	 112.852173913	 42.9051234783	 232.147826087	221.302	 345.0
41.5	 101.21114087	 81.8869565217	 43.0392591304	 232.113043478	144.2504	 314.0
42.0	 24.8462052174	 78.9217391304	 43.1733947826	 232.07826087	68.0196	 311.0
42.5	 -34.3399304348	 8.95652173913	 43.3075304348	 232.043478261	8.9676	 241.0
43.0	 -25.884466087	 -5.00869565217	 43.441666087	 232.008695652	17.5572	 227.0
43.5	 -40.6082017391	 9.02608695652	 43.5758017391	 231.973913043	2.9676	 241.0
44.0	 -23.6399373913	 -6.93913043478	 43.7099373913	 231.939130435	20.07	 225.0
44.5	 -31.5688730435	 0.095652173913	 43.8440730435	 231.904347826	12.2752	 232.0
45.0	 -7.54940869565	 -23.8695652174	 43.9782086957	 231.869565217	36.4288	 208.0
45.5	 5.98325565217	 -10.8347826087	 44.1123443478	 231.834782609	50.0956	 221.0
46.0	 -12.89448	 -11.8	 44.24648	 231.8	31.352	 220.0
46.5	 -31.7462156522	 22.2347826087	 44.3806156522	 231.765217391	12.6344	 254.0
47.0	 -47.4191513043	 -10.7304347826	 44.5147513043	 231.730434783	-2.9044	 221.0
47.5	 -11.8096869565	 -9.69565217391	 44.6488869565	 231.695652174	32.8392	 222.0
48.0	 1.1073773913	 -17.6608695652	 44.7830226087	 231.660869565	45.8904	 214.0
48.5	 -21.0011582609	 -21.6260869565	 44.9171582609	 231.626086957	23.916	 210.0
49.0	 -10.468493913	 -8.59130434783	 45.051293913	 231.591304348	34.5828	 223.0
49.5	 -16.3462295652	 -9.55652173913	 45.1854295652	 231.556521739	28.8392	 222.0
50.0	 4.80163478261	 -14.5217391304	 45.3195652174	 231.52173913	50.1212	 217.0
50.5	 -10.6657008696	 -1.48695652174	 45.4537008696	 231.486956522	34.788	 230.0
51.0	 -8.18463652174	 -19.452173913	 45.5878365217	 231.452173913	37.4032	 212.0
51.5	 -11.5495721739	 -22.4173913043	 45.7219721739	 231.417391304	34.1724	 209.0
52.0	 5.88029217391	 -32.3826086957	 45.8561078261	 231.382608696	51.7364	 199.0
52.5	 9.82335652174	 -5.34782608696	 45.9902434783	 231.347826087	55.8136	 226.0
53.0	 -17.2595791304	 -13.3130434783	 46.1243791304	 231.313043478	28.8648	 218.0
53.5	 0.862685217391	 -14.2782608696	 46.2585147826	 231.27826087	47.1212	 217.0
54.0	 -5.06625043478	 -7.24347826087	 46.3926504348	 231.243478261	41.3264	 224.0
54.5	 0.517613913043	 -2.20869565217	 46.526786087	 231.208695652	47.0444	 229.0
55.0	 15.9218782609	 -8.17391304348	 46.6609217391	 231.173913043	62.5828	 223.0
55.5	 31.9929426087	 -1.13913043478	 46.7950573913	 231.139130435	78.788	 230.0
56.0	 -8.85919304348	 -6.10434782609	 46.9291930435	 231.104347826	38.07	 225.0
56.5	 -16.5317286957	 -0.0695652173913	 47.0633286957	 231.069565217	30.5316	 231.0
57.0	 -20.5118643478	 14.9652173913	 47.1974643478	 231.034782609	26.6856	 246.0
Actin association begins: 9.0
Actin association ends: 42.0
Length of actin association: 33.0
Cofilin association begins: 19.5
Cofilin association ends: 42.5
Length of cofilin association: 23.0
Delay between actin and cofilin association: 10.5
Maximum normalized actin intensity: 493.564932174
Maximum normalized cofilin intensity: 213.643478261