Time	 Int488	 Int561	 Back488	 Back561	 Raw488	 Raw561
0.0	 0.73336	 2.6	 187.69544	 205.4	188.4288	 208.0
0.5	 -9.50058711111	 6.64555555556	 186.903787111	 205.354444444	177.4032	 212.0
1.0	 -13.1705342222	 0.691111111111	 186.112134222	 205.308888889	172.9416	 206.0
1.5	 18.1083186667	 2.73666666667	 185.320481333	 205.263333333	203.4288	 208.0
2.0	 11.7459715556	 -12.2177777778	 184.528828444	 205.217777778	196.2748	 193.0
2.5	 -23.1287755556	 13.8277777778	 183.737175556	 205.172222222	160.6084	 219.0
3.0	 2.04727733333	 -7.12666666667	 182.945522667	 205.126666667	184.9928	 198.0
3.5	 8.27493022222	 2.91888888889	 182.153869778	 205.081111111	190.4288	 208.0
4.0	 -25.9334168889	 2.96444444444	 181.362216889	 205.035555556	155.4288	 208.0
4.5	 -1.680164	 9.01	 180.570564	 204.99	178.8904	 214.0
5.0	 -31.5553111111	 -3.94444444444	 179.778911111	 204.944444444	148.2236	 201.0
5.5	 22.9799417778	 -2.89888888889	 178.987258222	 204.898888889	201.9672	 202.0
6.0	 54.7203946667	 5.14666666667	 178.195605333	 204.853333333	232.916	 210.0
6.5	 43.7684475556	 4.19222222222	 177.403952444	 204.807777778	221.1724	 209.0
7.0	 0.560100444444	 4.23777777778	 176.612299556	 204.762222222	177.1724	 209.0
7.5	 29.5569533333	 11.2833333333	 175.820646667	 204.716666667	205.3776	 216.0
8.0	 55.8870062222	 5.32888888889	 175.028993778	 204.671111111	230.916	 210.0
8.5	 50.4478591111	 2.37444444444	 174.237340889	 204.625555556	224.6852	 207.0
9.0	 99.137112	 18.42	 173.445688	 204.58	272.5828	 223.0
9.5	 85.5183648889	 4.46555555556	 172.654035111	 204.534444444	258.1724	 209.0
10.0	 59.7460177778	 14.5111111111	 171.862382222	 204.488888889	231.6084	 219.0
10.5	 62.2556706667	 19.5566666667	 171.070729333	 204.443333333	233.3264	 224.0
11.0	 34.3037235556	 18.6022222222	 170.279076444	 204.397777778	204.5828	 223.0
11.5	 92.3517764444	 17.6477777778	 169.487423556	 204.352222222	261.8392	 222.0
12.0	 67.2202293333	 5.69333333333	 168.695770667	 204.306666667	235.916	 210.0
12.5	 73.6530822222	 22.7388888889	 167.904117778	 204.261111111	241.5572	 227.0
13.0	 56.1367351111	 -7.21555555556	 167.112464889	 204.215555556	223.2492	 197.0
13.5	 115.133588	 -0.17	 166.320812	 204.17	281.4544	 204.0
14.0	 54.2840408889	 -17.1244444444	 165.529159111	 204.124444444	219.8132	 187.0
14.5	 83.1784937778	 5.92111111111	 164.737506222	 204.078888889	247.916	 210.0
15.0	 126.995746667	 1.96666666667	 163.945853333	 204.033333333	290.9416	 206.0
15.5	 109.812999556	 -1.98777777778	 163.154200444	 203.987777778	272.9672	 202.0
16.0	 140.399452444	 -8.94222222222	 162.362547556	 203.942222222	302.762	 195.0
16.5	 105.627105333	 1.10333333333	 161.570894667	 203.896666667	267.198	 205.0
17.0	 153.649558222	 4.14888888889	 160.779241778	 203.851111111	314.4288	 208.0
17.5	 167.159211111	 9.19444444444	 159.987588889	 203.805555556	327.1468	 213.0
18.0	 112.899664	 17.24	 159.195936	 203.76	272.0956	 221.0
18.5	 144.870916889	 28.2855555556	 158.404283111	 203.714444444	303.2752	 232.0
19.0	 178.508569778	 13.3311111111	 157.612630222	 203.668888889	336.1212	 217.0
19.5	 204.351422667	 5.37666666667	 156.820977333	 203.623333333	361.1724	 209.0
20.0	 184.912275556	 2.42222222222	 156.029324444	 203.577777778	340.9416	 206.0
20.5	 227.499128444	 34.4677777778	 155.237671556	 203.532222222	382.7368	 238.0
21.0	 236.751981333	 1.51333333333	 154.446018667	 203.486666667	391.198	 205.0
21.5	 263.902834222	 23.5588888889	 153.654365778	 203.441111111	417.5572	 227.0
22.0	 262.976487111	 18.6044444444	 152.862712889	 203.395555556	415.8392	 222.0
22.5	 230.17854	 32.65	 152.07106	 203.35	382.2496	 236.0
23.0	 281.482992889	 30.6955555556	 151.279407111	 203.304444444	432.7624	 234.0
23.5	 278.607845778	 17.7411111111	 150.487754222	 203.258888889	429.0956	 221.0
24.0	 350.604698667	 24.7866666667	 149.696101333	 203.213333333	500.3008	 228.0
24.5	 306.883551556	 26.8322222222	 148.904448444	 203.167777778	455.788	 230.0
25.0	 345.060004444	 44.8777777778	 148.112795556	 203.122222222	493.1728	 248.0
25.5	 332.236057333	 23.9233333333	 147.321142667	 203.076666667	479.5572	 227.0
26.0	 284.002110222	 27.9688888889	 146.529489778	 203.031111111	430.5316	 231.0
26.5	 307.793763111	 28.0144444444	 145.737836889	 202.985555556	453.5316	 231.0
27.0	 363.970216	 46.06	 144.946184	 202.94	508.9164	 249.0
27.5	 319.274668889	 44.1055555556	 144.154531111	 202.894444444	463.4292	 247.0
28.0	 340.835521778	 41.1511111111	 143.362878222	 202.848888889	484.1984	 244.0
28.5	 319.498774667	 22.1966666667	 142.571225333	 202.803333333	462.07	 225.0
29.0	 378.624027556	 48.2422222222	 141.779572444	 202.757777778	520.4036	 251.0
29.5	 418.184880444	 45.2877777778	 140.987919556	 202.712222222	559.1728	 248.0
30.0	 384.822533333	 30.3333333333	 140.196266667	 202.666666667	525.0188	 233.0
30.5	 382.306586222	 39.3788888889	 139.404613778	 202.621111111	521.7112	 242.0
31.0	 331.995839111	 55.4244444444	 138.612960889	 202.575555556	470.6088	 258.0
31.5	 363.915492	 35.47	 137.821308	 202.53	501.7368	 238.0
32.0	 408.732744889	 31.5155555556	 137.029655111	 202.484444444	545.7624	 234.0
32.5	 389.883597778	 53.5611111111	 136.238002222	 202.438888889	526.1216	 256.0
33.0	 371.598450667	 65.6066666667	 135.446349333	 202.393333333	507.0448	 268.0
33.5	 384.594903556	 33.6522222222	 134.654696444	 202.347777778	519.2496	 236.0
34.0	 349.668956444	 67.6977777778	 133.863043556	 202.302222222	483.532	 270.0
34.5	 417.588609333	 47.7433333333	 133.071390667	 202.256666667	550.66	 250.0
35.0	 423.277862222	 63.7888888889	 132.279737778	 202.211111111	555.5576	 266.0
35.5	 390.582315111	 61.8344444444	 131.488084889	 202.165555556	522.0704	 264.0
36.0	 334.194368	 50.88	 130.696432	 202.12	464.8908	 253.0
36.5	 345.114020889	 30.9255555556	 129.904779111	 202.074444444	475.0188	 233.0
37.0	 303.393273778	 71.9711111111	 129.113126222	 202.028888889	432.5064	 274.0
37.5	 309.851326667	 46.0166666667	 128.321473333	 201.983333333	438.1728	 248.0
38.0	 310.771379556	 65.0622222222	 127.529820444	 201.937777778	438.3012	 267.0
38.5	 373.281032444	 70.1077777778	 126.738167556	 201.892222222	500.0192	 272.0
39.0	 326.559885333	 72.1533333333	 125.946514667	 201.846666667	452.5064	 274.0
39.5	 350.453938222	 56.1988888889	 125.154861778	 201.801111111	475.6088	 258.0
40.0	 351.630391111	 74.2444444444	 124.363208889	 201.755555556	475.9936	 276.0
40.5	 363.370444	 43.29	 123.571556	 201.71	486.942	 245.0
41.0	 366.470096889	 73.3355555556	 122.779903111	 201.664444444	489.25	 275.0
41.5	 341.569349778	 64.3811111111	 121.988250222	 201.618888889	463.5576	 266.0
42.0	 334.335402667	 68.4266666667	 121.196597333	 201.573333333	455.532	 270.0
42.5	 246.691455556	 97.4722222222	 120.404944444	 201.527777778	367.0964	 299.0
43.0	 287.893108444	 72.5177777778	 119.613291556	 201.482222222	407.5064	 274.0
43.5	 258.428361333	 73.5633333333	 118.821638667	 201.436666667	377.25	 275.0
44.0	 311.374014222	 88.6088888889	 118.029985778	 201.391111111	429.404	 290.0
44.5	 278.729667111	 78.6544444444	 117.238332889	 201.345555556	395.968	 280.0
45.0	 306.29052	 75.7	 116.44668	 201.3	422.7372	 277.0
45.5	 275.979372889	 52.7455555556	 115.655027111	 201.254444444	391.6344	 254.0
46.0	 262.463825778	 100.791111111	 114.863374222	 201.208888889	377.3272	 302.0
46.5	 200.845078667	 86.8366666667	 114.071721333	 201.163333333	314.9168	 288.0
47.0	 185.098331556	 92.8822222222	 113.280068444	 201.117777778	298.3784	 294.0
47.5	 189.325584444	 63.9277777778	 112.488415556	 201.072222222	301.814	 265.0
48.0	 199.015237333	 118.973333333	 111.696762667	 201.026666667	310.712	 320.0
48.5	 269.729290222	 53.0188888889	 110.905109778	 200.981111111	380.6344	 254.0
49.0	 237.828543111	 44.0644444444	 110.113456889	 200.935555556	347.942	 245.0
49.5	 196.799796	 55.11	 109.321804	 200.89	306.1216	 256.0
50.0	 155.925048889	 81.1555555556	 108.530151111	 200.844444444	264.4552	 282.0
50.5	 206.613901778	 58.2011111111	 107.738498222	 200.798888889	314.3524	 259.0
51.0	 197.738754667	 45.2466666667	 106.946845333	 200.753333333	304.6856	 246.0
51.5	 208.197207556	 58.2922222222	 106.155192444	 200.707777778	314.3524	 259.0
52.0	 177.245260444	 57.3377777778	 105.363539556	 200.662222222	282.6088	 258.0
52.5	 172.421313333	 36.3833333333	 104.571886667	 200.616666667	276.9932	 237.0
53.0	 129.572166222	 58.4288888889	 103.780233778	 200.571111111	233.3524	 259.0
53.5	 162.184219111	 47.4744444444	 102.988580889	 200.525555556	265.1728	 248.0
54.0	 164.052672	 35.52	 102.196928	 200.48	266.2496	 236.0
54.5	 128.921524889	 62.5655555556	 101.405275111	 200.434444444	230.3268	 263.0
55.0	 147.046377778	 49.6111111111	 100.613622222	 200.388888889	247.66	 250.0
55.5	 152.274030667	 59.6566666667	 99.8219693333	 200.343333333	252.096	 260.0
56.0	 133.168083556	 43.7022222222	 99.0303164444	 200.297777778	232.1984	 244.0
56.5	 121.575336444	 64.7477777778	 98.2386635556	 200.252222222	219.814	 265.0
57.0	 81.6489893333	 59.7933333333	 97.4470106667	 200.206666667	179.096	 260.0
57.5	 180.671442222	 62.8388888889	 96.6553577778	 200.161111111	277.3268	 263.0
58.0	 79.2322951111	 59.8844444444	 95.8637048889	 200.115555556	175.096	 260.0
58.5	 113.587948	 49.93	 95.072052	 200.07	208.66	 250.0
59.0	 83.8928008889	 86.9755555556	 94.2803991111	 200.024444444	178.1732	 287.0
59.5	 38.2740537778	 73.0211111111	 93.4887462222	 199.978888889	131.7628	 273.0
60.0	 22.6553066667	 59.0666666667	 92.6970933333	 199.933333333	115.3524	 259.0
60.5	 47.0365595556	 45.1122222222	 91.9054404444	 199.887777778	138.942	 245.0
61.0	 37.8026124444	 49.1577777778	 91.1137875556	 199.842222222	128.9164	 249.0
61.5	 33.0046653333	 63.2033333333	 90.3221346667	 199.796666667	123.3268	 263.0
62.0	 25.3603182222	 53.2488888889	 89.5304817778	 199.751111111	114.8908	 253.0
62.5	 -0.668428888889	 64.2944444444	 88.7388288889	 199.705555556	88.0704	 264.0
63.0	 -30.364376	 23.34	 87.947176	 199.66	57.5828	 223.0
63.5	 -10.6751231111	 39.3855555556	 87.1555231111	 199.614444444	76.4804	 239.0
64.0	 -44.1654702222	 44.4311111111	 86.3638702222	 199.568888889	42.1984	 244.0
64.5	 -37.9382173333	 15.4766666667	 85.5722173333	 199.523333333	47.634	 215.0
65.0	 -64.7105644444	 25.5222222222	 84.7805644444	 199.477777778	20.07	 225.0
65.5	 -20.6625115556	 24.5677777778	 83.9889115556	 199.432222222	63.3264	 224.0
66.0	 -69.3580586667	 22.6133333333	 83.1972586667	 199.386666667	13.8392	 222.0
66.5	 -72.8484057778	 27.6588888889	 82.4056057778	 199.341111111	9.5572	 227.0
67.0	 -33.1595528889	 4.70444444444	 81.6139528889	 199.295555556	48.4544	 204.0
67.5	 -67.8039	 -5.25	 80.8223	 199.25	13.0184	 194.0
68.0	 -27.1146471111	 10.7955555556	 80.0306471111	 199.204444444	52.916	 210.0
68.5	 -32.2205942222	 -5.15888888889	 79.2389942222	 199.158888889	47.0184	 194.0
69.0	 -49.9673413333	 0.886666666667	 78.4473413333	 199.113333333	28.48	 200.0
69.5	 -53.1244884444	 -7.06777777778	 77.6556884444	 199.067777778	24.5312	 192.0
70.0	 -43.0764355556	 -8.02222222222	 76.8640355556	 199.022222222	33.7876	 191.0
70.5	 -69.6435826667	 9.02333333333	 76.0723826667	 198.976666667	6.4288	 208.0
71.0	 -42.2623297778	 -4.93111111111	 75.2807297778	 198.931111111	33.0184	 194.0
71.5	 -38.7270768889	 -3.88555555556	 74.4890768889	 198.885555556	35.762	 195.0
72.0	 -49.499424	 6.16	 73.697424	 198.84	24.198	 205.0
72.5	 -59.1437711111	 -3.79444444444	 72.9057711111	 198.794444444	13.762	 195.0
73.0	 -58.2753182222	 -15.7488888889	 72.1141182222	 198.748888889	13.8388	 183.0
73.5	 -55.2784653333	 -8.70333333333	 71.3224653333	 198.703333333	16.044	 190.0
74.0	 -43.5124124444	 -4.65777777778	 70.5308124444	 198.657777778	27.0184	 194.0
74.5	 -63.0027595556	 0.387777777778	 69.7391595556	 198.612222222	6.7364	 199.0
75.0	 -50.2367066667	 4.43333333333	 68.9475066667	 198.566666667	18.7108	 203.0
75.5	 -64.4706537778	 8.47888888889	 68.1558537778	 198.521111111	3.6852	 207.0
76.0	 -53.7046008889	 12.5244444444	 67.3642008889	 198.475555556	13.6596	 211.0
76.5	 -45.784948	 -7.43	 66.572548	 198.43	20.7876	 191.0
77.0	 -32.3008951111	 1.61555555556	 65.7808951111	 198.384444444	33.48	 200.0
77.5	 -40.5860422222	 13.6611111111	 64.9892422222	 198.338888889	24.4032	 212.0
78.0	 -56.0251893333	 10.7066666667	 64.1975893333	 198.293333333	8.1724	 209.0
78.5	 -39.9771364444	 9.75222222222	 63.4059364444	 198.247777778	23.4288	 208.0
79.0	 -42.6214835556	 -0.202222222222	 62.6142835556	 198.202222222	19.9928	 198.0
79.5	 -26.8554306667	 3.84333333333	 61.8226306667	 198.156666667	34.9672	 202.0
80.0	 -44.7561777778	 -5.11111111111	 61.0309777778	 198.111111111	16.2748	 193.0
80.5	 -11.4773248889	 -3.06555555556	 60.2393248889	 198.065555556	48.762	 195.0
81.0	 -42.942072	 -2.02	 59.447672	 198.02	16.5056	 196.0
81.5	 -36.1248191111	 -5.97444444444	 58.6560191111	 197.974444444	22.5312	 192.0
82.0	 -42.1279662222	 1.07111111111	 57.8643662222	 197.928888889	15.7364	 199.0
82.5	 -7.49031333333	 -13.8833333333	 57.0727133333	 197.883333333	49.5824	 184.0
83.0	 -20.8010604444	 2.16222222222	 56.2810604444	 197.837777778	35.48	 200.0
83.5	 -32.7018075556	 -6.79222222222	 55.4894075556	 197.792222222	22.7876	 191.0
84.0	 -11.2177546667	 2.25333333333	 54.6977546667	 197.746666667	43.48	 200.0
84.5	 -14.9645017778	 8.29888888889	 53.9061017778	 197.701111111	38.9416	 206.0
85.0	 -33.8908488889	 3.34444444444	 53.1144488889	 197.655555556	19.2236	 201.0
85.5	 -1.355596	 4.39	 52.322796	 197.61	50.9672	 202.0
86.0	 -11.2563431111	 -4.56444444444	 51.5311431111	 197.564444444	40.2748	 193.0
86.5	 -13.8234902222	 12.4811111111	 50.7394902222	 197.518888889	36.916	 210.0
87.0	 -22.6730373333	 -4.47333333333	 49.9478373333	 197.473333333	27.2748	 193.0
87.5	 2.09301555556	 -0.427777777778	 49.1561844444	 197.427777778	51.2492	 197.0
88.0	 8.96146844444	 -12.3822222222	 48.3645315556	 197.382222222	57.326	 185.0
88.5	 -16.4260786667	 15.6633333333	 47.5728786667	 197.336666667	31.1468	 213.0
89.0	 4.72437422222	 -1.29111111111	 46.7812257778	 197.291111111	51.5056	 196.0
89.5	 -11.2275728889	 -2.24555555556	 45.9895728889	 197.245555556	34.762	 195.0
Actin association begins: 5.5
Actin association ends: 62.0
Length of actin association: 56.5
Cofilin association begins: 16.5
Cofilin association ends: 67.0
Length of cofilin association: 50.5
Delay between actin and cofilin association: 11.0
Maximum normalized actin intensity: 423.277862222
Maximum normalized cofilin intensity: 118.973333333