Time	 Int488	 Int561	 Back488	 Back561	 Raw488	 Raw561
0.0	 20.98984	 9.4	 26.67016	 240.6	47.66	 250.0
0.5	 -4.52452289855	 -3.30144927536	 26.5177228986	 240.301449275	21.9932	 237.0
1.0	 5.3971142029	 -6.00289855072	 26.3652857971	 240.002898551	31.7624	 234.0
1.5	 -10.9888486957	 0.295652173913	 26.2128486957	 239.704347826	15.224	 240.0
2.0	 -9.3492115942	 2.59420289855	 26.0604115942	 239.405797101	16.7112	 242.0
2.5	 21.1620255072	 -14.1072463768	 25.9079744928	 239.107246377	47.07	 225.0
3.0	 0.0580626086956	 -12.8086956522	 25.7555373913	 238.808695652	25.8136	 226.0
3.5	 8.31329971014	 10.4898550725	 25.6031002899	 238.510144928	33.9164	 249.0
4.0	 7.49133681159	 6.7884057971	 25.4506631884	 238.211594203	32.942	 245.0
4.5	 21.592173913	 -23.9130434783	 25.298226087	 237.913043478	46.8904	 214.0
5.0	 14.1810110145	 25.3855072464	 25.1457889855	 237.614492754	39.3268	 263.0
5.5	 -7.43615188406	 -10.315942029	 24.9933518841	 237.315942029	17.5572	 227.0
6.0	 -5.89891478261	 7.98260869565	 24.8409147826	 237.017391304	18.942	 245.0
6.5	 16.9199223188	 -17.7188405797	 24.6884776812	 236.71884058	41.6084	 219.0
7.0	 34.2263594203	 -2.42028985507	 24.5360405797	 236.420289855	58.7624	 234.0
7.5	 61.9687965217	 22.8782608696	 24.3836034783	 236.12173913	86.3524	 259.0
8.0	 77.0184336232	 0.176811594203	 24.2311663768	 235.823188406	101.2496	 236.0
8.5	 127.119670725	 8.47536231884	 24.0787292754	 235.524637681	151.1984	 244.0
9.0	 134.297707826	 4.77391304348	 23.9262921739	 235.226086957	158.224	 240.0
9.5	 134.809344928	 27.0724637681	 23.7738550725	 234.927536232	158.5832	 262.0
10.0	 181.705382029	 28.3710144928	 23.621417971	 234.628985507	205.3268	 263.0
10.5	 199.57541913	 -5.33043478261	 23.4689808696	 234.330434783	223.0444	 229.0
11.0	 171.061456232	 20.968115942	 23.3165437681	 234.031884058	194.378	 255.0
11.5	 246.778293333	 50.2666666667	 23.1641066667	 233.733333333	269.9424	 284.0
12.0	 314.186730435	 10.5652173913	 23.0116695652	 233.434782609	337.1984	 244.0
12.5	 287.339567536	 49.8637681159	 22.8592324638	 233.136231884	310.1988	 283.0
13.0	 195.056004638	 40.1623188406	 22.7067953623	 232.837681159	217.7628	 273.0
13.5	 221.542041739	 66.4608695652	 22.5543582609	 232.539130435	244.0964	 299.0
14.0	 238.900478841	 151.75942029	 22.4019211594	 232.24057971	261.3024	 384.0
14.5	 178.770115942	 79.0579710145	 22.249484058	 231.942028986	201.0196	 311.0
15.0	 183.538553043	 139.356521739	 22.0970469565	 231.643478261	205.6356	 371.0
15.5	 184.998590145	 130.655072464	 21.9446098551	 231.344927536	206.9432	 362.0
16.0	 211.279427246	 149.953623188	 21.7921727536	 231.046376812	233.0716	 381.0
16.5	 180.559864348	 130.252173913	 21.6397356522	 230.747826087	202.1996	 361.0
17.0	 128.686301449	 95.5507246377	 21.4872985507	 230.449275362	150.1736	 326.0
17.5	 153.710338551	 76.8492753623	 21.3348614493	 230.150724638	175.0452	 307.0
18.0	 108.093975652	 119.147826087	 21.1824243478	 229.852173913	129.2764	 349.0
18.5	 174.605212754	 102.446376812	 21.0299872464	 229.553623188	195.6352	 332.0
19.0	 101.732049855	 106.744927536	 20.8775501449	 229.255072464	122.6096	 336.0
19.5	 97.9616869565	 134.043478261	 20.7251130435	 228.956521739	118.6868	 363.0
20.0	 142.216524058	 118.342028986	 20.572675942	 228.657971014	162.7892	 347.0
20.5	 46.7277611594	 101.64057971	 20.4202388406	 228.35942029	67.148	 330.0
21.0	 46.1365982609	 100.939130435	 20.2678017391	 228.060869565	66.4044	 329.0
21.5	 39.4682353623	 73.2376811594	 20.1153646377	 227.762318841	59.5836	 301.0
22.0	 18.5174724638	 11.5362318841	 19.9629275362	 227.463768116	38.4804	 239.0
22.5	 -12.9452904348	 29.8347826087	 19.8104904348	 227.165217391	6.8652	 257.0
23.0	 -13.4852533333	 21.1333333333	 19.6580533333	 226.866666667	6.1728	 248.0
23.5	 -0.666416231884	 -4.56811594203	 19.5056162319	 226.568115942	18.8392	 222.0
24.0	 0.614020869565	 -24.2695652174	 19.3531791304	 226.269565217	19.9672	 202.0
24.5	 -21.797542029	 -13.9710144928	 19.200742029	 225.971014493	-2.5968	 212.0
25.0	 -33.7219049275	 -1.67246376812	 19.0483049275	 225.672463768	-14.6736	 224.0
25.5	 -4.21066782609	 -18.3739130435	 18.8958678261	 225.373913043	14.6852	 207.0
26.0	 -16.3402307246	 -13.0753623188	 18.7434307246	 225.075362319	2.4032	 212.0
26.5	 -22.5465936232	 4.2231884058	 18.5909936232	 224.776811594	-3.9556	 229.0
27.0	 -30.9837565217	 18.5217391304	 18.4385565217	 224.47826087	-12.5452	 243.0
27.5	 -27.7033194203	 -1.17971014493	 18.2861194203	 224.179710145	-9.4172	 223.0
28.0	 -12.1920823188	 -17.8811594203	 18.1336823188	 223.88115942	5.9416	 206.0
28.5	 -16.1932452174	 6.41739130435	 17.9812452174	 223.582608696	1.788	 230.0
29.0	 2.57439188406	 -11.284057971	 17.8288081159	 223.284057971	20.4032	 212.0
29.5	 -2.60637101449	 2.01449275362	 17.6763710145	 222.985507246	15.07	 225.0
30.0	 -30.864333913	 -11.6869565217	 17.523933913	 222.686956522	-13.3404	 211.0
30.5	 -11.0962968116	 9.6115942029	 17.3714968116	 222.388405797	6.2752	 232.0
31.0	 4.87694028986	 37.9101449275	 17.2190597101	 222.089855072	22.096	 260.0
31.5	 5.4393773913	 13.2086956522	 17.0666226087	 221.791304348	22.506	 235.0
32.0	 14.8482144928	 12.5072463768	 16.9141855072	 221.492753623	31.7624	 234.0
32.5	 -18.7173484058	 7.80579710145	 16.7617484058	 221.194202899	-1.9556	 229.0
33.0	 -14.6933113043	 -10.8956521739	 16.6093113043	 220.895652174	1.916	 210.0
33.5	 21.9463257971	 -8.59710144928	 16.4568742029	 220.597101449	38.4032	 212.0
34.0	 -5.67043710145	 -5.29855072464	 16.3044371014	 220.298550725	10.634	 215.0
Actin association begins: 6.5
Actin association ends: 22.0
Length of actin association: 15.5
Cofilin association begins: 11.0
Cofilin association ends: 23.0
Length of cofilin association: 12.0
Delay between actin and cofilin association: 4.5
Maximum normalized actin intensity: 314.186730435
Maximum normalized cofilin intensity: 151.75942029