Time	 Int488	 Int561	 Back488	 Back561	 Raw488	 Raw561
0.0	 0.66152	 -1.8	 49.35728	 234.8	50.0188	 233.0
0.5	 2.98873490196	 9.49607843137	 49.209665098	 234.503921569	52.1984	 244.0
1.0	 14.5719498039	 -19.2078431373	 49.0620501961	 234.207843137	63.634	 215.0
1.5	 -0.998035294118	 15.0882352941	 48.9144352941	 233.911764706	47.9164	 249.0
2.0	 -15.7480203922	 -0.61568627451	 48.7668203922	 233.615686275	33.0188	 233.0
2.5	 -34.7028054902	 15.6803921569	 48.6192054902	 233.319607843	13.9164	 249.0
3.0	 15.8808094118	 25.9764705882	 48.4715905882	 233.023529412	64.3524	 259.0
3.5	 12.0024243137	 -8.72745098039	 48.3239756863	 232.72745098	60.3264	 224.0
4.0	 7.56043921569	 5.56862745098	 48.1763607843	 232.431372549	55.7368	 238.0
4.5	 2.55405411765	 -9.13529411765	 48.0287458824	 232.135294118	50.5828	 223.0
5.0	 -11.9135309804	 9.16078431373	 47.8811309804	 231.839215686	35.9676	 241.0
5.5	 -3.45831607843	 0.456862745098	 47.7335160784	 231.543137255	44.2752	 232.0
6.0	 15.4328988235	 1.75294117647	 47.5859011765	 231.247058824	63.0188	 233.0
6.5	 19.3241137255	 3.04901960784	 47.4382862745	 230.950980392	66.7624	 234.0
7.0	 21.7537286275	 -1.65490196078	 47.2906713725	 230.654901961	69.0444	 229.0
7.5	 20.9013435294	 -1.35882352941	 47.1430564706	 230.358823529	68.0444	 229.0
8.0	 11.2797584314	 1.93725490196	 46.9954415686	 230.062745098	58.2752	 232.0
8.5	 4.40177333333	 6.23333333333	 46.8478266667	 229.766666667	51.2496	 236.0
9.0	 25.1133882353	 -3.47058823529	 46.7002117647	 229.470588235	71.8136	 226.0
9.5	 0.620203137255	 18.8254901961	 46.5525968627	 229.174509804	47.1728	 248.0
10.0	 56.9470180392	 -8.87843137255	 46.4049819608	 228.878431373	103.352	 220.0
10.5	 37.4282329412	 17.4176470588	 46.2573670588	 228.582352941	83.6856	 246.0
11.0	 44.6014478431	 13.7137254902	 46.1097521569	 228.28627451	90.7112	 242.0
11.5	 43.8258627451	 2.00980392157	 45.9621372549	 227.990196078	89.788	 230.0
12.0	 78.4606776471	 4.30588235294	 45.8145223529	 227.694117647	124.2752	 232.0
12.5	 41.915892549	 -4.39803921569	 45.666907451	 227.398039216	87.5828	 223.0
13.0	 86.961107451	 11.8980392157	 45.519292549	 227.101960784	132.4804	 239.0
13.5	 95.8267223529	 17.1941176471	 45.3716776471	 226.805882353	141.1984	 244.0
14.0	 141.230737255	 16.4901960784	 45.2240627451	 226.509803922	186.4548	 243.0
14.5	 127.891552157	 53.7862745098	 45.0764478431	 226.21372549	172.968	 280.0
15.0	 238.782767059	 55.0823529412	 44.9288329412	 225.917647059	283.7116	 281.0
15.5	 232.930381961	 55.3784313725	 44.7812180392	 225.621568627	277.7116	 281.0
16.0	 228.180796863	 78.6745098039	 44.6336031373	 225.325490196	272.8144	 304.0
16.5	 318.610011765	 34.9705882353	 44.4859882353	 225.029411765	363.096	 260.0
17.0	 297.398426667	 13.2666666667	 44.3383733333	 224.733333333	341.7368	 238.0
17.5	 322.084841569	 46.562745098	 44.1907584314	 224.437254902	366.2756	 271.0
18.0	 370.027256471	 39.8588235294	 44.0431435294	 224.141176471	414.0704	 264.0
18.5	 394.097671373	 13.1549019608	 43.8955286275	 223.845098039	437.9932	 237.0
19.0	 427.220086275	 56.4509803922	 43.7479137255	 223.549019608	470.968	 280.0
19.5	 392.342101176	 60.7470588235	 43.6002988235	 223.252941176	435.9424	 284.0
20.0	 384.053716078	 51.0431372549	 43.4526839216	 222.956862745	427.5064	 274.0
20.5	 387.81693098	 72.3392156863	 43.3050690196	 222.660784314	431.122	 295.0
21.0	 468.015745882	 64.6352941176	 43.1574541176	 222.364705882	511.1732	 287.0
21.5	 443.214960784	 95.931372549	 43.0098392157	 222.068627451	486.2248	 318.0
22.0	 442.311375686	 104.22745098	 42.8622243137	 221.77254902	485.1736	 326.0
22.5	 436.586990588	 84.5235294118	 42.7146094118	 221.476470588	479.3016	 306.0
23.0	 420.37620549	 140.819607843	 42.5669945098	 221.180392157	462.9432	 362.0
23.5	 503.036620392	 139.115686275	 42.4193796078	 220.884313725	545.456	 360.0
24.0	 434.978635294	 93.4117647059	 42.2717647059	 220.588235294	477.2504	 314.0
24.5	 553.306250196	 143.707843137	 42.1241498039	 220.292156863	595.4304	 364.0
25.0	 455.479865098	 179.003921569	 41.976534902	 219.996078431	497.4564	 399.0
25.5	 518.24268	 161.3	 41.82892	 219.7	560.0716	 381.0
26.0	 416.159094902	 119.596078431	 41.681305098	 219.403921569	457.8404	 339.0
26.5	 410.871109804	 148.892156863	 41.5336901961	 219.107843137	452.4048	 368.0
27.0	 410.121524706	 172.188235294	 41.3860752941	 218.811764706	451.5076	 391.0
27.5	 437.653939608	 190.484313725	 41.2384603922	 218.515686275	478.8924	 409.0
28.0	 353.72435451	 163.780392157	 41.0908454902	 218.219607843	394.8152	 382.0
28.5	 274.282369412	 178.076470588	 40.9432305882	 217.923529412	315.2256	 396.0
29.0	 312.661184314	 220.37254902	 40.7956156863	 217.62745098	353.4568	 438.0
29.5	 301.885199216	 169.668627451	 40.6480007843	 217.331372549	342.5332	 387.0
30.0	 314.032814118	 169.964705882	 40.5003858824	 217.035294118	354.5332	 387.0
30.5	 265.97482902	 124.260784314	 40.3527709804	 216.739215686	306.3276	 341.0
31.0	 126.147643922	 81.5568627451	 40.2051560784	 216.443137255	166.3528	 298.0
31.5	 73.9872588235	 51.8529411765	 40.0575411765	 216.147058824	114.0448	 268.0
32.0	 102.519673725	 70.1490196078	 39.9099262745	 215.850980392	142.4296	 286.0
32.5	 102.256888627	 56.4450980392	 39.7623113725	 215.554901961	142.0192	 272.0
33.0	 98.0465035294	 151.741176471	 39.6146964706	 215.258823529	137.6612	 367.0
33.5	 101.834118431	 52.037254902	 39.4670815686	 214.962745098	141.3012	 267.0
34.0	 106.545733333	 42.3333333333	 39.3194666667	 214.666666667	145.8652	 257.0
34.5	 40.0521482353	 25.6294117647	 39.1718517647	 214.370588235	79.224	 240.0
35.0	 7.63576313725	 35.9254901961	 39.0242368627	 214.074509804	46.66	 250.0
35.5	 46.2705780392	 38.2215686275	 38.8766219608	 213.778431373	85.1472	 252.0
36.0	 37.6485929412	 2.51764705882	 38.7290070588	 213.482352941	76.3776	 216.0
36.5	 28.6682078431	 22.8137254902	 38.5813921569	 213.18627451	67.2496	 236.0
37.0	 17.3290227451	 60.1098039216	 38.4337772549	 212.890196078	55.7628	 273.0
37.5	 18.6558376471	 32.4058823529	 38.2861623529	 212.594117647	56.942	 245.0
38.0	 28.187852549	 11.7019607843	 38.138547451	 212.298039216	66.3264	 224.0
38.5	 21.181467451	 -3.00196078431	 37.990932549	 212.001960784	59.1724	 209.0
39.0	 0.995882352941	 10.2941176471	 37.8433176471	 211.705882353	38.8392	 222.0
39.5	 -10.0617027451	 3.59019607843	 37.6957027451	 211.409803922	27.634	 215.0
40.0	 -8.11928784314	 -3.1137254902	 37.5480878431	 211.11372549	29.4288	 208.0
40.5	 6.69512705882	 10.1823529412	 37.4004729412	 210.817647059	44.0956	 221.0
41.0	 -21.3112580392	 -4.52156862745	 37.2528580392	 210.521568627	15.9416	 206.0
41.5	 17.8363568627	 -4.22549019608	 37.1052431373	 210.225490196	54.9416	 206.0
42.0	 1.90717176471	 8.07058823529	 36.9576282353	 209.929411765	38.8648	 218.0
42.5	 -7.66321333333	 3.36666666667	 36.8100133333	 209.633333333	29.1468	 213.0
43.0	 22.0740015686	 -10.337254902	 36.6623984314	 209.337254902	58.7364	 199.0
43.5	 -8.54758352941	 -7.04117647059	 36.5147835294	 209.041176471	27.9672	 202.0
44.0	 -9.86156862745	 -12.7450980392	 36.3671686275	 208.745098039	26.5056	 196.0
44.5	 0.92724627451	 4.55098039216	 36.2195537255	 208.449019608	37.1468	 213.0
45.0	 1.92086117647	 -10.1529411765	 36.0719388235	 208.152941176	37.9928	 198.0
45.5	 0.273676078431	 -2.8568627451	 35.9243239216	 207.856862745	36.198	 205.0
46.0	 1.42129098039	 -2.56078431373	 35.7767090196	 207.560784314	37.198	 205.0
46.5	 4.56890588235	 -2.26470588235	 35.6290941176	 207.264705882	40.198	 205.0
47.0	 6.69092078431	 2.03137254902	 35.4814792157	 206.968627451	42.1724	 209.0
47.5	 4.88973568627	 -5.67254901961	 35.3338643137	 206.67254902	40.2236	 201.0
48.0	 -9.55224941176	 8.62352941176	 35.1862494118	 206.376470588	25.634	 215.0
48.5	 14.5181654902	 -18.0803921569	 35.0386345098	 206.080392157	49.5568	 188.0
49.0	 11.6145803922	 -9.78431372549	 34.8910196078	 205.784313725	46.5056	 196.0
49.5	 -13.2634047059	 -5.48823529412	 34.7434047059	 205.488235294	21.48	 200.0
50.0	 -11.2693898039	 18.8078431373	 34.5957898039	 205.192156863	23.3264	 224.0
50.5	 -3.81417490196	 10.1039215686	 34.448174902	 204.896078431	30.634	 215.0
Actin association begins: 6.0
Actin association ends: 39.0
Length of actin association: 33.0
Cofilin association begins: 13.0
Cofilin association ends: 38.0
Length of cofilin association: 25.0
Delay between actin and cofilin association: 7.0
Maximum normalized actin intensity: 553.306250196
Maximum normalized cofilin intensity: 220.37254902