Time	 Int488	 Int561	 Back488	 Back561	 Raw488	 Raw561
0.0	 -18.88032	 168.8	 67.41592	 452.2	48.5356	 621.0
0.5	 -19.2271751351	 5.82972972973	 66.8123751351	 451.17027027	47.5852	 457.0
1.0	 15.4011697297	 -75.1405405405	 66.2088302703	 450.140540541	81.61	 375.0
1.5	 29.0047145946	 -74.1108108108	 65.6052854054	 449.110810811	94.61	 375.0
2.0	 -0.262940540541	 -15.0810810811	 65.0017405405	 448.081081081	64.7388	 433.0
2.5	 11.4426043243	 -69.0513513514	 64.3981956757	 447.051351351	75.8408	 378.0
3.0	 28.8673491892	 -1.02162162162	 63.7946508108	 446.021621622	92.662	 445.0
3.5	 -9.29870594595	 -35.9918918919	 63.1911059459	 444.991891892	53.8924	 409.0
4.0	 15.0488389189	 5.03783783784	 62.5875610811	 443.962162162	77.6364	 449.0
4.5	 32.8571837838	 -25.9324324324	 61.9840162162	 442.932432432	94.8412	 417.0
5.0	 47.4607286486	 -24.9027027027	 61.3804713514	 441.902702703	108.8412	 417.0
5.5	 122.730673514	 -49.872972973	 60.7769264865	 440.872972973	183.5076	 391.0
6.0	 145.719018378	 -30.8432432432	 60.1733816216	 439.843243243	205.8924	 409.0
6.5	 164.040563243	 -24.8135135135	 59.5698367568	 438.813513514	223.6104	 414.0
7.0	 195.413308108	 -26.7837837838	 58.9662918919	 437.783783784	254.3796	 411.0
7.5	 182.607252973	 38.2459459459	 58.362747027	 436.754054054	240.97	 475.0
8.0	 191.902797838	 9.27567567568	 57.7592021622	 435.724324324	249.662	 445.0
8.5	 241.967942703	 16.3054054054	 57.1556572973	 434.694594595	299.1236	 451.0
9.0	 225.930687568	 39.3351351351	 56.5521124324	 433.664864865	282.4828	 473.0
9.5	 313.508632432	 44.3648648649	 55.9485675676	 432.635135135	369.4572	 477.0
10.0	 313.906977297	 38.3945945946	 55.3450227027	 431.605405405	369.252	 470.0
10.5	 318.228922162	 83.4243243243	 54.7414778378	 430.575675676	372.9704	 514.0
11.0	 328.396867027	 113.454054054	 54.137932973	 429.545945946	382.5348	 543.0
11.5	 385.207211892	 277.483783784	 53.5343881081	 428.516216216	438.7416	 706.0
12.0	 289.321956757	 120.513513514	 52.9308432432	 427.486486486	342.2528	 548.0
12.5	 358.157101622	 202.543243243	 52.3272983784	 426.456756757	410.4844	 629.0
13.0	 304.400646486	 103.572972973	 51.7237535135	 425.427027027	356.1244	 529.0
13.5	 337.183791351	 115.602702703	 51.1202086486	 424.397297297	388.304	 540.0
14.0	 335.222936216	 87.6324324324	 50.5166637838	 423.367567568	385.7396	 511.0
14.5	 375.057281081	 91.6621621622	 49.9131189189	 422.337837838	424.9704	 514.0
15.0	 289.456825946	 202.691891892	 49.3095740541	 421.308108108	338.7664	 624.0
15.5	 339.137170811	 191.721621622	 48.7060291892	 420.278378378	387.8432	 612.0
16.0	 339.638315676	 208.751351351	 48.1024843243	 419.248648649	387.7408	 628.0
16.5	 303.420260541	 103.781081081	 47.4989394595	 418.218918919	350.9192	 522.0
17.0	 378.563405405	 215.810810811	 46.8953945946	 417.189189189	425.4588	 633.0
17.5	 426.70495027	 171.840540541	 46.2918497297	 416.159459459	472.9968	 588.0
18.0	 386.436895135	 191.87027027	 45.6883048649	 415.12972973	432.1252	 607.0
18.5	 341.70724	 205.9	 45.08476	 414.1	386.792	 620.0
19.0	 367.129984865	 78.9297297297	 44.4812151351	 413.07027027	411.6112	 492.0
19.5	 307.70792973	 83.9594594595	 43.8776702703	 412.040540541	351.5856	 496.0
20.0	 266.953474595	 179.989189189	 43.2741254054	 411.010810811	310.2276	 591.0
20.5	 189.710619459	 157.018918919	 42.6705805405	 409.981081081	232.3812	 567.0
21.0	 207.673764324	 219.048648649	 42.0670356757	 408.951351351	249.7408	 628.0
21.5	 222.278509189	 337.078378378	 41.4634908108	 407.921621622	263.742	 745.0
22.0	 242.881654054	 299.108108108	 40.8599459459	 406.891891892	283.7416	 706.0
22.5	 181.662398919	 77.1378378378	 40.2564010811	 405.862162162	221.9188	 483.0
23.0	 82.3943437838	 97.1675675676	 39.6528562162	 404.832432432	122.0472	 502.0
23.5	 64.5110886486	 135.197297297	 39.0493113514	 403.802702703	103.5604	 539.0
24.0	 102.627433514	 134.227027027	 38.4457664865	 402.772972973	141.0732	 537.0
24.5	 50.5637783784	 83.2567567568	 37.8422216216	 401.743243243	88.406	 485.0
25.0	 -25.1150767568	 50.2864864865	 37.2386767568	 400.713513514	12.1236	 451.0
25.5	 18.6672681081	 -15.6837837838	 36.6351318919	 399.683783784	55.3024	 384.0
26.0	 -7.31878702703	 -0.654054054054	 36.031587027	 398.654054054	28.7128	 398.0
26.5	 -30.1256421622	 -13.6243243243	 35.4280421622	 397.624324324	5.3024	 384.0
27.0	 -17.1628972973	 9.40540540541	 34.8244972973	 396.594594595	17.6616	 406.0
27.5	 -8.91855243243	 -11.5648648649	 34.2209524324	 395.564864865	25.3024	 384.0
28.0	 -4.03340756757	 -54.5351351351	 33.6174075676	 394.535135135	29.584	 340.0
28.5	 11.8009372973	 -50.5054054054	 33.0138627027	 393.505405405	44.8148	 343.0
29.0	 21.8148821622	 -35.4756756757	 32.4103178378	 392.475675676	54.2252	 357.0
29.5	 5.67482702703	 -35.4459459459	 31.806772973	 391.445945946	37.4816	 356.0
30.0	 -25.7468281081	 8.58378378378	 31.2032281081	 390.416216216	5.4564	 399.0
30.5	 -24.2972832432	 -5.38648648649	 30.5996832432	 389.386486486	6.3024	 384.0
31.0	 30.1774616216	 -62.3567567568	 29.9961383784	 388.356756757	60.1736	 326.0
31.5	 24.7046064865	 -10.327027027	 29.3925935135	 387.327027027	54.0972	 377.0
32.0	 4.10255135135	 -55.2972972973	 28.7890486486	 386.297297297	32.8916	 331.0
32.5	 3.70609621622	 -54.2675675676	 28.1855037838	 385.267567568	31.8916	 331.0
33.0	 41.9252410811	 -32.2378378378	 27.5819589189	 384.237837838	69.5072	 352.0
33.5	 16.7599859459	 10.7918918919	 26.9784140541	 383.208108108	43.7384	 394.0
34.0	 6.44033081081	 -0.178378378378	 26.3748691892	 382.178378378	32.8152	 382.0
34.5	 -24.0845243243	 -18.1486486486	 25.7713243243	 381.148648649	1.6868	 363.0
35.0	 -14.4805794595	 21.8810810811	 25.1677794595	 380.118918919	10.6872	 402.0
35.5	 14.6613654054	 16.9108108108	 24.5642345946	 379.089189189	39.2256	 396.0
36.0	 9.62331027027	 -38.0594594595	 23.9606897297	 378.059459459	33.584	 340.0
36.5	 5.22725513514	 1.97027027027	 23.3571448649	 377.02972973	28.5844	 379.0
Actin association begins: 4.0
Actin association ends: 24.5
Length of actin association: 20.5
Cofilin association begins: 7.5
Cofilin association ends: 25.0
Length of cofilin association: 17.5
Delay between actin and cofilin association: 3.5
Maximum normalized actin intensity: 426.70495027
Maximum normalized cofilin intensity: 337.078378378