Time	 Int488	 Int561	 Back488	 Back561	 Raw488	 Raw561
0.0	 8.66688	 20.8	 38.91752	 358.2	47.5844	 379.0
0.5	 22.5369335849	 -7.46603773585	 39.4830664151	 357.466037736	62.02	 350.0
1.0	 -12.3874128302	 10.2679245283	 40.0486128302	 356.732075472	27.6612	 367.0
1.5	 -6.38895924528	 1.00188679245	 40.6141592453	 355.998113208	34.2252	 357.0
2.0	 -18.0829056604	 -17.2641509434	 41.1797056604	 355.264150943	23.0968	 338.0
2.5	 -7.95645207547	 -46.5301886792	 41.7452520755	 354.530188679	33.7888	 308.0
3.0	 30.6316015094	 -69.7962264151	 42.3107984906	 353.796226415	72.9424	 284.0
3.5	 7.96365509434	 -53.0622641509	 42.8763449057	 353.062264151	50.84	 300.0
4.0	 -16.5250913208	 -64.3283018868	 43.4418913208	 352.328301887	26.9168	 288.0
4.5	 35.3713622642	 -18.5943396226	 44.0074377358	 351.594339623	79.3788	 333.0
5.0	 12.9594158491	 -41.8603773585	 44.5729841509	 350.860377358	57.5324	 309.0
5.5	 36.803869434	 -66.1264150943	 45.138530566	 350.126415094	81.9424	 284.0
6.0	 -6.81247698113	 -18.3924528302	 45.7040769811	 349.39245283	38.8916	 331.0
6.5	 16.8011766038	 -45.658490566	 46.2696233962	 348.658490566	63.0708	 303.0
7.0	 14.0052301887	 -8.92452830189	 46.8351698113	 347.924528302	60.8404	 339.0
7.5	 17.7728837736	 -21.1905660377	 47.4007162264	 347.190566038	65.1736	 326.0
8.0	 49.0277373585	 -31.4566037736	 47.9662626415	 346.456603774	96.994	 315.0
8.5	 27.5905909434	 -11.7226415094	 48.5318090566	 345.722641509	76.1224	 334.0
9.0	 23.4098445283	 7.01132075472	 49.0973554717	 344.988679245	72.5072	 352.0
9.5	 86.5870981132	 -69.2547169811	 49.6629018868	 344.254716981	136.25	 275.0
10.0	 68.1759516981	 -14.520754717	 50.2284483019	 343.520754717	118.4044	 329.0
10.5	 33.738405283	 -33.7867924528	 50.793994717	 342.786792453	84.5324	 309.0
11.0	 72.1980588679	 -76.0528301887	 51.3595411321	 342.052830189	123.5576	 266.0
11.5	 76.2225124528	 -50.3188679245	 51.9250875472	 341.318867925	128.1476	 291.0
12.0	 128.297766038	 -71.5849056604	 52.4906339623	 340.58490566	180.7884	 269.0
12.5	 117.578219623	 -85.8509433962	 53.0561803774	 339.850943396	170.6344	 254.0
13.0	 146.961473208	 -77.1169811321	 53.6217267925	 339.116981132	200.5832	 262.0
13.5	 108.447526792	 -45.3830188679	 54.1872732075	 338.383018868	162.6348	 293.0
14.0	 132.266780377	 -26.6490566038	 54.7528196226	 337.649056604	187.0196	 311.0
14.5	 132.598433962	 -48.9150943396	 55.3183660377	 336.91509434	187.9168	 288.0
15.0	 160.263687547	 -45.1811320755	 55.8839124528	 336.181132075	216.1476	 291.0
15.5	 253.569741132	 -63.4471698113	 56.4494588679	 335.447169811	310.0192	 272.0
16.0	 234.670994717	 -49.7132075472	 57.015005283	 334.713207547	291.686	 285.0
16.5	 256.464248302	 -65.979245283	 57.5805516981	 333.979245283	314.0448	 268.0
17.0	 245.796301887	 -49.2452830189	 58.1460981132	 333.245283019	303.9424	 284.0
17.5	 251.153555472	 -75.5113207547	 58.7116445283	 332.511320755	309.8652	 257.0
18.0	 230.075609057	 -33.7773584906	 59.2771909434	 331.777358491	289.3528	 298.0
18.5	 320.792062642	 -38.0433962264	 59.8427373585	 331.043396226	380.6348	 293.0
19.0	 320.713716226	 -35.3094339623	 60.4082837736	 330.309433962	381.122	 295.0
19.5	 285.660969811	 -36.5754716981	 60.9738301887	 329.575471698	346.6348	 293.0
20.0	 290.352223396	 2.15849056604	 61.5393766038	 328.841509434	351.8916	 331.0
20.5	 330.607076981	 -8.10754716981	 62.1049230189	 328.10754717	392.712	 320.0
21.0	 341.631530566	 17.6264150943	 62.670469434	 327.373584906	404.302	 345.0
21.5	 307.142784151	 6.36037735849	 63.2360158491	 326.639622642	370.3788	 333.0
22.0	 322.167237736	 32.0943396226	 63.8015622642	 325.905660377	385.9688	 358.0
22.5	 399.370491321	 -9.17169811321	 64.3671086792	 325.171698113	463.7376	 316.0
23.0	 402.728544906	 42.5622641509	 64.9326550943	 324.437735849	467.6612	 367.0
23.5	 392.573398491	 57.2962264151	 65.4982015094	 323.703773585	458.0716	 381.0
24.0	 431.289852075	 53.0301886792	 66.0637479245	 322.969811321	497.3536	 376.0
24.5	 415.59630566	 73.7641509434	 66.6292943396	 322.235849057	482.2256	 396.0
25.0	 456.261959245	 116.498113208	 67.1948407547	 321.501886792	523.4568	 438.0
25.5	 545.64521283	 125.232075472	 67.7603871698	 320.767924528	613.4056	 446.0
26.0	 509.361266415	 81.9660377358	 68.3259335849	 320.033962264	577.6872	 402.0
26.5	 512.25732	 88.7	 68.89148	 319.3	581.1488	 408.0
27.0	 464.461373585	 125.433962264	 69.4570264151	 318.566037736	533.9184	 444.0
27.5	 507.04942717	 102.167924528	 70.0225728302	 317.832075472	577.072	 420.0
28.0	 463.587480755	 203.901886792	 70.5881192453	 317.098113208	534.1756	 521.0
28.5	 430.55993434	 159.635849057	 71.1536656604	 316.364150943	501.7136	 476.0
29.0	 421.532387925	 115.369811321	 71.7192120755	 315.630188679	493.2516	 431.0
29.5	 366.428841509	 161.103773585	 72.2847584906	 314.896226415	438.7136	 476.0
30.0	 344.299295094	 171.837735849	 72.8503049057	 314.162264151	417.1496	 486.0
30.5	 364.322948679	 119.571698113	 73.4158513208	 313.428301887	437.7388	 433.0
31.0	 411.680602264	 132.305660377	 73.9813977358	 312.694339623	485.662	 445.0
31.5	 380.423055849	 163.039622642	 74.5469441509	 311.960377358	454.97	 475.0
32.0	 414.216709434	 185.773584906	 75.112490566	 311.226415094	489.3292	 497.0
32.5	 442.240763019	 172.50754717	 75.6780369811	 310.49245283	517.9188	 483.0
33.0	 355.726016604	 126.241509434	 76.2435833962	 309.758490566	431.9696	 436.0
33.5	 442.109270189	 134.975471698	 76.8091298113	 309.024528302	518.9184	 444.0
34.0	 338.672123774	 154.709433962	 77.3746762264	 308.290566038	416.0468	 463.0
34.5	 408.337377358	 158.443396226	 77.9402226415	 307.556603774	486.2776	 466.0
35.0	 336.156630943	 177.177358491	 78.5057690566	 306.822641509	414.6624	 484.0
35.5	 272.359884528	 135.911320755	 79.0713154717	 306.088679245	351.4312	 442.0
36.0	 313.538338113	 176.645283019	 79.6368618868	 305.354716981	393.1752	 482.0
36.5	 232.485991698	 214.379245283	 80.2024083019	 304.620754717	312.6884	 519.0
37.0	 226.536045283	 236.113207547	 80.767954717	 303.886792453	307.304	 540.0
37.5	 295.843298868	 334.847169811	 81.3335011321	 303.152830189	377.1768	 638.0
38.0	 343.046952453	 332.581132075	 81.8990475472	 302.418867925	424.946	 635.0
38.5	 295.429806038	 302.31509434	 82.4645939623	 301.68490566	377.8944	 604.0
39.0	 184.016659623	 162.049056604	 83.0301403774	 300.950943396	267.0468	 463.0
39.5	 265.375513208	 291.783018868	 83.5956867925	 300.216981132	348.9712	 592.0
40.0	 213.117166792	 244.516981132	 84.1612332075	 299.483018868	297.2784	 544.0
40.5	 229.653220377	 151.250943396	 84.7267796226	 298.749056604	314.38	 450.0
41.0	 66.4200739623	 60.9849056604	 85.2923260377	 298.01509434	151.7124	 359.0
41.5	 -24.2234724528	 -43.2811320755	 85.8578724528	 297.281132075	61.6344	 254.0
42.0	 -56.9938188679	 -10.5471698113	 86.4234188679	 296.547169811	29.4296	 286.0
42.5	 -18.303365283	 -49.8132075472	 86.988965283	 295.813207547	68.6856	 246.0
43.0	 -23.9713116981	 -33.079245283	 87.5545116981	 295.079245283	63.5832	 262.0
43.5	 -16.0240581132	 -34.3452830189	 88.1200581132	 294.345283019	72.096	 260.0
44.0	 -42.0508045283	 -0.611320754717	 88.6856045283	 293.611320755	46.6348	 293.0
44.5	 -19.0267509434	 -13.8773584906	 89.2511509434	 292.877358491	70.2244	 279.0
45.0	 14.7409026415	 -26.1433962264	 89.8166973585	 292.143396226	104.5576	 266.0
45.5	 -28.5934437736	 16.5905660377	 90.3822437736	 291.409433962	61.7888	 308.0
46.0	 -12.4669901887	 -12.6754716981	 90.9477901887	 290.675471698	78.4808	 278.0
46.5	 12.4286633962	 -44.941509434	 91.5133366038	 289.941509434	103.942	 245.0
47.0	 -11.0340830189	 -21.2075471698	 92.0788830189	 289.20754717	81.0448	 268.0
47.5	 -2.06082943396	 12.5264150943	 92.644429434	 288.473584906	90.5836	 301.0
48.0	 -27.0111758491	 -4.73962264151	 93.2099758491	 287.739622642	66.1988	 283.0
48.5	 -31.8075222642	 -7.00566037736	 93.7755222642	 287.005660377	61.968	 280.0
49.0	 -21.6294686792	 -5.27169811321	 94.3410686792	 286.271698113	72.7116	 281.0
49.5	 -24.9642150943	 -1.53773584906	 94.9066150943	 285.537735849	69.9424	 284.0
50.0	 6.59823849057	 -20.8037735849	 95.4721615094	 284.803773585	102.0704	 264.0
50.5	 9.98149207547	 -12.0698113208	 96.0377079245	 284.069811321	106.0192	 272.0
51.0	 -26.8148543396	 -14.3358490566	 96.6032543396	 283.335849057	69.7884	 269.0
51.5	 17.5427992453	 -1.60188679245	 97.1688007547	 282.601886792	114.7116	 281.0
52.0	 -11.0227471698	 -0.867924528302	 97.7343471698	 281.867924528	86.7116	 281.0
52.5	 18.7965064151	 17.8660377358	 98.2998935849	 281.133962264	117.0964	 299.0
Actin association begins: 6.5
Actin association ends: 41.0
Length of actin association: 34.5
Cofilin association begins: 23.0
Cofilin association ends: 41.0
Length of cofilin association: 18.0
Delay between actin and cofilin association: 16.5
Maximum normalized actin intensity: 545.64521283
Maximum normalized cofilin intensity: 334.847169811