Time	 Int488	 Int561	 Back488	 Back561	 Raw488	 Raw561
0.0	 -15.18944	 29.6	 121.10664	 297.4	105.9172	 327.0
0.5	 -19.1567836735	 -10.8979591837	 119.586383673	 296.897959184	100.4296	 286.0
1.0	 12.1326726531	 -13.3959183673	 118.066127347	 296.395918367	130.1988	 283.0
1.5	 44.4737289796	 15.106122449	 116.54587102	 295.893877551	161.0196	 311.0
2.0	 -7.05761469388	 -15.3918367347	 115.025614694	 295.391836735	107.968	 280.0
2.5	 -31.7161583673	 52.1102040816	 113.505358367	 294.889795918	81.7892	 347.0
3.0	 -0.837502040816	 -3.38775510204	 111.985102041	 294.387755102	111.1476	 291.0
3.5	 -20.9328457143	 -23.8857142857	 110.464845714	 293.885714286	89.532	 270.0
4.0	 23.1514106122	 -33.3836734694	 108.944589388	 293.383673469	132.096	 260.0
4.5	 -15.1231330612	 -25.8816326531	 107.424333061	 292.881632653	92.3012	 267.0
5.0	 64.5767232653	 -14.3795918367	 105.904076735	 292.379591837	170.4808	 278.0
5.5	 -26.9542204082	 -5.87755102041	 104.383820408	 291.87755102	77.4296	 286.0
6.0	 30.3096359184	 -4.37551020408	 102.863564082	 291.375510204	133.1732	 287.0
6.5	 44.7530922449	 8.12653061224	 101.343307755	 290.873469388	146.0964	 299.0
7.0	 118.760148571	 -28.3714285714	 99.8230514286	 290.371428571	218.5832	 262.0
7.5	 128.485604898	 -20.8693877551	 98.302795102	 289.869387755	226.7884	 269.0
8.0	 171.698261224	 -11.3673469388	 96.7825387755	 289.367346939	268.4808	 278.0
8.5	 151.782517551	 -20.8653061224	 95.262282449	 288.865306122	247.0448	 268.0
9.0	 254.020773878	 -15.3632653061	 93.7420261224	 288.363265306	347.7628	 273.0
9.5	 243.566630204	 -18.8612244898	 92.2217697959	 287.86122449	335.7884	 269.0
10.0	 281.394486531	 -27.3591836735	 90.7015134694	 287.359183673	372.096	 260.0
10.5	 370.453542857	 6.14285714286	 89.1812571429	 286.857142857	459.6348	 293.0
11.0	 349.691799184	 11.6448979592	 87.6610008163	 286.355102041	437.3528	 298.0
11.5	 372.44285551	 15.1469387755	 86.1407444898	 285.853061224	458.5836	 301.0
12.0	 327.732311837	 12.6489795918	 84.6204881633	 285.351020408	412.3528	 298.0
12.5	 415.996568163	 53.1510204082	 83.1002318367	 284.848979592	499.0968	 338.0
13.0	 429.46562449	 61.6530612245	 81.5799755102	 284.346938776	511.0456	 346.0
13.5	 450.857480816	 43.1551020408	 80.0597191837	 283.844897959	530.9172	 327.0
14.0	 509.942137143	 72.6571428571	 78.5394628571	 283.342857143	588.4816	 356.0
14.5	 452.923993469	 79.1591836735	 77.0192065306	 282.840816327	529.9432	 362.0
15.0	 423.572249796	 59.6612244898	 75.4989502041	 282.33877551	499.0712	 342.0
15.5	 412.170106122	 126.163265306	 73.9786938776	 281.836734694	486.1488	 408.0
16.0	 461.561562449	 68.6653061224	 72.458437551	 281.334693878	534.02	 350.0
16.5	 529.031018776	 116.167346939	 70.9381812245	 280.832653061	599.9692	 397.0
17.0	 360.807275102	 76.6693877551	 69.417924898	 280.330612245	430.2252	 357.0
17.5	 249.532731429	 84.1714285714	 67.8976685714	 279.828571429	317.4304	 364.0
18.0	 140.128987755	 -5.32653061224	 66.3774122449	 279.326530612	206.5064	 274.0
18.5	 38.0336440816	 -25.8244897959	 64.8571559184	 278.824489796	102.8908	 253.0
19.0	 19.0927004082	 7.67755102041	 63.3368995918	 278.32244898	82.4296	 286.0
19.5	 -23.6950432653	 -21.8204081633	 61.8166432653	 277.820408163	38.1216	 256.0
20.0	 15.1844130612	 0.681632653061	 60.2963869388	 277.318367347	75.4808	 278.0
20.5	 -21.5005306122	 -5.81632653061	 58.7761306122	 276.816326531	37.2756	 271.0
21.0	 18.3533257143	 20.6857142857	 57.2558742857	 276.314285714	75.6092	 297.0
21.5	 9.89918204082	 17.187755102	 55.7356179592	 275.812244898	65.6348	 293.0
22.0	 -26.4525616327	 -2.31020408163	 54.2153616327	 275.310204082	27.7628	 273.0
22.5	 -1.31670530612	 19.1918367347	 52.6951053061	 274.808163265	51.3784	 294.0
23.0	 -11.7964489796	 19.693877551	 51.1748489796	 274.306122449	39.3784	 294.0
23.5	 -1.71259265306	 -28.8040816327	 49.6545926531	 273.804081633	47.942	 245.0
24.0	 18.4744636735	 -15.3020408163	 48.1343363265	 273.302040816	66.6088	 258.0
Actin association begins: 6.0
Actin association ends: 19.0
Length of actin association: 13.0
Cofilin association begins: 10.5
Cofilin association ends: 17.5
Length of cofilin association: 7.0
Delay between actin and cofilin association: 4.5
Maximum normalized actin intensity: 529.031018776
Maximum normalized cofilin intensity: 126.163265306