Time	 Int488	 Int561	 Back488	 Back561	 Raw488	 Raw561
0.0	 -9.09135411218	 5.48862238118	 51.04	 300.0	46.0708	 303.0
0.5	 14.723354299	 20.8435394524	 50.9720318072	 299.607228916	59.0196	 311.0
1.0	 25.2614510782	 -33.324093638	 50.9040636145	 299.214457831	64.7116	 281.0
1.5	 -17.5842570545	 35.0875064512	 50.8360954217	 298.821686747	41.2248	 318.0
2.0	 -12.065688397	 -20.9096674329	 50.7681272289	 298.428915663	44.1732	 287.0
2.5	 -10.0173927169	 36.524687894	 50.7001590361	 298.036144578	45.2248	 318.0
3.0	 -31.0030156299	 48.2205233777	 50.6321908434	 297.643373494	33.6864	 324.0
3.5	 -32.7565057192	 -86.4469046365	 50.5642226506	 297.25060241	32.66	 250.0
4.0	 -31.5051580089	 24.0441337084	 50.4962544578	 296.857831325	33.276	 310.0
4.5	 -20.5909076425	 54.0353771294	 50.4282862651	 296.465060241	39.1736	 326.0
5.0	 -47.9565052114	 62.0721310257	 50.3603180723	 296.072289157	24.148	 330.0
5.5	 32.1985460344	 64.6202625408	 50.2923498795	 295.679518072	67.8916	 331.0
6.0	 9.5714591213	 118.39553628	 50.2243816867	 295.286746988	55.456	 360.0
6.5	 -9.96077658514	 45.9324952526	 50.156413494	 294.893975904	44.712	 320.0
7.0	 -12.4636465836	 28.3556780367	 50.0884453012	 294.501204819	43.276	 310.0
7.5	 -18.015995177	 -13.0051694976	 50.0204771084	 294.108433735	40.1732	 287.0
8.0	 55.6185726799	 7.8383699548	 49.9525089157	 293.715662651	80.3528	 298.0
8.5	 33.9289424695	 -13.3975288485	 49.8845407229	 293.322891566	68.4296	 286.0
9.0	 102.027319885	 -56.5879171765	 49.8165725301	 292.930120482	105.5832	 262.0
9.5	 73.3481120259	 -57.6988672489	 49.7486043373	 292.537349398	89.8396	 261.0
10.0	 62.9650439207	 12.5422736341	 49.6806361446	 292.144578313	84.0964	 299.0
10.5	 86.263821828	 37.0448946739	 49.6126679518	 291.751807229	96.7632	 312.0
11.0	 87.0914478905	 -0.656871272928	 49.544699759	 291.359036145	97.1476	 291.0
11.5	 160.350593977	 7.37988262336	 49.4767315663	 290.96626506	137.122	 295.0
12.0	 212.593439057	 11.7575549322	 49.4087633735	 290.573493976	165.6092	 297.0
12.5	 268.495365725	 16.135227241	 49.3407951807	 290.180722892	196.0964	 299.0
13.0	 243.850661224	 27.8310627248	 49.272826988	 289.787951807	182.558	 305.0
13.5	 341.832026148	 32.2087350336	 49.2048587952	 289.395180723	236.0452	 307.0
14.0	 257.891172706	 18.2909994052	 49.1368906024	 289.002409639	190.0964	 299.0
14.5	 335.607080166	 44.6231612388	 49.0689224096	 288.609638554	232.5068	 313.0
15.0	 296.702202903	 140.477873234	 49.0009542169	 288.21686747	211.174	 365.0
15.5	 297.998923225	 100.946566493	 48.9329860241	 287.824096386	211.8148	 343.0
16.0	 344.376992337	 21.1653622908	 48.8650178313	 287.431325301	237.0964	 299.0
16.5	 279.623630924	 82.2587992051	 48.7970496386	 287.038554217	201.6352	 332.0
17.0	 262.908156223	 212.874786281	 48.7290814458	 286.645783133	192.4308	 403.0
17.5	 346.345403653	 59.9119503295	 48.661113253	 286.253012048	237.9684	 319.0
18.0	 347.407942753	 56.9714594634	 48.5931450602	 285.860240964	238.4812	 317.0
18.5	 236.07081365	 35.7355606601	 48.5251768675	 285.46746988	177.558	 305.0
19.0	 324.904474605	 40.1132329689	 48.4572086747	 285.074698795	226.0452	 307.0
19.5	 205.123648831	 51.8090684527	 48.3892404819	 284.681927711	160.5068	 313.0
20.0	 248.548107286	 147.663780448	 48.3212722892	 284.289156627	184.174	 365.0
20.5	 362.759694499	 45.9280867206	 48.2533040964	 283.896385542	246.5324	 309.0
21.0	 263.291894249	 99.70336046	 48.1853359036	 283.503614458	192.0968	 338.0
21.5	 264.635450815	 52.8538905445	 48.1173677108	 283.110843373	192.7632	 312.0
22.0	 314.813842064	 22.4702877726	 48.0493995181	 282.718072289	220.122	 295.0
22.5	 389.199985279	 140.279489292	 47.9814313253	 282.325301205	260.7124	 359.0
23.0	 332.468062522	 162.952569538	 47.9134631325	 281.93253012	229.6356	 371.0
23.5	 251.998213874	 106.955395654	 47.8454949398	 281.539759036	185.584	 340.0
24.0	 404.116422701	 228.423678762	 47.777526747	 281.146987952	268.6616	 406.0
24.5	 331.905121196	 382.823696156	 47.7095585542	 280.754216867	229.124	 490.0
25.0	 359.190834401	 356.099174971	 47.6415903614	 280.361445783	243.97	 475.0
25.5	 403.036087238	 314.738327437	 47.5736221687	 279.968674699	267.8672	 452.0
26.0	 600.0	 289.843347046	 47.5056539759	 279.575903614	375.4568	 438.0
26.5	 230.08582054	 78.3352056957	 47.4376857831	 279.18313253	173.1992	 322.0
27.0	 105.378407317	 2.2130830806	 47.3697175904	 278.790361446	104.968	 280.0
27.5	 202.939709674	 215.158405874	 47.3017493976	 278.397590361	158.2256	 396.0
28.0	 165.11206603	 142.695364846	 47.2337812048	 278.004819277	137.4816	 356.0
28.5	 41.531649936	 176.345689855	 47.165813012	 277.612048193	69.8664	 374.0
29.0	 51.4133074784	 153.280250258	 47.0978448193	 277.219277108	75.1996	 361.0
29.5	 -15.5472119482	 -12.4893712497	 47.0298766265	 276.826506024	38.532	 270.0
30.0	 -30.106023961	 -4.4526173534	 46.9619084337	 276.43373494	30.5064	 274.0
30.5	 -15.6739325564	 -23.858975363	 46.893940241	 276.040963855	38.3268	 263.0
31.0	 -38.4890962631	 -12.1631398792	 46.8259720482	 275.648192771	25.7884	 269.0
31.5	 -33.8611480639	 -0.467304395506	 46.7580038554	 275.255421687	28.25	 275.0
32.0	 -10.5631019729	 -47.316774311	 46.6900356627	 274.862650602	40.9164	 249.0
32.5	 -46.5129049459	 15.6062033971	 46.6220674699	 274.469879518	21.1988	 283.0
33.0	 -40.2903289909	 -7.45923619996	 46.5540992771	 274.077108434	24.532	 270.0
33.5	 -18.1646526406	 -14.0588086535	 46.4861310843	 273.684337349	36.5576	 266.0
34.0	 -53.2238351552	 -18.8288403133	 46.4181628916	 273.291566265	17.3268	 263.0
34.5	 -18.9478124855	 5.67378072656	 46.3501946988	 272.898795181	35.9936	 276.0
35.0	 -39.0428149401	 -50.3233931575	 46.282226506	 272.506024096	24.942	 245.0
35.5	 -63.4057701583	 -11.1844457679	 46.2142583133	 272.113253012	11.5576	 266.0
36.0	 -37.5273397318	 -32.4203445712	 46.1462901205	 271.720481928	25.6344	 254.0
36.5	 -7.42706096977	 -70.1221105181	 46.0783219277	 271.327710843	42.0188	 233.0
37.0	 -9.46010489238	 -18.1763775724	 46.0103537349	 270.934939759	40.8396	 261.0
37.5	 -18.5771307683	 -2.82146050117	 45.9423855422	 270.542168675	35.7884	 269.0
38.0	 -33.6050370406	 7.04483418885	 45.8744173494	 270.14939759	27.5064	 274.0
38.5	 -12.7461347358	 -16.0206054082	 45.8064491566	 269.756626506	38.8396	 261.0
39.0	 4.82910775244	 -26.2792594491	 45.7384809639	 269.363855422	48.378	 255.0
39.5	 -2.50521357407	 -3.60617920305	 45.6705127711	 268.971084337	44.3012	 267.0
40.0	 -10.3086291601	 20.8964418368	 45.6025445783	 268.578313253	39.968	 280.0
40.5	 5.06165076353	 -2.16899776027	 45.5345763855	 268.185542169	48.3012	 267.0
41.0	 1.05782549792	 0.379133754844	 45.4666081928	 267.792771084	46.0448	 268.0
Actin association begins: 8.0
Actin association ends: 29.0
Length of actin association: 21.0
Area under actin curve during patch life: 10585.7504659
Cofilin association begins: 11.5
Cofilin association ends: 29.0
Length of cofilin association: 17.5
Delay between actin and cofilin association: 3.5
Area under cofilin curve during patch life: 4079.25436699
Cofilin intensity score: 159.030444952