Time	 Int488	 Int561	 Back488	 Back561	 Raw488	 Raw561
0.0	 -8.93832	 13.8	 17.85432	 196.2	8.916	 210.0
0.5	 -4.46824493151	 -3.19589041096	 17.7430449315	 196.195890411	13.2748	 193.0
1.0	 9.36103013699	 1.80821917808	 17.631769863	 196.191780822	26.9928	 198.0
1.5	 0.0363052054795	 -8.18767123288	 17.5204947945	 196.187671233	17.5568	 188.0
2.0	 5.12198027397	 -4.18356164384	 17.409219726	 196.183561644	22.5312	 192.0
2.5	 3.74605534247	 -6.17945205479	 17.2979446575	 196.179452055	21.044	 190.0
3.0	 -8.47586958904	 6.82465753425	 17.186669589	 196.175342466	8.7108	 203.0
3.5	 -3.85179452055	 4.82876712329	 17.0753945205	 196.171232877	13.2236	 201.0
4.0	 3.95188054795	 13.8328767123	 16.9641194521	 196.167123288	20.916	 210.0
4.5	 3.65275561644	 -0.16301369863	 16.8528443836	 196.163013699	20.5056	 196.0
5.0	 -3.05636931507	 10.8410958904	 16.7415693151	 196.15890411	13.6852	 207.0
5.5	 10.5165057534	 16.8452054795	 16.6302942466	 196.154794521	27.1468	 213.0
6.0	 -2.29541917808	 4.84931506849	 16.5190191781	 196.150684932	14.2236	 201.0
6.5	 21.6362558904	 -6.14657534247	 16.4077441096	 196.146575342	38.044	 190.0
7.0	 -21.0984690411	 8.85753424658	 16.2964690411	 196.142465753	-4.802	 205.0
7.5	 9.3204060274	 -0.138356164384	 16.1851939726	 196.138356164	25.5056	 196.0
8.0	 -14.1323189041	 9.86575342466	 16.0739189041	 196.134246575	1.9416	 206.0
8.5	 4.77375616438	 2.8698630137	 15.9626438356	 196.130136986	20.7364	 199.0
9.0	 32.9362312329	 -5.12602739726	 15.8513687671	 196.126027397	48.7876	 191.0
9.5	 -3.72169369863	 -2.12191780822	 15.7400936986	 196.121917808	12.0184	 194.0
10.0	 0.927981369863	 -8.11780821918	 15.6288186301	 196.117808219	16.5568	 188.0
10.5	 10.5008564384	 -2.11369863014	 15.5175435616	 196.11369863	26.0184	 194.0
11.0	 4.38133150685	 -5.1095890411	 15.4062684932	 196.109589041	19.7876	 191.0
11.5	 11.6722065753	 5.89452054795	 15.2949934247	 196.105479452	26.9672	 202.0
12.0	 1.34748164384	 -4.10136986301	 15.1837183562	 196.101369863	16.5312	 192.0
12.5	 9.68955671233	 -1.09726027397	 15.0724432877	 196.097260274	24.762	 195.0
13.0	 24.8264317808	 -5.09315068493	 14.9611682192	 196.093150685	39.7876	 191.0
13.5	 1.42490684932	 -3.08904109589	 14.8498931507	 196.089041096	16.2748	 193.0
14.0	 3.33098191781	 -10.0849315068	 14.7386180822	 196.084931507	18.0696	 186.0
14.5	 24.1346569863	 -1.08082191781	 14.6273430137	 196.080821918	38.762	 195.0
15.0	 23.2715320548	 -5.07671232877	 14.5160679452	 196.076712329	37.7876	 191.0
15.5	 9.61360712329	 -2.07260273973	 14.4047928767	 196.07260274	24.0184	 194.0
16.0	 12.2376821918	 -4.06849315068	 14.2935178082	 196.068493151	26.5312	 192.0
16.5	 58.8873572603	 -10.0643835616	 14.1822427397	 196.064383562	73.0696	 186.0
17.0	 34.6910323288	 -1.0602739726	 14.0709676712	 196.060273973	48.762	 195.0
17.5	 50.9819073973	 9.94383561644	 13.9596926027	 196.056164384	64.9416	 206.0
18.0	 63.0675824658	 13.9479452055	 13.8484175342	 196.052054795	76.916	 210.0
18.5	 64.4608575342	 8.95205479452	 13.7371424658	 196.047945205	78.198	 205.0
19.0	 89.1361326027	 -1.04383561644	 13.6258673973	 196.043835616	102.762	 195.0
19.5	 111.965407671	 3.9602739726	 13.5145923288	 196.039726027	125.48	 200.0
20.0	 129.10228274	 -0.0356164383562	 13.4033172603	 196.035616438	142.5056	 196.0
20.5	 142.213557808	 -0.0315068493151	 13.2920421918	 196.031506849	155.5056	 196.0
21.0	 141.658032877	 -13.0273972603	 13.1807671233	 196.02739726	154.8388	 183.0
21.5	 165.436107945	 -0.0232876712329	 13.0694920548	 196.023287671	178.5056	 196.0
22.0	 147.060183014	 -2.01917808219	 12.9582169863	 196.019178082	160.0184	 194.0
22.5	 203.145858082	 1.98493150685	 12.8469419178	 196.015068493	215.9928	 198.0
23.0	 214.257133151	 1.98904109589	 12.7356668493	 196.010958904	226.9928	 198.0
23.5	 259.984008219	 22.9931506849	 12.6243917808	 196.006849315	272.6084	 219.0
24.0	 247.838883288	 23.997260274	 12.5131167123	 196.002739726	260.352	 220.0
24.5	 254.206558356	 23.001369863	 12.4018416438	 195.998630137	266.6084	 219.0
25.0	 276.292233425	 27.0054794521	 12.2905665753	 195.994520548	288.5828	 223.0
25.5	 275.608708493	 34.0095890411	 12.1792915068	 195.990410959	287.788	 230.0
26.0	 297.001983562	 29.0136986301	 12.0680164384	 195.98630137	309.07	 225.0
26.5	 300.57485863	 35.0178082192	 11.9567413699	 195.982191781	312.5316	 231.0
27.0	 297.275733699	 21.0219178082	 11.8454663014	 195.978082192	309.1212	 217.0
27.5	 302.925808767	 54.0260273973	 11.7341912329	 195.973972603	314.66	 250.0
28.0	 339.678283836	 71.0301369863	 11.6229161644	 195.969863014	351.3012	 267.0
28.5	 358.507158904	 37.0342465753	 11.5116410959	 195.965753425	370.0188	 233.0
29.0	 373.490433973	 57.0383561644	 11.4003660274	 195.961643836	384.8908	 253.0
29.5	 353.165709041	 47.0424657534	 11.2890909589	 195.957534247	364.4548	 243.0
30.0	 386.76418411	 49.0465753425	 11.1778158904	 195.953424658	397.942	 245.0
30.5	 371.080659178	 56.0506849315	 11.0665408219	 195.949315068	382.1472	 252.0
31.0	 273.627934247	 66.0547945205	 10.9552657534	 195.945205479	284.5832	 262.0
31.5	 314.405609315	 40.0589041096	 10.8439906849	 195.94109589	325.2496	 236.0
32.0	 337.568484384	 71.0630136986	 10.7327156164	 195.936986301	348.3012	 267.0
32.5	 298.243759452	 61.0671232877	 10.6214405479	 195.932876712	308.8652	 257.0
33.0	 335.124634521	 97.0712328767	 10.5101654795	 195.928767123	345.6348	 293.0
33.5	 457.158709589	 70.0753424658	 10.398890411	 195.924657534	467.5576	 266.0
34.0	 359.141584658	 51.0794520548	 10.2876153425	 195.920547945	369.4292	 247.0
34.5	 304.534859726	 46.0835616438	 10.176340274	 195.916438356	314.7112	 242.0
35.0	 281.979734795	 72.0876712329	 10.0650652055	 195.912328767	292.0448	 268.0
35.5	 282.783809863	 120.091780822	 9.95379013699	 195.908219178	292.7376	 316.0
36.0	 374.715084932	 70.095890411	 9.84251506849	 195.904109589	384.5576	 266.0
36.5	 291.95476	 89.1	 9.73124	 195.9	301.686	 285.0
37.0	 309.835235068	 86.104109589	 9.61996493151	 195.895890411	319.4552	 282.0
37.5	 283.946910137	 125.108219178	 9.50868986301	 195.891780822	293.4556	 321.0
38.0	 273.981385205	 137.112328767	 9.39741479452	 195.887671233	283.3788	 333.0
38.5	 228.271860274	 109.116438356	 9.28613972603	 195.883561644	237.558	 305.0
39.0	 223.049535342	 83.1205479452	 9.17486465753	 195.879452055	232.2244	 279.0
39.5	 191.776010411	 65.1246575342	 9.06358958904	 195.875342466	200.8396	 261.0
40.0	 165.502485479	 47.1287671233	 8.95231452055	 195.871232877	174.4548	 243.0
40.5	 202.459760548	 32.1328767123	 8.84103945205	 195.867123288	211.3008	 228.0
41.0	 139.494235616	 44.1369863014	 8.72976438356	 195.863013699	148.224	 240.0
41.5	 133.451510685	 29.1410958904	 8.61848931507	 195.85890411	142.07	 225.0
42.0	 170.024385753	 35.1452054795	 8.50721424658	 195.854794521	178.5316	 231.0
42.5	 191.340860822	 42.1493150685	 8.39593917808	 195.850684932	199.7368	 238.0
43.0	 161.45213589	 42.1534246575	 8.28466410959	 195.846575342	169.7368	 238.0
43.5	 154.486610959	 54.1575342466	 8.1733890411	 195.842465753	162.66	 250.0
44.0	 132.905486027	 45.1616438356	 8.0621139726	 195.838356164	140.9676	 241.0
44.5	 144.939961096	 57.1657534247	 7.95083890411	 195.834246575	152.8908	 253.0
45.0	 134.999636164	 26.1698630137	 7.83956383562	 195.830136986	142.8392	 222.0
45.5	 108.162111233	 18.1739726027	 7.72828876712	 195.826027397	115.8904	 214.0
46.0	 171.478586301	 25.1780821918	 7.61701369863	 195.821917808	179.0956	 221.0
46.5	 136.15386137	 15.1821917808	 7.50573863014	 195.817808219	143.6596	 211.0
47.0	 87.8551364384	 40.1863013699	 7.39446356164	 195.81369863	95.2496	 236.0
47.5	 78.9664115068	 40.1904109589	 7.28318849315	 195.809589041	86.2496	 236.0
48.0	 117.180086575	 24.1945205479	 7.17191342466	 195.805479452	124.352	 220.0
48.5	 106.112161644	 52.198630137	 7.06063835616	 195.801369863	113.1728	 248.0
49.0	 46.5822367123	 35.202739726	 6.94936328767	 195.797260274	53.5316	 231.0
49.5	 98.5139117808	 24.2068493151	 6.83808821918	 195.793150685	105.352	 220.0
50.0	 51.7275868493	 8.21095890411	 6.72681315068	 195.789041096	58.4544	 204.0
50.5	 11.4544619178	 29.2150684932	 6.61553808219	 195.784931507	18.07	 225.0
51.0	 44.4117369863	 14.2191780822	 6.5042630137	 195.780821918	50.916	 210.0
51.5	 63.0102120548	 16.2232876712	 6.39298794521	 195.776712329	69.4032	 212.0
52.0	 59.0958871233	 20.2273972603	 6.28171287671	 195.77260274	65.3776	 216.0
52.5	 34.7967621918	 6.23150684932	 6.17043780822	 195.768493151	40.9672	 202.0
53.0	 20.1644372603	 5.23561643836	 6.05916273973	 195.764383562	26.2236	 201.0
53.5	 37.8141123288	 -0.760273972603	 5.94788767123	 195.760273973	43.762	 195.0
54.0	 22.2073873973	 -5.75616438356	 5.83661260274	 195.756164384	28.044	 190.0
54.5	 59.2162624658	 10.2479452055	 5.72533753425	 195.752054795	64.9416	 206.0
55.0	 5.12233753425	 3.25205479452	 5.61406246575	 195.747945205	10.7364	 199.0
55.5	 22.4900126027	 2.25616438356	 5.50278739726	 195.743835616	27.9928	 198.0
56.0	 12.5756876712	 6.2602739726	 5.39151232877	 195.739726027	17.9672	 202.0
56.5	 6.40496273973	 11.2643835616	 5.28023726027	 195.735616438	11.6852	 207.0
57.0	 -4.02216219178	 17.2684931507	 5.16896219178	 195.731506849	1.1468	 213.0
57.5	 6.37111287671	 12.2726027397	 5.05768712329	 195.72739726	11.4288	 208.0
58.0	 -2.41521205479	 -3.72328767123	 4.94641205479	 195.723287671	2.5312	 192.0
58.5	 -5.8935369863	 10.2808219178	 4.8351369863	 195.719178082	-1.0584	 206.0
59.0	 -6.70546191781	 -1.71506849315	 4.72386191781	 195.715068493	-1.9816	 194.0
59.5	 -4.38898684932	 5.28904109589	 4.61258684932	 195.710958904	0.2236	 201.0
60.0	 4.20948821918	 7.29315068493	 4.50131178082	 195.706849315	8.7108	 203.0
60.5	 -8.91003671233	 4.29726027397	 4.39003671233	 195.702739726	-4.52	 200.0
61.0	 -11.2859616438	 2.30136986301	 4.27876164384	 195.698630137	-7.0072	 198.0
61.5	 0.261313424658	 12.3054794521	 4.16748657534	 195.694520548	4.4288	 208.0
62.0	 -1.62741150685	 12.3095890411	 4.05621150685	 195.690410959	2.4288	 208.0
62.5	 -8.41373643836	 -3.68630136986	 3.94493643836	 195.68630137	-4.4688	 192.0
63.0	 -12.7384613699	 -13.6821917808	 3.83366136986	 195.682191781	-8.9048	 182.0
63.5	 -22.7807863014	 10.3219178082	 3.72238630137	 195.678082192	-19.0584	 206.0
64.0	 -7.59271123288	 -1.67397260274	 3.61111123288	 195.673972603	-3.9816	 194.0
64.5	 -10.4814361644	 -1.6698630137	 3.49983616438	 195.669863014	-6.9816	 194.0
65.0	 0.11703890411	 0.334246575342	 3.38856109589	 195.665753425	3.5056	 196.0
65.5	 1.2795139726	 -7.66164383562	 3.2772860274	 195.661643836	4.5568	 188.0
66.0	 -11.1220109589	 -5.65753424658	 3.1660109589	 195.657534247	-7.956	 190.0
66.5	 4.42526410959	 4.34657534247	 3.05473589041	 195.653424658	7.48	 200.0
67.0	 -25.3866608219	 -7.64931506849	 2.94346082192	 195.649315068	-22.4432	 188.0
67.5	 1.44261424658	 -2.64520547945	 2.83218575342	 195.645205479	4.2748	 193.0
68.0	 -0.651310684932	 -9.64109589041	 2.72091068493	 195.64109589	2.0696	 186.0
68.5	 -14.3348356164	 -2.63698630137	 2.60963561644	 195.636986301	-11.7252	 193.0
69.0	 -15.9671605479	 -3.63287671233	 2.49836054795	 195.632876712	-13.4688	 192.0
69.5	 -7.13788547945	 1.37123287671	 2.38708547945	 195.628767123	-4.7508	 197.0
70.0	 9.76818958904	 -5.62465753425	 2.27581041096	 195.624657534	12.044	 190.0
70.5	 0.110264657534	 -2.62054794521	 2.16453534247	 195.620547945	2.2748	 193.0
71.0	 2.55513972603	 23.3835616438	 2.05326027397	 195.616438356	4.6084	 219.0
71.5	 -0.410785205479	 -3.61232876712	 1.94198520548	 195.612328767	1.5312	 192.0
72.0	 -2.50471013699	 -10.6082191781	 1.83071013699	 195.608219178	-0.674	 185.0
72.5	 -1.41903506849	 -6.60410958904	 1.71943506849	 195.604109589	0.3004	 189.0
Actin association begins: 10.0
Actin association ends: 56.5
Length of actin association: 46.5
Cofilin association begins: 22.5
Cofilin association ends: 53.0
Length of cofilin association: 30.5
Delay between actin and cofilin association: 12.5
Maximum normalized actin intensity: 457.158709589
Maximum normalized cofilin intensity: 137.112328767