Time	 Int488	 Int561	 Back488	 Back561	 Raw488	 Raw561
0.0	 -12.9543576007	 36.7966982186	 31.8864	 324.0	23.7892	 347.0
0.5	 -7.71023438004	 0.566298392185	 32.5057288889	 323.646031746	27.6864	 324.0
1.0	 -8.25055211935	 -69.2610867643	 33.1250577778	 323.292063492	27.968	 280.0
1.5	 -7.23068985419	 -7.90024348918	 33.7443866667	 322.938095238	29.2248	 318.0
2.0	 26.237460814	 45.4613175645	 34.3637155556	 322.584126984	50.7636	 351.0
2.5	 -21.1498533269	 -16.3667853705	 34.9830444444	 322.23015873	21.7632	 312.0
3.0	 7.60000071579	 -38.1984771984	 35.6023733333	 321.876190476	40.3528	 298.0
3.5	 -44.9138934153	 13.563227411	 36.2217022222	 321.522222222	8.148	 330.0
4.0	 0.695247837376	 -80.2620044098	 36.8410311111	 321.168253968	37.2756	 271.0
4.5	 -24.2108835485	 -30.1001562447	 37.46036	 320.814285714	22.3272	 302.0
5.0	 -38.9028914514	 -13.5352934096	 38.0796888889	 320.46031746	13.7632	 312.0
5.5	 19.3828723232	 -25.7678465717	 38.6990177778	 320.106349206	50.8144	 304.0
6.0	 -49.1302261933	 -36.4005432896	 39.3183466667	 319.752380952	8.6092	 297.0
6.5	 41.0297974922	 -29.4348191202	 39.9376755556	 319.398412698	65.5836	 301.0
7.0	 -0.490523096292	 -8.0703869523	 40.5570044444	 319.044444444	40.2504	 314.0
7.5	 36.7513689527	 18.0936145485	 41.1763333333	 318.69047619	64.148	 330.0
8.0	 5.24039022229	 37.8581902722	 41.7956622222	 318.336507937	45.0712	 342.0
8.5	 -13.1031300291	 0.0279340014083	 42.4149911111	 317.982539683	34.2248	 318.0
9.0	 -76.9395281876	 8.59351461504	 43.03432	 317.628571429	-5.0572	 323.0
9.5	 4.35985056677	 25.1583774501	 43.6536488889	 317.274603175	46.3788	 333.0
10.0	 8.12698631806	 -30.2702997078	 44.2729777778	 316.920634921	49.3528	 298.0
10.5	 -34.295653305	 7.09269690301	 44.8923066667	 316.566666667	23.4556	 321.0
11.0	 16.318478848	 -56.3352624764	 45.5116355556	 316.212698413	55.7116	 281.0
11.5	 14.9174383416	 -54.1691076399	 46.1309644444	 315.858730159	55.4552	 282.0
12.0	 -29.9254641104	 -13.6063981405	 46.7502933333	 315.504761905	28.0452	 307.0
12.5	 12.7719384137	 -27.4388077469	 47.3696222222	 315.150793651	55.3528	 298.0
13.0	 3.16619411845	 -55.6699253519	 47.9889511111	 314.796825397	49.968	 280.0
13.5	 12.3901202299	 -26.3062109625	 48.60828	 314.442857143	56.3528	 298.0
14.0	 -29.0482877086	 -17.7406303489	 49.2276088889	 314.088888889	31.0708	 303.0
14.5	 -19.3732020798	 3.62380181905	 49.8469377778	 313.734920635	37.7376	 316.0
15.0	 -21.6356052958	 15.3890953213	 50.4662666667	 313.380952381	36.9428	 323.0
15.5	 -33.57969977	 -22.4411609495	 51.0855955556	 313.026984127	30.0964	 299.0
16.0	 20.8504099739	 5.3226969956	 51.7049244444	 312.673015873	64.7376	 316.0
16.5	 -0.0778383488695	 -66.1045446052	 52.3242533333	 312.319047619	52.2756	 271.0
17.0	 1.06489289121	 -23.9419786615	 52.9435822222	 311.965079365	53.6092	 297.0
17.5	 -1.56675719207	 -16.9762544922	 53.5629111111	 311.611111111	52.5836	 301.0
18.0	 74.0710495773	 -53.2066543186	 54.18224	 311.257142857	100.4808	 278.0
18.5	 110.452218859	 44.9508871752	 54.8015688889	 310.903174603	123.8404	 339.0
19.0	 171.15760552	 -32.8757802028	 55.4208977778	 310.549206349	162.404	 290.0
19.5	 194.533861738	 -27.5099124777	 56.0402266667	 310.195238095	177.6348	 293.0
20.0	 116.175886606	 0.253945467347	 56.6595555556	 309.841269841	129.276	 310.0
20.5	 122.610303021	 28.0178034124	 57.2788844444	 309.487301587	133.9172	 327.0
21.0	 150.703575979	 -16.2118786355	 57.8982133333	 309.133333333	152.0964	 299.0
21.5	 251.446970015	 -38.0435704633	 58.5175422222	 308.779365079	215.686	 285.0
22.0	 182.360482949	 40.915693699	 59.1368711111	 308.425396825	173.1224	 334.0
22.5	 276.58094229	 -24.1121221246	 59.7562	 308.071428571	232.6348	 293.0
23.0	 270.257463475	 -2.7476899567	 60.3755288889	 307.717460317	229.3016	 306.0
23.5	 296.341316739	 17.016885767	 60.9948577778	 307.363492063	246.2248	 318.0
24.0	 287.680127689	 91.1765805964	 61.6141866667	 307.00952381	241.4304	 364.0
24.5	 381.039864263	 98.1423047658	 62.2335155556	 306.655555556	300.4048	 368.0
25.0	 418.034738477	 37.914058275	 62.8528444444	 306.301587302	324.148	 330.0
25.5	 468.855572083	 129.672173992	 63.4721733333	 305.947619048	356.5332	 387.0
26.0	 417.735472886	 88.6422048323	 64.0915022222	 305.593650794	325.1996	 361.0
26.5	 505.515550125	 30.0138147858	 64.7108311111	 305.23968254	380.6864	 324.0
27.0	 338.263151522	 73.7762371738	 65.33016	 304.885714286	276.7636	 351.0
27.5	 544.843448773	 75.9423920102	 65.9494888889	 304.531746032	406.5072	 352.0
28.0	 524.489868885	 39.7119921838	 66.5688177778	 304.177777778	394.4044	 329.0
28.5	 418.483814626	 137.869533678	 67.1881466667	 303.823809524	328.764	 390.0
29.0	 578.666995107	 15.2468858595	 67.8074755556	 303.46984127	429.5068	 313.0
29.5	 513.928917857	 102.205432243	 68.4268044444	 303.115873016	389.6612	 367.0
30.0	 604.129257925	 40.3773293082	 69.0461333333	 302.761904762	446.6608	 328.0
30.5	 471.088829469	 50.5427663662	 69.6654622222	 302.407936508	364.1224	 334.0
31.0	 576.672749163	 22.3116487611	 70.2847911111	 302.053968254	430.7376	 316.0
31.5	 462.543903764	 77.2730662591	 70.90412	 301.7	360.02	 350.0
32.0	 516.030098206	 65.040513097	 71.5234488889	 301.346031746	394.0712	 342.0
32.5	 377.697984576	 89.6046581535	 72.1427777778	 300.992063492	308.2252	 357.0
33.0	 477.292681684	 59.7736841042	 72.7621066667	 300.638095238	371.0968	 338.0
33.5	 509.283844883	 93.9369678265	 73.3814355556	 300.284126984	391.7124	 359.0
34.0	 550.915743015	 184.095227099	 74.0007644444	 299.93015873	418.354	 415.0
34.5	 478.176463715	 83.8705695008	 74.6200933333	 299.576190476	373.5072	 352.0
35.0	 380.169691677	 182.028110995	 75.2394222222	 299.222222222	312.8668	 413.0
35.5	 600.0	 176.19498361	 75.8587511111	 298.868253968	450.8924	 409.0
36.0	 540.019895815	 207.158554443	 76.47808	 298.514285714	414.0208	 428.0
36.5	 515.401098646	 274.918823496	 77.0974088889	 298.16031746	399.252	 470.0
37.0	 430.316047137	 353.878087658	 77.7167377778	 297.806349206	346.6884	 519.0
37.5	 543.65287116	 301.649123389	 78.3360666667	 297.452380952	418.1496	 486.0
38.0	 524.325759167	 355.010684442	 78.9553955556	 297.098412698	406.6884	 519.0
38.5	 532.277479434	 333.178992614	 79.5747244444	 296.744444444	412.278	 505.0
39.0	 341.683815251	 399.339405223	 80.1940533333	 296.39047619	293.7656	 546.0
39.5	 388.853136508	 436.702401833	 80.8133822222	 296.036507937	323.8684	 569.0
40.0	 426.83288235	 410.071140673	 81.4327111111	 295.682539683	348.2272	 552.0
40.5	 526.838422593	 441.034711506	 82.05204	 295.328571429	411.3556	 571.0
41.0	 418.245080492	 256.017662361	 82.6713688889	 294.974603175	344.098	 455.0
41.5	 401.996092297	 453.366303401	 83.2906977778	 294.620634921	334.5608	 578.0
42.0	 517.548397524	 429.934755129	 83.9100266667	 294.266666667	407.4068	 563.0
42.5	 355.011735777	 299.312825089	 84.5293555556	 293.912698413	306.4316	 481.0
43.0	 396.849055476	 419.868356803	 85.1486844444	 293.558730159	333.2016	 556.0
43.5	 346.917969589	 318.043842761	 85.7680133333	 293.204761905	302.6112	 492.0
44.0	 217.856704082	 331.408992707	 86.3873422222	 292.850793651	222.56	 500.0
44.5	 196.436339917	 274.380459105	 87.0066711111	 292.496825397	209.7904	 464.0
45.0	 222.233498906	 338.941015269	 87.626	 292.142857143	226.5344	 504.0
45.5	 244.954453924	 446.697695428	 88.2453288889	 291.788888889	241.3556	 571.0
46.0	 190.961652496	 292.077918724	 88.8646577778	 291.434920635	208.2264	 474.0
46.5	 167.572824962	 292.644217116	 89.4839866667	 291.080952381	194.2264	 474.0
47.0	 147.465622966	 280.411663954	 90.1033155556	 290.726984127	182.2776	 466.0
47.5	 64.7189216361	 368.970066782	 90.7226444444	 290.373015873	131.1756	 521.0
48.0	 54.9896684234	 297.542825182	 91.3419733333	 290.019047619	125.7136	 476.0
48.5	 103.595020825	 360.503524901	 91.9613022222	 289.665079365	156.714	 515.0
49.0	 77.5805088944	 333.87226374	 92.5806311111	 289.311111111	141.0728	 498.0
49.5	 36.1011446309	 348.837270131	 93.19996	 288.957142857	115.7652	 507.0
50.0	 -7.51306807184	 197.417206316	 93.8192888889	 288.603174603	89.1232	 412.0
50.5	 -16.5435039897	 266.777331812	 94.4386177778	 288.249206349	84.098	 455.0
51.0	 9.58002571408	 155.353679104	 95.0579466667	 287.895238095	101.046	 385.0
51.5	 -92.4052693298	 312.705909037	 95.6772755556	 287.541269841	37.9188	 483.0
52.0	 -62.5892709526	 249.277949658	 96.2966044444	 287.187301587	57.1748	 443.0
52.5	 -60.6683695381	 169.851425835	 96.9159333333	 286.833333333	58.9948	 393.0
53.0	 -24.2884801412	 143.220164675	 97.5352622222	 286.479365079	82.3536	 376.0
53.5	 -41.2362856306	 199.781438617	 98.1545911111	 286.125396825	72.3796	 411.0
54.0	 -94.9404729562	 187.548885455	 98.77392	 285.771428571	39.4308	 403.0
54.5	 -50.7680027905	 5.73154919803	 99.3932488889	 285.417460317	67.6604	 289.0
55.0	 -107.261699812	 -8.10086040838	 100.012577778	 285.063492063	32.968	 280.0
55.5	 -134.67064662	 -4.33484912762	 100.631906667	 284.70952381	16.4552	 282.0
56.0	 -122.903588704	 2.63087504172	 101.251235556	 284.355555556	24.4296	 286.0
56.5	 -97.0251570078	 -8.00182167612	 101.870564444	 284.001587302	41.2244	 279.0
57.0	 -100.148922933	 13.3626104918	 102.489893333	 283.647619048	39.8912	 292.0
57.5	 -73.2043469024	 -38.8663537775	 103.109222222	 283.293650794	57.3524	 259.0
58.0	 -86.1326730611	 -47.8991940511	 103.728551111	 282.93968254	49.8908	 253.0
58.5	 -92.5790208502	 -7.33648455167	 104.34788	 282.585714286	46.4808	 278.0
59.0	 -32.0374594891	 -59.565448821	 104.967208889	 282.231746032	84.942	 245.0
59.5	 -53.415587444	 1.79539445415	 105.586537778	 281.877777778	72.1988	 283.0
60.0	 -58.0988934314	 -45.6340004823	 106.205866667	 281.523809524	69.8908	 253.0
60.5	 -3.91516157999	 -41.8679892016	 106.825195556	 281.16984127	104.378	 255.0
61.0	 23.8101443958	 33.8915620722	 107.444524444	 280.815873016	122.3272	 302.0
61.5	 -6.55277735019	 -0.738981309981	 108.063853333	 280.461904762	103.968	 280.0
62.0	 -1.10323256209	 -6.57210869495	 108.683182222	 280.107936508	107.9936	 276.0
62.5	 2.62358680681	 6.79304125154	 109.302511111	 279.753968254	110.9424	 284.0
Actin association begins: 18.0
Actin association ends: 49.5
Length of actin association: 31.5
Area under actin curve during patch life: 22549.466548
Cofilin association begins: 23.5
Cofilin association ends: 54.5
Length of cofilin association: 31.0
Delay between actin and cofilin association: 5.5
Area under cofilin curve during patch life: 13605.8191448
Cofilin intensity score: 178.168545188