Time	 Int488	 Int561	 Back488	 Back561	 Raw488	 Raw561
0.0	 0.242637607205	 -0.94632452108	 71.4032	 212.0	71.6596	 211.0
0.5	 -36.4390090971	 -7.65444770848	 70.9602278481	 212.088607595	32.4544	 204.0
1.0	 -20.6602096509	 -4.89932568508	 70.5172556962	 212.17721519	48.6852	 207.0
1.5	 31.5641968108	 -4.03685270385	 70.0742835443	 212.265822785	103.4288	 208.0
2.0	 29.484338425	 16.6984352201	 69.6313113924	 212.35443038	100.788	 230.0
2.5	 7.72547235848	 7.15133846942	 69.1883392405	 212.443037975	77.352	 220.0
3.0	 5.32992011248	 3.28218884526	 68.7453670886	 212.53164557	74.3776	 216.0
3.5	 -22.5921682949	 -4.37225886322	 68.3023949367	 212.620253165	44.4288	 208.0
4.0	 0.514589712739	 -0.67081231874	 67.8594227848	 212.708860759	68.4032	 212.0
4.5	 -6.05463220103	 -17.788505238	 67.4164506329	 212.797468354	61.0184	 194.0
5.0	 7.51620287262	 -2.73116444058	 66.973478481	 212.886075949	74.916	 210.0
5.5	 8.63908519599	 -1.86869145935	 66.5305063291	 212.974683544	75.6596	 211.0
6.0	 -8.9703371105	 5.61805316945	 66.0875341772	 213.063291139	56.6084	 219.0
6.5	 14.767051558	 -15.2849378341	 65.6445620253	 213.151898734	81.2492	 197.0
7.0	 23.1209888119	 1.66505200544	 65.2015898734	 213.240506329	89.634	 215.0
7.5	 24.7291463496	 0.634875944522	 64.7586177215	 213.329113924	90.8904	 214.0
8.0	 17.0924703761	 2.44367344684	 64.3156455696	 213.417721519	82.3776	 216.0
8.5	 14.7211440378	 -5.21077426164	 63.8726734177	 213.506329114	79.4288	 208.0
9.0	 1.13965742286	 1.32964584607	 63.4297012658	 213.594936709	64.634	 215.0
9.5	 45.3324184092	 0.299469785152	 62.9867291139	 213.683544304	110.8904	 214.0
10.0	 1.56545075066	 -8.30130244441	 62.543756962	 213.772151899	64.198	 205.0
10.5	 88.0759516707	 -4.59985589993	 62.1007848101	 213.860759494	155.1724	 209.0
11.0	 68.9622519055	 16.135432024	 61.6578126582	 213.949367089	134.5316	 231.0
11.5	 137.079989434	 10.3736333577	 61.2148405063	 214.037974684	206.07	 225.0
12.0	 188.843346589	 9.34345729673	 60.7718683544	 214.126582278	260.3264	 224.0
12.5	 276.639713268	 -3.04261301714	 60.3288962025	 214.215189873	352.6596	 211.0
13.0	 269.027641732	 31.887542723	 59.8859240506	 214.303797468	344.1728	 248.0
13.5	 323.605368013	 -2.26399157575	 59.4429518987	 214.392405063	401.4032	 212.0
14.0	 414.241086785	 22.2565944325	 58.9999797468	 214.481012658	496.7368	 238.0
14.5	 381.805787472	 17.4411202872	 58.5570075949	 214.569620253	462.0188	 233.0
15.0	 335.83085544	 21.1425668317	 58.114035443	 214.658227848	412.9932	 237.0
15.5	 429.329773684	 41.8778547556	 57.6710632911	 214.746835443	511.3524	 259.0
16.0	 469.979874193	 39.9013541736	 57.2280911392	 214.835443038	553.8652	 257.0
16.5	 459.35849068	 27.5152838597	 56.7851189873	 214.924050633	542.1984	 244.0
17.0	 539.099364506	 53.9285189101	 56.3421468354	 215.012658228	626.0192	 272.0
17.5	 529.497361767	 67.0932106654	 55.8991746835	 215.101265823	615.4296	 286.0
18.0	 560.028981967	 56.5997893937	 55.4562025316	 215.189873418	647.25	 275.0
18.5	 600.0	 86.7983225284	 55.0132303797	 215.278481013	689.0452	 307.0
19.0	 572.490509084	 88.6071200307	 54.5702582278	 215.367088608	659.5324	 309.0
19.5	 472.745417765	 139.624792629	 54.1272860759	 215.455696203	553.6868	 363.0
20.0	 580.802213911	 66.6739529662	 53.6843139241	 215.544303797	667.4296	 286.0
20.5	 547.299460538	 80.7849692425	 53.2413417722	 215.632911392	631.5836	 301.0
21.0	 529.350496993	 104.35923073	 52.7983696203	 215.721518987	612.1736	 326.0
21.5	 544.182593388	 70.207696431	 52.3553974684	 215.810126582	627.404	 290.0
22.0	 541.666290133	 122.171693551	 51.9124253165	 215.898734177	624.302	 345.0
22.5	 571.979498634	 108.839298716	 51.4694531646	 215.987341772	655.8916	 331.0
23.0	 547.018270388	 156.07167323	 51.0264810127	 216.075949367	629.0716	 381.0
23.5	 599.412636734	 167.343715943	 50.5835088608	 216.164556962	683.9948	 393.0
24.0	 572.339969216	 174.830460572	 50.1405367089	 216.253164557	654.9436	 401.0
24.5	 525.758632432	 199.35104658	 49.697564557	 216.341772152	605.2772	 427.0
25.0	 520.257243108	 200.213519561	 49.2545924051	 216.430379747	599.0208	 428.0
25.5	 490.297528742	 252.177516681	 48.8116202532	 216.518987342	566.9188	 483.0
26.0	 572.634738524	 279.537076252	 48.3686481013	 216.607594937	653.4832	 512.0
26.5	 472.985415246	 204.693587547	 47.9256759494	 216.696202532	547.7388	 433.0
27.0	 399.153717553	 125.118476236	 47.4827037975	 216.784810127	469.2764	 349.0
27.5	 223.506964637	 21.8852518989	 47.0397316456	 216.873417722	283.224	 240.0
28.0	 60.6003894832	 35.0499436542	 46.5967594937	 216.962025316	110.6344	 254.0
28.5	 113.819572281	 28.3418204668	 46.1537873418	 217.050632911	166.4292	 247.0
29.0	 116.641296385	 59.4866781225	 45.7108151899	 217.139240506	168.968	 280.0
29.5	 80.6387321571	 20.6035212184	 45.267843038	 217.227848101	130.4804	 239.0
30.0	 115.92620087	 6.3248018624	 44.8248708861	 217.316455696	167.3264	 224.0
30.5	 65.1469685105	 21.3821426598	 44.3818987342	 217.405063291	113.224	 240.0
31.0	 39.1663594905	 43.0637551048	 43.9389265823	 217.493670886	85.3268	 263.0
31.5	 148.705478366	 182.089608164	 43.4959544304	 217.582278481	200.636	 410.0
32.0	 102.341039162	 61.8225424467	 43.0529822785	 217.670886076	151.1988	 283.0
32.5	 53.3571736837	 55.1144192593	 42.6100101266	 217.759493671	98.9936	 276.0
33.0	 42.9788063077	 78.6886807465	 42.1670379747	 217.848101266	87.5836	 301.0
33.5	 21.8747968098	 40.7518483635	 41.7240658228	 217.936708861	64.8396	 261.0
34.0	 -16.6514256511	 -10.4335273147	 41.2810936709	 218.025316456	23.6852	 207.0
34.5	 -13.3932566783	 -10.5173788545	 40.838121519	 218.113924051	26.6852	 207.0
35.0	 5.05455644716	 -18.171826563	 40.3951493671	 218.202531646	45.7364	 199.0
35.5	 -5.97904602726	 -3.11448576558	 39.9521772152	 218.291139241	33.634	 215.0
36.0	 19.4814103292	 2.47960982106	 39.5092050633	 218.379746835	60.0956	 221.0
36.5	 4.1284042108	 -9.90646049282	 39.0662329114	 218.46835443	43.4288	 208.0
37.0	 -8.94358128202	 -9.04398751158	 38.6232607595	 218.556962025	29.1724	 209.0
37.5	 -11.436037159	 2.22805520153	 38.1802886076	 218.64556962	26.0956	 221.0
38.0	 -4.51407817043	 -15.8359622388	 37.7373164557	 218.734177215	32.9672	 202.0
38.5	 30.0216303432	 13.4162463748	 37.2943443038	 218.82278481	69.0188	 233.0
39.0	 -11.4158648742	 10.4934212717	 36.8513721519	 218.911392405	24.788	 230.0
Actin association begins: 6.5
Actin association ends: 33.5
Length of actin association: 27.0
Area under actin curve during patch life: 16458.9525774
Cofilin association begins: 14.0
Cofilin association ends: 33.5
Length of cofilin association: 19.5
Delay between actin and cofilin association: 7.5
Area under cofilin curve during patch life: 3629.7654567
Cofilin intensity score: 237.271386385