Time	 Int488	 Int561	 Back488	 Back561	 Raw488	 Raw561
0.0	 8.76456	 44.6	 84.23424	 738.4	92.9988	 783.0
0.5	 0.904316712329	 40.7424657534	 83.8892832877	 735.257534247	84.7936	 776.0
1.0	 6.04367342466	 -2.11506849315	 83.5443265753	 732.115068493	89.588	 730.0
1.5	 3.13183013699	 -36.9726027397	 83.199369863	 728.97260274	86.3312	 692.0
2.0	 -15.3948131507	 -14.8301369863	 82.8544131507	 725.830136986	67.4596	 711.0
2.5	 5.02734356164	 15.3123287671	 82.5094564384	 722.687671233	87.5368	 738.0
3.0	 -34.780899726	 81.4547945205	 82.164499726	 719.545205479	47.3836	 801.0
3.5	 40.7684569863	 13.597260274	 81.8195430137	 716.402739726	122.588	 730.0
4.0	 -18.3225863014	 6.7397260274	 81.4745863014	 713.260273973	63.152	 720.0
4.5	 -25.695629589	 4.88219178082	 81.129629589	 710.117808219	55.434	 715.0
5.0	 -12.8630728767	 49.0246575342	 80.7846728767	 706.975342466	67.9216	 756.0
5.5	 62.3790838356	 29.1671232877	 80.4397161644	 703.832876712	142.8188	 733.0
6.0	 61.4928405479	 -9.6904109589	 80.0947594521	 700.690410959	141.5876	 691.0
6.5	 74.7613972603	 44.4520547945	 79.7498027397	 697.547945205	154.5112	 742.0
7.0	 86.8755539726	 44.5945205479	 79.4048460274	 694.405479452	166.2804	 739.0
7.5	 107.784510685	 37.7369863014	 79.0598893151	 691.263013699	186.8444	 729.0
8.0	 156.796667397	 92.8794520548	 78.7149326027	 688.120547945	235.5116	 781.0
8.5	 96.0396241096	 151.021917808	 78.3699758904	 684.978082192	174.4096	 836.0
9.0	 136.717380822	 102.164383562	 78.0250191781	 681.835616438	214.7424	 784.0
9.5	 76.4735375342	 197.306849315	 77.6800624658	 678.693150685	154.1536	 876.0
10.0	 151.894494247	 110.449315068	 77.3351057534	 675.550684932	229.2296	 786.0
10.5	 210.905850959	 87.5917808219	 76.9901490411	 672.408219178	287.896	 760.0
11.0	 216.045607671	 83.7342465753	 76.6451923288	 669.265753425	292.6908	 753.0
11.5	 212.724564384	 151.876712329	 76.3002356164	 666.123287671	289.0248	 818.0
12.0	 215.095921096	 229.019178082	 75.9552789041	 662.980821918	291.0512	 892.0
12.5	 302.672477808	 313.161643836	 75.6103221918	 659.838356164	378.2828	 973.0
13.0	 256.813434521	 426.304109589	 75.2653654795	 656.695890411	332.0788	 1083.0
13.5	 274.108791233	 593.446575342	 74.9204087671	 653.553424658	349.0292	 1247.0
14.0	 356.681347945	 287.589041096	 74.5754520548	 650.410958904	431.2568	 938.0
14.5	 369.386304658	 390.731506849	 74.2304953425	 647.268493151	443.6168	 1038.0
15.0	 241.11486137	 294.873972603	 73.8855386301	 644.126027397	315.0004	 939.0
15.5	 182.000618082	 526.016438356	 73.5405819178	 640.983561644	255.5412	 1167.0
16.0	 295.679174795	 555.15890411	 73.1956252055	 637.84109589	368.8748	 1193.0
16.5	 184.330931507	 471.301369863	 72.8506684932	 634.698630137	257.1816	 1106.0
17.0	 164.238688219	 347.443835616	 72.5057117808	 631.556164384	236.7444	 979.0
17.5	 156.431244932	 491.58630137	 72.1607550685	 628.41369863	228.592	 1120.0
18.0	 147.213001644	 582.728767123	 71.8157983562	 625.271232877	219.0288	 1208.0
18.5	 164.118358356	 224.871232877	 71.4708416438	 622.128767123	235.5892	 847.0
19.0	 59.6937150685	 192.01369863	 71.1258849315	 618.98630137	130.8196	 811.0
19.5	 40.5246717808	 80.1561643836	 70.7809282192	 615.843835616	111.3056	 696.0
20.0	 19.8692284932	 44.298630137	 70.4359715068	 612.701369863	90.3052	 657.0
20.5	 -53.2462147945	 158.44109589	 70.0910147945	 609.55890411	16.8448	 768.0
21.0	 -21.4144580822	 124.583561644	 69.7460580822	 606.416438356	48.3316	 731.0
21.5	 1.87809863014	 18.7260273973	 69.4011013699	 603.273972603	71.2792	 622.0
22.0	 -2.18654465753	 85.8684931507	 69.0561446575	 600.131506849	66.8696	 686.0
22.5	 -9.79118794521	 3.01095890411	 68.7111879452	 596.989041096	58.92	 600.0
23.0	 58.6829687671	 103.153424658	 68.3662312329	 593.846575342	127.0492	 697.0
23.5	 -24.4604745205	 -12.704109589	 68.0212745205	 590.704109589	43.5608	 578.0
24.0	 25.5004821918	 50.4383561644	 67.6763178082	 587.561643836	93.1768	 638.0
24.5	 -37.6157610959	 86.5808219178	 67.3313610959	 584.419178082	29.7156	 671.0
25.0	 -40.2704043836	 128.723287671	 66.9864043836	 581.276712329	26.716	 710.0
25.5	 7.17615232877	 37.8657534247	 66.6414476712	 578.134246575	73.8176	 616.0
26.0	 -18.8636909589	 23.0082191781	 66.2964909589	 574.991780822	47.4328	 598.0
26.5	 22.3784657534	 3.15068493151	 65.9515342466	 571.849315068	88.33	 575.0
27.0	 8.41582246575	 15.2931506849	 65.6065775342	 568.706849315	74.0224	 584.0
27.5	 -12.2392208219	 18.4356164384	 65.2616208219	 565.564383562	53.0224	 584.0
28.0	 -10.2534641096	 -0.421917808219	 64.9166641096	 562.421917808	54.6632	 562.0
28.5	 -40.6261073973	 36.7205479452	 64.5717073973	 559.279452055	23.9456	 596.0
29.0	 0.462049315068	 1.86301369863	 64.2267506849	 556.136986301	64.6888	 558.0
29.5	 -21.0641939726	 63.0054794521	 63.8817939726	 552.994520548	42.8176	 616.0
30.0	 2.35716273973	 15.1479452055	 63.5368372603	 549.852054795	65.894	 565.0
30.5	 -2.55388054795	 58.2904109589	 63.1918805479	 546.709589041	60.638	 605.0
31.0	 -1.79892383562	 36.4328767123	 62.8469238356	 543.567123288	61.048	 580.0
31.5	 -11.1979671233	 -0.424657534247	 62.5019671233	 540.424657534	51.304	 540.0
32.0	 13.248989589	 -52.2821917808	 62.157010411	 537.282191781	75.406	 485.0
32.5	 3.64554630137	 -18.1397260274	 61.8120536986	 534.139726027	65.4576	 516.0
33.0	 31.0161030137	 -18.997260274	 61.4670969863	 530.997260274	92.4832	 512.0
33.5	 -33.305740274	 -28.8547945205	 61.122140274	 527.854794521	27.8164	 499.0
34.0	 0.834816438356	 45.2876712329	 60.7771835616	 524.712328767	61.612	 570.0
34.5	 -30.0002268493	 -1.5698630137	 60.4322268493	 521.569863014	30.432	 520.0
35.0	 13.241929863	 -21.4273972603	 60.087270137	 518.42739726	73.3292	 497.0
35.5	 -8.97751342466	 -47.2849315068	 59.7423134247	 515.284931507	50.7648	 468.0
36.0	 19.7266432877	 -22.1424657534	 59.3973567123	 512.142465753	79.124	 490.0
Actin association begins: 5.5
Actin association ends: 20.0
Length of actin association: 14.5
Cofilin association begins: 6.5
Cofilin association ends: 23.0
Length of cofilin association: 16.5
Delay between actin and cofilin association: 1.0
Maximum normalized actin intensity: 369.386304658
Maximum normalized cofilin intensity: 593.446575342