Time	 Int488	 Int561	 Back488	 Back561	 Raw488	 Raw561
0.0	 28.12816	 -4.4	 132.89584	 744.4	161.024	 740.0
0.5	 -52.4135383085	 45.6865671642	 132.873938308	 743.313432836	80.4604	 789.0
1.0	 -1.34123661692	 -39.2268656716	 132.852036617	 742.226865672	131.5108	 703.0
1.5	 10.2706650746	 -13.1402985075	 132.830134925	 741.140298507	143.1008	 728.0
2.0	 15.5749667662	 21.9462686567	 132.808233234	 740.053731343	148.3832	 762.0
2.5	 -49.7611315423	 118.032835821	 132.786331542	 738.967164179	83.0252	 857.0
3.0	 33.4647701493	 9.11940298507	 132.764429851	 737.880597015	166.2292	 747.0
3.5	 37.6662718408	 21.2059701493	 132.742528159	 736.794029851	170.4088	 758.0
4.0	 59.9701735323	 17.2925373134	 132.720626468	 735.707462687	192.6908	 753.0
4.5	 22.7360752239	 58.3791044776	 132.698724776	 734.620895522	155.4348	 793.0
5.0	 -22.4724230846	 95.4656716418	 132.676823085	 733.534328358	110.2044	 829.0
5.5	 1.13987860697	 160.552238806	 132.654921393	 732.447761194	133.7948	 893.0
6.0	 43.6985802985	 -0.361194029851	 132.633019701	 731.36119403	176.3316	 731.0
6.5	 -61.45871801	 28.7253731343	 132.61111801	 730.274626866	71.1524	 759.0
7.0	 27.5119836816	 37.8119402985	 132.589216318	 729.188059701	160.1012	 767.0
7.5	 -7.82571462687	 -22.1014925373	 132.567314627	 728.101492537	124.7416	 706.0
8.0	 58.1961870647	 -21.0149253731	 132.545412935	 727.014925373	190.7416	 706.0
8.5	 30.7316887562	 56.071641791	 132.523511244	 725.928358209	163.2552	 782.0
9.0	 -41.6304095522	 117.158208955	 132.501609552	 724.841791045	90.8712	 842.0
9.5	 2.0570921393	 14.2447761194	 132.479707861	 723.755223881	134.5368	 738.0
10.0	 35.1809938308	 -39.6686567164	 132.457806169	 722.668656716	167.6388	 683.0
10.5	 58.9984955224	 32.4179104478	 132.435904478	 721.582089552	191.4344	 754.0
11.0	 39.2263972139	 118.504477612	 132.414002786	 720.495522388	171.6404	 839.0
11.5	 43.8630989055	 62.5910447761	 132.392101095	 719.408955224	176.2552	 782.0
12.0	 3.96140059701	 12.6776119403	 132.370199403	 718.32238806	136.3316	 731.0
12.5	 12.4965022886	 50.7641791045	 132.348297711	 717.235820896	144.8448	 768.0
13.0	 -23.9167960199	 119.850746269	 132.32639602	 716.149253731	108.4096	 836.0
13.5	 96.3863056716	 37.9373134328	 132.304494328	 715.062686567	228.6908	 753.0
14.0	 -5.38619263682	 85.023880597	 132.282592637	 713.976119403	126.8964	 799.0
14.5	 67.5585090547	 59.1104477612	 132.260690945	 712.889552239	199.8192	 772.0
15.0	 28.9144107463	 125.197014925	 132.238789254	 711.802985075	161.1532	 837.0
15.5	 60.3467124378	 140.28358209	 132.216887562	 710.71641791	192.5636	 851.0
16.0	 88.5226141294	 156.370149254	 132.194985871	 709.629850746	220.7176	 866.0
16.5	 62.1601158209	 178.456716418	 132.173084179	 708.543283582	194.3332	 887.0
17.0	 83.3388175124	 467.543283582	 132.151182488	 707.456716418	215.49	 1175.0
17.5	 9.02431920398	 169.629850746	 132.129280796	 706.370149254	141.1536	 876.0
18.0	 70.6598208955	 -3.28358208955	 132.107379104	 705.28358209	202.7672	 702.0
18.5	 63.2197225871	 -47.1970149254	 132.085477413	 704.197014925	195.3052	 657.0
19.0	 47.3700242786	 -27.1104477612	 132.063575721	 703.110447761	179.4336	 676.0
19.5	 108.44312597	 -34.023880597	 132.04167403	 702.023880597	240.4848	 668.0
20.0	 75.9522276617	 -30.9373134328	 132.019772338	 700.937313433	207.972	 670.0
20.5	 46.3333293532	 -7.85074626866	 131.997870647	 699.850746269	178.3312	 692.0
21.0	 139.919631045	 22.2358208955	 131.975968955	 698.764179104	271.8956	 721.0
21.5	 123.276332736	 166.32238806	 131.954067264	 697.67761194	255.2304	 864.0
22.0	 161.991034428	 215.408955224	 131.932165572	 696.591044776	293.9232	 912.0
22.5	 209.474136119	 183.495522388	 131.910263881	 695.504477612	341.3844	 879.0
23.0	 262.854437811	 128.582089552	 131.888362189	 694.417910448	394.7428	 823.0
23.5	 202.185539502	 276.668656716	 131.866460498	 693.331343284	334.052	 970.0
24.0	 259.873441194	 212.755223881	 131.844558806	 692.244776119	391.718	 905.0
24.5	 287.126142886	 216.841791045	 131.822657114	 691.158208955	418.9488	 908.0
25.0	 357.532444577	 196.928358209	 131.800755423	 690.071641791	489.3332	 887.0
25.5	 344.427146269	 296.014925373	 131.778853731	 688.985074627	476.206	 985.0
26.0	 329.75664796	 288.101492537	 131.75695204	 687.898507463	461.5136	 976.0
26.5	 420.521349652	 212.188059701	 131.735050348	 686.811940299	552.2564	 899.0
27.0	 506.800051343	 251.274626866	 131.713148657	 685.725373134	638.5132	 937.0
27.5	 393.386353035	 281.36119403	 131.691246965	 684.63880597	525.0776	 966.0
28.0	 458.228654726	 271.447761194	 131.669345274	 683.552238806	589.898	 955.0
28.5	 400.301356418	 225.534328358	 131.647443582	 682.465671642	531.9488	 908.0
29.0	 459.810458109	 228.620895522	 131.625541891	 681.379104478	591.436	 910.0
29.5	 553.165959801	 255.707462687	 131.603640199	 680.292537313	684.7696	 936.0
30.0	 585.419061493	 298.794029851	 131.581738507	 679.205970149	717.0008	 978.0
30.5	 488.646563184	 345.880597015	 131.559836816	 678.119402985	620.2064	 1024.0
31.0	 437.181264876	 344.967164179	 131.537935124	 677.032835821	568.7192	 1022.0
31.5	 423.383166567	 396.053731343	 131.516033433	 675.946268657	554.8992	 1072.0
32.0	 390.866268259	 364.140298507	 131.494131741	 674.859701493	522.3604	 1039.0
32.5	 507.29816995	 340.226865672	 131.47223005	 673.773134328	638.7704	 1014.0
33.0	 508.756871642	 429.313432836	 131.450328358	 672.686567164	640.2072	 1102.0
33.5	 615.341573333	 303.4	 131.428426667	 671.6	746.77	 975.0
34.0	 501.159075025	 375.486567164	 131.406524975	 670.513432836	632.5656	 1046.0
34.5	 606.745376716	 405.573134328	 131.384623284	 669.426865672	738.13	 1075.0
35.0	 617.254078408	 369.659701493	 131.362721592	 668.340298507	748.6168	 1038.0
35.5	 551.7391801	 532.746268657	 131.3408199	 667.253731343	683.08	 1200.0
36.0	 597.427881791	 546.832835821	 131.318918209	 666.167164179	728.7468	 1213.0
36.5	 671.936583483	 510.919402985	 131.297016517	 665.080597015	803.2336	 1176.0
37.0	 737.445285174	 475.005970149	 131.275114826	 663.994029851	868.7204	 1139.0
37.5	 679.032386866	 583.092537313	 131.253213134	 662.907462687	810.2856	 1246.0
38.0	 631.232688557	 478.179104478	 131.231311443	 661.820895522	762.464	 1140.0
38.5	 711.922590249	 609.265671642	 131.209409751	 660.734328358	843.132	 1270.0
39.0	 640.61129194	 623.352238806	 131.18750806	 659.647761194	771.7988	 1283.0
39.5	 606.761193632	 604.43880597	 131.165606368	 658.56119403	737.9268	 1263.0
40.0	 679.911895323	 663.525373134	 131.143704677	 657.474626866	811.0556	 1321.0
40.5	 673.037797015	 804.611940299	 131.121802985	 656.388059701	804.1596	 1461.0
41.0	 626.136898706	 832.698507463	 131.099901294	 655.301492537	757.2368	 1488.0
41.5	 687.825600398	 846.785074627	 131.077999602	 654.214925373	818.9036	 1501.0
42.0	 694.56590209	 891.871641791	 131.05609791	 653.128358209	825.622	 1545.0
42.5	 577.588203781	 931.958208955	 131.034196219	 652.041791045	708.6224	 1584.0
43.0	 545.558105473	 863.044776119	 131.012294527	 650.955223881	676.5704	 1514.0
43.5	 494.220407164	 803.131343284	 130.990392836	 649.868656716	625.2108	 1453.0
44.0	 490.576308856	 869.217910448	 130.968491144	 648.782089552	621.5448	 1518.0
44.5	 555.957410547	 892.304477612	 130.946589453	 647.695522388	686.904	 1540.0
45.0	 389.824512239	 800.391044776	 130.924687761	 646.608955224	520.7492	 1447.0
45.5	 405.64161393	 833.47761194	 130.90278607	 645.52238806	536.5444	 1479.0
46.0	 489.023115622	 895.564179104	 130.880884378	 644.435820896	619.904	 1540.0
46.5	 309.273817313	 704.650746269	 130.858982687	 643.349253731	440.1328	 1348.0
47.0	 242.245319005	 791.737313433	 130.837080995	 642.262686567	373.0824	 1434.0
47.5	 428.984820697	 758.823880597	 130.815179303	 641.176119403	559.8	 1400.0
48.0	 316.826322388	 670.910447761	 130.793277612	 640.089552239	447.6196	 1311.0
48.5	 195.97542408	 573.997014925	 130.77137592	 639.002985075	326.7468	 1213.0
49.0	 168.457325771	 425.08358209	 130.749474229	 637.91641791	299.2068	 1063.0
49.5	 193.992027463	 424.170149254	 130.727572537	 636.829850746	324.7196	 1061.0
50.0	 136.090329154	 374.256716418	 130.705670846	 635.743283582	266.796	 1010.0
50.5	 166.395030846	 448.343283582	 130.683769154	 634.656716418	297.0788	 1083.0
51.0	 120.750532537	 475.429850746	 130.661867463	 633.570149254	251.4124	 1109.0
51.5	 85.5408342289	 395.51641791	 130.639965771	 632.48358209	216.1808	 1028.0
52.0	 93.4091359204	 420.602985075	 130.61806408	 631.397014925	224.0272	 1052.0
52.5	 96.9682376119	 298.689552239	 130.596162388	 630.310447761	227.5644	 929.0
53.0	 57.0161393035	 334.776119403	 130.574260697	 629.223880597	187.5904	 964.0
53.5	 44.960840995	 308.862686567	 130.552359005	 628.137313433	175.5132	 937.0
54.0	 6.64914268657	 283.949253731	 130.530457313	 627.050746269	137.1796	 911.0
54.5	 31.2602443781	 232.035820896	 130.508555622	 625.964179104	161.7688	 858.0
55.0	 -48.1282539303	 219.12238806	 130.48665393	 624.87761194	82.3584	 844.0
55.5	 -29.7219522388	 199.208955224	 130.464752239	 623.791044776	100.7428	 823.0
56.0	 -35.7256505473	 204.295522388	 130.442850547	 622.704477612	94.7172	 827.0
56.5	 -31.6777488557	 240.382089552	 130.420948856	 621.617910448	98.7432	 862.0
57.0	 -65.2714471642	 220.468656716	 130.399047164	 620.531343284	65.1276	 841.0
57.5	 -36.6091454726	 160.555223881	 130.377145473	 619.444776119	93.768	 780.0
58.0	 -44.2536437811	 187.641791045	 130.355243781	 618.358208955	86.1016	 806.0
58.5	 39.7674579104	 110.728358209	 130.33334209	 617.271641791	170.1008	 728.0
59.0	 -57.671040398	 222.814925373	 130.311440398	 616.185074627	72.6404	 839.0
59.5	 -45.5727387065	 172.901492537	 130.289538706	 615.098507463	84.7168	 788.0
60.0	 1.32076298507	 154.988059701	 130.267637015	 614.011940299	131.5884	 769.0
60.5	 -96.1957353234	 162.074626866	 130.245735323	 612.925373134	34.05	 775.0
61.0	 -45.7382336318	 134.16119403	 130.223833632	 611.83880597	84.4856	 746.0
61.5	 -79.1775319403	 168.247761194	 130.20193194	 610.752238806	51.0244	 779.0
62.0	 -37.5392302488	 268.334328358	 130.180030249	 609.665671642	92.6408	 878.0
62.5	 -100.927328557	 294.420895522	 130.158128557	 608.579104478	29.2308	 903.0
63.0	 -35.7518268657	 271.507462687	 130.136226866	 607.492537313	94.3844	 879.0
63.5	 -78.0375251741	 281.594029851	 130.114325174	 606.405970149	52.0768	 888.0
64.0	 -21.9144234826	 149.680597015	 130.092423483	 605.319402985	108.178	 755.0
64.5	 -85.147721791	 268.767164179	 130.070521791	 604.232835821	44.9228	 873.0
65.0	 -57.5114200995	 173.853731343	 130.0486201	 603.146268657	72.5372	 777.0
65.5	 -90.463918408	 170.940298507	 130.026718408	 602.059701493	39.5628	 773.0
66.0	 -91.4168167164	 129.026865672	 130.004816716	 600.973134328	38.588	 730.0
66.5	 -71.4213150249	 56.1134328358	 129.982915025	 599.886567164	58.5616	 656.0
67.0	 -61.4002133333	 -20.8	 129.961013333	 598.8	68.5608	 578.0
67.5	 -104.403911642	 -15.7134328358	 129.939111642	 597.713432836	25.5352	 582.0
68.0	 -67.4848099502	 -37.6268656716	 129.91720995	 596.626865672	62.4324	 559.0
68.5	 -87.3085082587	 17.4597014925	 129.895308259	 595.540298507	42.5868	 613.0
69.0	 -111.568206567	 62.5462686567	 129.873406567	 594.453731343	18.3052	 657.0
69.5	 -44.9063048756	 -36.3671641791	 129.851504876	 593.367164179	84.9452	 557.0
70.0	 -66.6532031841	 6.71940298507	 129.829603184	 592.280597015	63.1764	 599.0
70.5	 -102.759701493	 -11.1940298507	 129.807701493	 591.194029851	27.048	 580.0
71.0	 -53.584199801	 -34.1074626866	 129.785799801	 590.107462687	76.2016	 556.0
71.5	 -64.5878981095	 -29.0208955224	 129.763898109	 589.020895522	65.176	 560.0
72.0	 -43.1815964179	 -48.9343283582	 129.741996418	 587.934328358	86.5604	 539.0
72.5	 -114.338094726	 58.152238806	 129.720094726	 586.847761194	15.382	 645.0
73.0	 -77.2397930348	 8.23880597015	 129.698193035	 585.76119403	52.4584	 594.0
73.5	 -84.9362913433	 -34.6746268657	 129.676291343	 584.674626866	44.74	 550.0
74.0	 -118.657989652	 -34.5880597015	 129.654389652	 583.588059701	10.9964	 549.0
74.5	 -114.89208796	 6.49850746269	 129.63248796	 582.501492537	14.7404	 589.0
75.0	 -72.9733862687	 -54.4149253731	 129.610586269	 581.414925373	56.6372	 527.0
75.5	 -85.7714845771	 -3.32835820896	 129.588684577	 580.328358209	43.8172	 577.0
76.0	 -88.4675828856	 -7.24179104478	 129.566782886	 579.241791045	41.0992	 572.0
76.5	 -101.804881194	 -28.1552238806	 129.544881194	 578.155223881	27.74	 550.0
77.0	 -102.424179502	 -44.0686567164	 129.522979502	 577.068656716	27.0988	 533.0
77.5	 -65.7094778109	 5.01791044776	 129.501077811	 575.982089552	63.7916	 581.0
78.0	 -64.5851761194	 -9.89552238806	 129.479176119	 574.895522388	64.894	 565.0
78.5	 -108.024474428	 24.1910447761	 129.457274428	 573.808955224	21.4328	 598.0
79.0	 -67.3105727363	 -4.7223880597	 129.435372736	 572.72238806	62.1248	 568.0
79.5	 -73.7242710448	 25.3641791045	 129.413471045	 571.635820896	55.6892	 597.0
80.0	 -127.292369353	 1.45074626866	 129.391569353	 570.549253731	2.0992	 572.0
80.5	 -7.88646766169	 -57.4626865672	 129.369667662	 569.462686567	121.4832	 512.0
81.0	 -54.0693659701	 -24.376119403	 129.34776597	 568.376119403	75.2784	 544.0
81.5	 -80.1242642786	 -11.2895522388	 129.325864279	 567.289552239	49.2016	 556.0
82.0	 -88.6659625871	 38.7970149254	 129.303962587	 566.202985075	40.638	 605.0
82.5	 -78.0036608955	 -21.1164179104	 129.282060896	 565.11641791	51.2784	 544.0
83.0	 -57.340959204	 -42.0298507463	 129.260159204	 564.029850746	71.9192	 522.0
83.5	 -72.3194575124	 -79.9432835821	 129.238257512	 562.943283582	56.9188	 483.0
84.0	 -62.0667558209	 -75.8567164179	 129.216355821	 561.856716418	67.1496	 486.0
84.5	 -52.9932541294	 -43.7701492537	 129.194454129	 560.770149254	76.2012	 517.0
85.0	 -75.0737524378	 -26.6835820896	 129.172552438	 559.68358209	54.0988	 533.0
85.5	 -62.3850507463	 -12.5970149254	 129.150650746	 558.597014925	66.7656	 546.0
86.0	 -86.6711490547	 -41.5104477612	 129.128749055	 557.510447761	42.4576	 516.0
86.5	 -65.2132473632	 -30.423880597	 129.106847363	 556.423880597	63.8936	 526.0
87.0	 -12.4225456716	 -71.3373134328	 129.084945672	 555.337313433	116.6624	 484.0
87.5	 -58.2206439801	 -20.2507462687	 129.06304398	 554.250746269	70.8424	 534.0
88.0	 -57.0451422886	 -43.1641791045	 129.041142289	 553.164179104	71.996	 510.0
88.5	 -49.023640597	 -81.0776119403	 129.019240597	 552.07761194	79.9956	 471.0
89.0	 -56.6425389055	 -57.9910447761	 128.997338905	 550.991044776	72.3548	 493.0
89.5	 -99.3642372139	 -57.9044776119	 128.975437214	 549.904477612	29.6112	 492.0
90.0	 -78.1111355224	 -14.8179104478	 128.953535522	 548.817910448	50.8424	 534.0
90.5	 -92.4484338308	 -35.7313432836	 128.931633831	 547.731343284	36.4832	 512.0
91.0	 -40.8885321393	 -79.6447761194	 128.909732139	 546.644776119	88.0212	 467.0
91.5	 -6.19943044776	 -26.5582089552	 128.887830448	 545.558208955	122.6884	 519.0
92.0	 -53.8447287562	 -77.471641791	 128.865928756	 544.471641791	75.0212	 467.0
92.5	 -54.7452270647	 -10.3850746269	 128.844027065	 543.385074627	74.0988	 533.0
93.0	 -55.1085253731	 -66.2985074627	 128.822125373	 542.298507463	73.7136	 476.0
93.5	 -5.36822368159	 -21.2119402985	 128.800223682	 541.211940299	123.432	 520.0
94.0	 -80.32032199	 14.8746268657	 128.77832199	 540.125373134	48.458	 555.0
94.5	 -54.7348202985	 -33.0388059701	 128.756420299	 539.03880597	74.0216	 506.0
95.0	 -34.943718607	 -34.952238806	 128.734518607	 537.952238806	93.7908	 503.0
95.5	 -39.3062169154	 -12.8656716418	 128.712616915	 536.865671642	89.4064	 524.0
96.0	 -41.8227152239	 -5.77910447761	 128.690715224	 535.779104478	86.868	 530.0
96.5	 -29.9036135323	 -27.6925373134	 128.668813532	 534.692537313	98.7652	 507.0
97.0	 -44.2405118408	 -9.60597014925	 128.646911841	 533.605970149	84.4064	 524.0
97.5	 -20.0902101493	 10.4805970149	 128.625010149	 532.519402985	108.5348	 543.0
98.0	 -25.2223084577	 -3.4328358209	 128.603108458	 531.432835821	103.3808	 528.0
98.5	 67.9015932338	 -57.3462686567	 128.581206766	 530.346268657	196.4828	 473.0
99.0	 -22.1529050746	 -5.25970149254	 128.559305075	 529.259701493	106.4064	 524.0
99.5	 -10.9258033831	 2.82686567164	 128.537403383	 528.173134328	117.6116	 531.0
100.0	 -9.92910169154	 46.9134328358	 128.515501692	 527.086567164	118.5864	 574.0
Actin association begins: 14.5
Actin association ends: 54.5
Length of actin association: 40.0
Cofilin association begins: 21.0
Cofilin association ends: 66.5
Length of cofilin association: 45.5
Delay between actin and cofilin association: 6.5
Maximum normalized actin intensity: 737.445285174
Maximum normalized cofilin intensity: 931.958208955