Time	 Int488	 Int561	 Back488	 Back561	 Raw488	 Raw561
0.0	 -29.64568	 46.2	 93.38448	 386.8	63.7388	 433.0
0.5	 -9.7003015	 20.60375	 93.1055015	 386.39625	83.4052	 407.0
1.0	 18.347077	 -59.9925	 92.826523	 385.9925	111.1736	 326.0
1.5	 23.8316555	 -13.58875	 92.5475445	 385.58875	116.3792	 372.0
2.0	 -0.042966	 10.815	 92.268566	 385.185	92.2256	 396.0
2.5	 -5.6871875	 -0.78125	 91.9895875	 384.78125	86.3024	 384.0
3.0	 77.720191	 18.6225	 91.710609	 384.3775	169.4308	 403.0
3.5	 25.7939695	 12.02625	 91.4316305	 383.97375	117.2256	 396.0
4.0	 -1.542652	 -8.57	 91.152652	 383.57	89.61	 375.0
4.5	 17.3771265	 -30.16625	 90.8736735	 383.16625	108.2508	 353.0
5.0	 -21.394295	 56.2375	 90.594695	 382.7625	69.2004	 439.0
5.5	 -7.3465165	 14.64125	 90.3157165	 382.35875	82.9692	 397.0
6.0	 43.855662	 27.045	 90.036738	 381.955	133.8924	 409.0
6.5	 49.4166405	 22.44875	 89.7577595	 381.55125	139.1744	 404.0
7.0	 -2.970781	 48.8525	 89.478781	 381.1475	86.508	 430.0
7.5	 12.1793975	 -8.74375	 89.1998025	 380.74375	101.3792	 372.0
8.0	 8.663976	 37.66	 88.920824	 380.34	97.5848	 418.0
8.5	 39.1221545	 10.06375	 88.6418455	 379.93625	127.764	 390.0
9.0	 34.709133	 40.4675	 88.362867	 379.5325	123.072	 420.0
9.5	 20.4749115	 3.87125	 88.0838885	 379.12875	108.5588	 383.0
10.0	 27.03589	 -0.725	 87.80491	 378.725	114.8408	 378.0
10.5	 -0.0183315	 12.67875	 87.5259315	 378.32125	87.5076	 391.0
11.0	 -38.508553	 16.0825	 87.246953	 377.9175	48.7384	 394.0
11.5	 6.4628255	 25.48625	 86.9679745	 377.51375	93.4308	 403.0
12.0	 33.972204	 -10.11	 86.688996	 377.11	120.6612	 367.0
12.5	 26.0975825	 14.29375	 86.4100175	 376.70625	112.5076	 391.0
13.0	 55.299361	 -12.3025	 86.131039	 376.3025	141.4304	 364.0
13.5	 24.9379395	 49.10125	 85.8520605	 375.89875	110.79	 425.0
14.0	 -2.065482	 15.505	 85.573082	 375.495	83.5076	 391.0
14.5	 -10.6585035	 -4.09125	 85.2941035	 375.09125	74.6356	 371.0
15.0	 52.261675	 13.3125	 85.015125	 374.6875	137.2768	 388.0
15.5	 123.6438535	 75.71625	 84.7361465	 374.28375	208.38	 450.0
16.0	 92.974032	 68.12	 84.457168	 373.88	177.4312	 442.0
16.5	 107.7918105	 101.52375	 84.1781895	 373.47625	191.97	 475.0
17.0	 13.967589	 39.9275	 83.899211	 373.0725	97.8668	 413.0
17.5	 101.9385675	 10.33125	 83.6202325	 372.66875	185.5588	 383.0
18.0	 108.601946	 -10.265	 83.341254	 372.265	191.9432	 362.0
18.5	 79.7785245	 6.13875	 83.0622755	 371.86125	162.8408	 378.0
19.0	 85.262703	 13.5425	 82.783297	 371.4575	168.046	 385.0
19.5	 111.1828815	 30.94625	 82.5043185	 371.05375	193.6872	 402.0
20.0	 94.82066	 14.35	 82.22534	 370.65	177.046	 385.0
20.5	 155.8176385	 19.75375	 81.9463615	 370.24625	237.764	 390.0
21.0	 74.096217	 -18.8425	 81.667383	 369.8425	155.7636	 351.0
21.5	 155.4519955	 -30.43875	 81.3884045	 369.43875	236.8404	 339.0
22.0	 124.961774	 -27.035	 81.109426	 369.035	206.0712	 342.0
22.5	 118.6255525	 -8.63125	 80.8304475	 368.63125	199.456	 360.0
23.0	 155.083731	 -36.2275	 80.551469	 368.2275	235.6352	 332.0
23.5	 126.5679095	 -28.82375	 80.2724905	 367.82375	206.8404	 339.0
24.0	 143.103288	 -29.42	 79.993512	 367.42	223.0968	 338.0
24.5	 128.5874665	 -22.01625	 79.7145335	 367.01625	208.302	 345.0
25.0	 165.020045	 -45.6125	 79.435555	 366.6125	244.4556	 321.0
25.5	 112.5302235	 -3.20875	 79.1565765	 366.20875	191.6868	 363.0
26.0	 180.809202	 -2.805	 78.877598	 365.805	259.6868	 363.0
26.5	 157.1649805	 -14.40125	 78.5986195	 365.40125	235.7636	 351.0
27.0	 167.059159	 -31.9975	 78.319641	 364.9975	245.3788	 333.0
27.5	 116.9285375	 32.40625	 78.0406625	 364.59375	194.9692	 397.0
28.0	 187.591916	 11.81	 77.761684	 364.19	265.3536	 376.0
28.5	 210.2036945	 -39.78625	 77.4827055	 363.78625	287.6864	 324.0
29.0	 186.277873	 -7.3825	 77.203727	 363.3825	263.4816	 356.0
29.5	 183.1468515	 18.02125	 76.9247485	 362.97875	260.0716	 381.0
30.0	 193.75903	 5.425	 76.64577	 362.575	270.4048	 368.0
30.5	 195.2428085	 -26.17125	 76.3667915	 362.17125	271.6096	 336.0
31.0	 172.855387	 0.2325	 76.087813	 361.7675	248.9432	 362.0
31.5	 195.6471655	 -1.36375	 75.8088345	 361.36375	271.456	 360.0
32.0	 138.618544	 8.04	 75.529856	 360.96	214.1484	 369.0
32.5	 213.8203225	 -18.55625	 75.2508775	 360.55625	289.0712	 342.0
33.0	 190.073701	 -14.1525	 74.971899	 360.1525	265.0456	 346.0
33.5	 205.8914795	 19.25125	 74.6929205	 359.74875	280.5844	 379.0
34.0	 179.118858	 -11.345	 74.413942	 359.345	253.5328	 348.0
34.5	 154.7310365	 -23.94125	 74.1349635	 358.94125	228.866	 335.0
35.0	 212.497215	 -21.5375	 73.855985	 358.5375	286.3532	 337.0
35.5	 201.0841935	 8.86625	 73.5770065	 358.13375	274.6612	 367.0
36.0	 268.567972	 -22.73	 73.298028	 357.73	341.866	 335.0
36.5	 258.7449505	 32.67375	 73.0190495	 357.32625	331.764	 390.0
37.0	 143.664729	 11.0775	 72.740071	 356.9225	216.4048	 368.0
37.5	 262.8161075	 70.48125	 72.4610925	 356.51875	335.2772	 427.0
38.0	 269.453886	 53.885	 72.182114	 356.115	341.636	 410.0
38.5	 318.1684645	 25.28875	 71.9031355	 355.71125	390.0716	 381.0
39.0	 248.985843	 19.6925	 71.624157	 355.3075	320.61	 375.0
39.5	 293.4436215	 -46.90375	 71.3451785	 354.90375	364.7888	 308.0
40.0	 297.5694	 16.5	 71.0662	 354.5	368.6356	 371.0
40.5	 298.4639785	 37.90375	 70.7872215	 354.09625	369.2512	 392.0
41.0	 339.666157	 50.3075	 70.508243	 353.6925	410.1744	 404.0
41.5	 314.4067355	 56.71125	 70.2292645	 353.28875	384.636	 410.0
42.0	 282.685714	 57.115	 69.950286	 352.885	352.636	 410.0
42.5	 329.1438925	 29.51875	 69.6713075	 352.48125	398.8152	 382.0
43.0	 339.499671	 17.9225	 69.392329	 352.0775	408.892	 370.0
43.5	 259.9582495	 29.32625	 69.1133505	 351.67375	329.0716	 381.0
44.0	 319.057628	 18.73	 68.834372	 351.27	387.892	 370.0
44.5	 357.8754065	 52.13375	 68.5553935	 350.86625	426.4308	 403.0
45.0	 289.077185	 25.5375	 68.276415	 350.4625	357.3536	 376.0
45.5	 273.6637635	 16.94125	 67.9974365	 350.05875	341.6612	 367.0
46.0	 370.993942	 9.345	 67.718458	 349.655	438.7124	 359.0
46.5	 327.5041205	 51.74875	 67.4394795	 349.25125	394.9436	 401.0
47.0	 340.629099	 37.1525	 67.160501	 348.8475	407.7896	 386.0
47.5	 278.4720775	 27.55625	 66.8815225	 348.44375	345.3536	 376.0
48.0	 303.931056	 77.96	 66.602544	 348.04	370.5336	 426.0
48.5	 366.1580345	 8.36375	 66.3235655	 347.63625	432.4816	 356.0
49.0	 374.719413	 42.7675	 66.044587	 347.2325	440.764	 390.0
49.5	 460.5627915	 72.17125	 65.7656085	 346.82875	526.3284	 419.0
50.0	 446.14977	 102.575	 65.48663	 346.425	511.6364	 449.0
50.5	 451.4539485	 59.97875	 65.2076515	 346.02125	516.6616	 406.0
51.0	 415.963727	 63.3825	 64.928673	 345.6175	480.8924	 409.0
51.5	 382.2683055	 59.78625	 64.6496945	 345.21375	446.918	 405.0
52.0	 303.111284	 50.19	 64.370716	 344.81	367.482	 395.0
52.5	 296.0054625	 32.59375	 64.0917375	 344.40625	360.0972	 377.0
53.0	 401.079641	 64.9975	 63.812759	 344.0025	464.8924	 409.0
53.5	 314.4866195	 45.40125	 63.5337805	 343.59875	378.0204	 389.0
54.0	 372.560398	 38.805	 63.254802	 343.195	435.8152	 382.0
54.5	 333.4041765	 107.20875	 62.9758235	 342.79125	396.38	 450.0
55.0	 332.913955	 110.6125	 62.696845	 342.3875	395.6108	 453.0
55.5	 309.5005335	 102.01625	 62.4178665	 341.98375	371.9184	 444.0
56.0	 301.727512	 32.42	 62.138888	 341.58	363.8664	 374.0
56.5	 300.5964905	 57.82375	 61.8599095	 341.17625	362.4564	 399.0
57.0	 277.029869	 112.2275	 61.580931	 340.7725	338.6108	 453.0
57.5	 322.5136475	 80.63125	 61.3019525	 340.36875	383.8156	 421.0
58.0	 292.151426	 64.035	 61.022974	 339.965	353.1744	 404.0
58.5	 345.8408045	 78.43875	 60.7439955	 339.56125	406.5848	 418.0
59.0	 329.710183	 142.8425	 60.465017	 339.1575	390.1752	 482.0
59.5	 284.7583615	 140.24625	 60.1860385	 338.75375	344.9444	 479.0
60.0	 315.08854	 132.65	 59.90706	 338.35	374.9956	 471.0
60.5	 281.4699185	 117.05375	 59.6280815	 337.94625	341.098	 455.0
61.0	 237.902897	 132.4575	 59.349103	 337.5425	297.252	 470.0
61.5	 271.6174755	 103.86125	 59.0701245	 337.13875	330.6876	 441.0
62.0	 251.434854	 98.265	 58.791146	 336.735	310.226	 435.0
62.5	 209.3806325	 111.66875	 58.5121675	 336.33125	267.8928	 448.0
63.0	 232.941611	 107.0725	 58.233189	 335.9275	291.1748	 443.0
63.5	 222.3233895	 130.47625	 57.9542105	 335.52375	280.2776	 466.0
64.0	 226.832768	 94.88	 57.675232	 335.12	284.508	 430.0
64.5	 228.6245465	 93.28375	 57.3962535	 334.71625	286.0208	 428.0
65.0	 198.800725	 70.6875	 57.117275	 334.3125	255.918	 405.0
65.5	 223.8745035	 64.09125	 56.8382965	 333.90875	280.7128	 398.0
66.0	 224.666682	 101.495	 56.559318	 333.505	281.226	 435.0
66.5	 168.9464605	 179.89875	 56.2803395	 333.10125	225.2268	 513.0
67.0	 189.788239	 53.3025	 56.001361	 332.6975	245.7896	 386.0
67.5	 133.3488175	 9.70625	 55.7223825	 332.29375	189.0712	 342.0
68.0	 20.216996	 -42.89	 55.443404	 331.89	75.6604	 289.0
68.5	 -5.5044255	 -81.48625	 55.1644255	 331.48625	49.66	 250.0
69.0	 9.672153	 -65.0825	 54.885447	 331.0825	64.5576	 266.0
69.5	 -21.3564685	 -55.67875	 54.6064685	 330.67875	33.25	 275.0
70.0	 18.17891	 -56.275	 54.32749	 330.275	72.5064	 274.0
70.5	 7.1758885	 -50.87125	 54.0485115	 329.87125	61.2244	 279.0
71.0	 51.788467	 -24.4675	 53.769533	 329.4675	105.558	 305.0
71.5	 27.5542455	 -61.06375	 53.4905545	 329.06375	81.0448	 268.0
72.0	 -30.397176	 -24.66	 53.211576	 328.66	22.8144	 304.0
72.5	 -30.4773975	 -46.25625	 52.9325975	 328.25625	22.4552	 282.0
73.0	 -14.839619	 -62.8525	 52.653619	 327.8525	37.814	 265.0
73.5	 -19.2786405	 -67.44875	 52.3746405	 327.44875	33.096	 260.0
74.0	 -11.691662	 -37.045	 52.095662	 327.045	40.404	 290.0
74.5	 -16.3870835	 -40.64125	 51.8166835	 326.64125	35.4296	 286.0
75.0	 -36.620905	 -38.2375	 51.537705	 326.2375	14.9168	 288.0
75.5	 -14.5983265	 -36.83375	 51.2587265	 325.83375	36.6604	 289.0
76.0	 1.526252	 -90.43	 50.979748	 325.43	52.506	 235.0
76.5	 -47.7327695	 -45.02625	 50.7007695	 325.02625	2.968	 280.0
77.0	 -39.197791	 -84.6225	 50.421791	 324.6225	11.224	 240.0
77.5	 -36.1236125	 -52.21875	 50.1428125	 324.21875	14.0192	 272.0
78.0	 -11.537034	 -60.815	 49.863834	 323.815	38.3268	 263.0
78.5	 -1.1292555	 -2.41125	 49.5848555	 323.41125	48.4556	 321.0
79.0	 24.380523	 0.9925	 49.305877	 323.0075	73.6864	 324.0
79.5	 20.2247015	 108.39625	 49.0268985	 322.60375	69.2516	 431.0
Actin association begins: 15.0
Actin association ends: 68.0
Length of actin association: 53.0
Cofilin association begins: 40.0
Cofilin association ends: 67.5
Length of cofilin association: 27.5
Delay between actin and cofilin association: 25.0
Maximum normalized actin intensity: 460.5627915
Maximum normalized cofilin intensity: 179.89875