Time	 Int488	 Int561	 Back488	 Back561	 Raw488	 Raw561
0.0	 -0.45104	 23.6	 38.44464	 252.4	37.9936	 276.0
0.5	 -10.1827154286	 -5.23047619048	 38.6119154286	 252.23047619	28.4292	 247.0
1.0	 17.4192091429	 -8.06095238095	 38.7791908571	 252.060952381	56.1984	 244.0
1.5	 -4.59406628571	 7.10857142857	 38.9464662857	 251.891428571	34.3524	 259.0
2.0	 -3.86414171429	 -15.7219047619	 39.1137417143	 251.721904762	35.2496	 236.0
2.5	 10.2509828571	 18.4476190476	 39.2810171429	 251.552380952	49.532	 270.0
3.0	 28.5705074286	 -18.3828571429	 39.4482925714	 251.382857143	68.0188	 233.0
3.5	 -2.340368	 -19.2133333333	 39.615568	 251.213333333	37.2752	 232.0
4.0	 22.7743565714	 -24.0438095238	 39.7828434286	 251.043809524	62.5572	 227.0
4.5	 22.4278811429	 4.12571428571	 39.9501188571	 250.874285714	62.378	 255.0
5.0	 29.6706057143	 -20.7047619048	 40.1173942857	 250.704761905	69.788	 230.0
5.5	 48.7341302857	 -17.5352380952	 40.2846697143	 250.535238095	89.0188	 233.0
6.0	 56.1308548571	 -27.3657142857	 40.4519451429	 250.365714286	96.5828	 223.0
6.5	 67.0151794286	 3.80380952381	 40.6192205714	 250.196190476	107.6344	 254.0
7.0	 67.694304	 27.9733333333	 40.786496	 250.026666667	108.4808	 278.0
7.5	 136.501028571	 -6.85714285714	 40.9537714286	 249.857142857	177.4548	 243.0
8.0	 154.718553143	 11.3123809524	 41.1210468571	 249.687619048	195.8396	 261.0
8.5	 183.140877714	 -2.5180952381	 41.2883222857	 249.518095238	224.4292	 247.0
9.0	 194.076402286	 20.6514285714	 41.4555977143	 249.348571429	235.532	 270.0
9.5	 222.037126857	 0.820952380952	 41.6228731429	 249.179047619	263.66	 250.0
10.0	 227.921051429	 -7.00952380952	 41.7901485714	 249.00952381	269.7112	 242.0
10.5	 257.369376	 14.16	 41.957424	 248.84	299.3268	 263.0
11.0	 252.099700571	 30.3295238095	 42.1246994286	 248.67047619	294.2244	 279.0
11.5	 298.316825143	 9.49904761905	 42.2919748571	 248.500952381	340.6088	 258.0
12.0	 229.765149714	 30.6685714286	 42.4592502857	 248.331428571	272.2244	 279.0
12.5	 272.546274286	 -0.161904761905	 42.6265257143	 248.161904762	315.1728	 248.0
13.0	 242.378998857	 0.00761904761904	 42.7938011429	 247.992380952	285.1728	 248.0
13.5	 388.365723429	 15.1771428571	 42.9610765714	 247.822857143	431.3268	 263.0
14.0	 351.147248	 23.3466666667	 43.128352	 247.653333333	394.2756	 271.0
14.5	 403.287972571	 53.5161904762	 43.2956274286	 247.483809524	446.5836	 301.0
15.0	 376.761897143	 70.6857142857	 43.4629028571	 247.314285714	420.2248	 318.0
15.5	 318.081821714	 72.8552380952	 43.6301782857	 247.144761905	361.712	 320.0
16.0	 427.735346286	 101.024761905	 43.7974537143	 246.975238095	471.5328	 348.0
16.5	 401.414070857	 86.1942857143	 43.9647291429	 246.805714286	445.3788	 333.0
17.0	 381.734395429	 127.363809524	 44.1320045714	 246.636190476	425.8664	 374.0
17.5	 385.49032	 139.533333333	 44.29928	 246.466666667	429.7896	 386.0
18.0	 388.323044571	 139.702857143	 44.4665554286	 246.297142857	432.7896	 386.0
18.5	 423.899369143	 140.872380952	 44.6338308571	 246.127619048	468.5332	 387.0
19.0	 466.758093714	 176.041904762	 44.8011062857	 245.958095238	511.5592	 422.0
19.5	 436.590818286	 176.211428571	 44.9683817143	 245.788571429	481.5592	 422.0
20.0	 436.295142857	 157.380952381	 45.1356571429	 245.619047619	481.4308	 403.0
20.5	 437.819867429	 127.55047619	 45.3029325714	 245.44952381	483.1228	 373.0
21.0	 431.242992	 191.72	 45.470208	 245.28	476.7132	 437.0
21.5	 437.870916571	 223.88952381	 45.6374834286	 245.11047619	483.5084	 469.0
22.0	 423.292841143	 171.059047619	 45.8047588571	 244.940952381	469.0976	 416.0
22.5	 441.356765714	 213.228571429	 45.9720342857	 244.771428571	487.3288	 458.0
23.0	 394.368290286	 146.398095238	 46.1393097143	 244.601904762	440.5076	 391.0
23.5	 354.996214857	 178.567619048	 46.3065851429	 244.432380952	401.3028	 423.0
24.0	 390.854939429	 213.737142857	 46.4738605714	 244.262857143	437.3288	 458.0
24.5	 365.892864	 220.906666667	 46.641136	 244.093333333	412.534	 465.0
25.0	 301.930388571	 189.076190476	 46.8084114286	 243.923809524	348.7388	 433.0
25.5	 343.378313143	 171.245714286	 46.9756868571	 243.754285714	390.354	 415.0
26.0	 374.544637714	 197.415238095	 47.1429622857	 243.584761905	421.6876	 441.0
26.5	 334.890562286	 234.584761905	 47.3102377143	 243.415238095	382.2008	 478.0
27.0	 359.108086857	 252.754285714	 47.4775131429	 243.245714286	406.5856	 496.0
27.5	 300.069211429	 271.923809524	 47.6447885714	 243.076190476	347.714	 515.0
28.0	 299.952736	 225.093333333	 47.812064	 242.906666667	347.7648	 468.0
28.5	 281.990660571	 232.262857143	 47.9793394286	 242.737142857	329.97	 475.0
29.0	 266.617785143	 186.432380952	 48.1466148571	 242.567619048	314.7644	 429.0
29.5	 266.553309714	 209.601904762	 48.3138902857	 242.398095238	314.8672	 452.0
30.0	 222.540034286	 224.771428571	 48.4811657143	 242.228571429	271.0212	 467.0
30.5	 248.936758857	 214.940952381	 48.6484411429	 242.059047619	297.5852	 457.0
31.0	 221.615483429	 200.11047619	 48.8157165714	 241.88952381	270.4312	 442.0
31.5	 212.320208	 220.28	 48.982992	 241.72	261.3032	 462.0
32.0	 165.485732571	 168.44952381	 49.1502674286	 241.55047619	214.636	 410.0
32.5	 187.574857143	 167.619047619	 49.3175428571	 241.380952381	236.8924	 409.0
33.0	 204.176781714	 164.788571429	 49.4848182857	 241.211428571	253.6616	 406.0
33.5	 145.804306286	 157.958095238	 49.6520937143	 241.041904762	195.4564	 399.0
34.0	 131.226630857	 144.127619048	 49.8193691429	 240.872380952	181.046	 385.0
34.5	 127.956155429	 82.2971428571	 49.9866445714	 240.702857143	177.9428	 323.0
35.0	 137.32808	 154.466666667	 50.15392	 240.533333333	187.482	 395.0
35.5	 95.5192045714	 98.6361904762	 50.3211954286	 240.363809524	145.8404	 339.0
36.0	 92.6083291429	 97.8057142857	 50.4884708571	 240.194285714	143.0968	 338.0
36.5	 44.0314537143	 161.975238095	 50.6557462857	 240.024761905	94.6872	 402.0
37.0	 24.9149782857	 115.144761905	 50.8230217143	 239.855238095	75.738	 355.0
37.5	 20.7217028571	 80.3142857143	 50.9902971429	 239.685714286	71.712	 320.0
38.0	 42.1184274286	 70.4838095238	 51.1575725714	 239.516190476	93.276	 310.0
38.5	 69.977152	 105.653333333	 51.324848	 239.346666667	121.302	 345.0
39.0	 22.9890765714	 77.8228571429	 51.4921234286	 239.177142857	74.4812	 317.0
39.5	 69.8990011429	 104.992380952	 51.6593988571	 239.007619048	121.5584	 344.0
40.0	 -6.24387428571	 -15.8380952381	 51.8266742857	 238.838095238	45.5828	 223.0
40.5	 -41.6675497143	 -14.6685714286	 51.9939497143	 238.668571429	10.3264	 224.0
41.0	 -10.5012251429	 11.500952381	 52.1612251429	 238.499047619	41.66	 250.0
41.5	 -32.8225005714	 -3.32952380952	 52.3285005714	 238.32952381	19.506	 235.0
42.0	 8.575424	 103.84	 52.495776	 238.16	61.0712	 342.0
42.5	 20.5369485714	 162.00952381	 52.6630514286	 237.99047619	73.2	 400.0
43.0	 25.3940731429	 41.179047619	 52.8303268571	 237.820952381	78.2244	 279.0
43.5	 -0.286002285714	 43.3485714286	 52.9976022857	 237.651428571	52.7116	 281.0
44.0	 4.98192228571	 -24.4819047619	 53.1648777143	 237.481904762	58.1468	 213.0
44.5	 -19.2621531429	 -12.3123809524	 53.3321531429	 237.312380952	34.07	 225.0
45.0	 -25.9678285714	 -6.14285714286	 53.4994285714	 237.142857143	27.5316	 231.0
45.5	 -52.929904	 1.02666666667	 53.666704	 236.973333333	0.7368	 238.0
46.0	 -35.3791794286	 6.19619047619	 53.8339794286	 236.803809524	18.4548	 243.0
46.5	 -28.4440548571	 -9.63428571429	 54.0012548571	 236.634285714	25.5572	 227.0
47.0	 -32.5085302857	 13.5352380952	 54.1685302857	 236.464761905	21.66	 250.0
47.5	 -34.2398057143	 23.7047619048	 54.3358057143	 236.295238095	20.096	 260.0
48.0	 -37.2274811429	 34.8742857143	 54.5030811429	 236.125714286	17.2756	 271.0
48.5	 -34.3179565714	 23.0438095238	 54.6703565714	 235.956190476	20.3524	 259.0
49.0	 -39.639232	 8.21333333333	 54.837632	 235.786666667	15.1984	 244.0
49.5	 -10.9605074286	 -6.61714285714	 55.0049074286	 235.617142857	44.0444	 229.0
50.0	 -12.9225828571	 0.552380952381	 55.1721828571	 235.447619048	42.2496	 236.0
50.5	 14.8073417143	 -22.2780952381	 55.3394582857	 235.278095238	70.1468	 213.0
51.0	 -32.4879337143	 -2.10857142857	 55.5067337143	 235.108571429	23.0188	 233.0
51.5	 17.3959908571	 -9.93904761905	 55.6740091429	 234.939047619	73.07	 225.0
52.0	 15.7163154286	 31.2304761905	 55.8412845714	 234.76952381	71.5576	 266.0
Actin association begins: 4.0
Actin association ends: 39.5
Length of actin association: 35.5
Cofilin association begins: 13.0
Cofilin association ends: 39.5
Length of cofilin association: 26.5
Delay between actin and cofilin association: 9.0
Maximum normalized actin intensity: 466.758093714
Maximum normalized cofilin intensity: 271.923809524