Time	 Int488	 Int561	 Back488	 Back561	 Raw488	 Raw561
0.0	 14.21032	 6.2	 41.27008	 232.8	55.4804	 239.0
0.5	 -5.06871058824	 18.3647058824	 42.4723105882	 232.635294118	37.4036	 251.0
1.0	 0.959458823529	 -17.4705882353	 43.6745411765	 232.470588235	44.634	 215.0
1.5	 -12.8067717647	 -7.30588235294	 44.8767717647	 232.305882353	32.07	 225.0
2.0	 -9.31660235294	 1.85882352941	 46.0790023529	 232.141176471	36.7624	 234.0
2.5	 -1.36483294118	 17.0235294118	 47.2812329412	 231.976470588	45.9164	 249.0
3.0	 0.534936470588	 -37.8117647059	 48.4834635294	 231.811764706	49.0184	 194.0
3.5	 -2.00009411765	 14.3529411765	 49.6856941176	 231.647058824	47.6856	 246.0
4.0	 40.2076752941	 -10.4823529412	 50.8879247059	 231.482352941	91.0956	 221.0
4.5	 -10.4301552941	 18.6823529412	 52.0901552941	 231.317647059	41.66	 250.0
5.0	 -13.5811858824	 10.8470588235	 53.2923858824	 231.152941176	39.7112	 242.0
5.5	 -19.3734164706	 -13.9882352941	 54.4946164706	 230.988235294	35.1212	 217.0
6.0	 3.45035294118	 21.1764705882	 55.6968470588	 230.823529412	59.1472	 252.0
6.5	 10.0941223529	 6.34117647059	 56.8990776471	 230.658823529	66.9932	 237.0
7.0	 32.9430917647	 -1.49411764706	 58.1013082353	 230.494117647	91.0444	 229.0
7.5	 -9.92593882353	 -14.3294117647	 59.3035388235	 230.329411765	49.3776	 216.0
8.0	 -21.2561694118	 5.83529411765	 60.5057694118	 230.164705882	39.2496	 236.0
8.5	 -4.0484	 -19.0	 61.708	 230.0	57.6596	 211.0
9.0	 -28.7118305882	 14.1647058824	 62.9102305882	 229.835294118	34.1984	 244.0
9.5	 4.08593882353	 14.3294117647	 64.1124611765	 229.670588235	68.1984	 244.0
10.0	 -22.5262917647	 39.4941176471	 65.3146917647	 229.505882353	42.7884	 269.0
10.5	 29.1426776471	 -18.3411764706	 66.5169223529	 229.341176471	95.6596	 211.0
11.0	 70.7868470588	 5.82352941176	 67.7191529412	 229.176470588	138.506	 235.0
11.5	 24.5330164706	 -25.0117647059	 68.9213835294	 229.011764706	93.4544	 204.0
12.0	 51.2795858824	 -16.8470588235	 70.1236141176	 228.847058824	121.4032	 212.0
12.5	 86.2313552941	 -1.68235294118	 71.3258447059	 228.682352941	157.5572	 227.0
13.0	 103.259924706	 1.48235294118	 72.5280752941	 228.517647059	175.788	 230.0
13.5	 95.9552941176	 17.6470588235	 73.7303058824	 228.352941176	169.6856	 246.0
14.0	 215.445063529	 -12.1882352941	 74.9325364706	 228.188235294	290.3776	 216.0
14.5	 268.268432941	 -16.0235294118	 76.1347670588	 228.023529412	344.4032	 212.0
15.0	 317.194602353	 3.14117647059	 77.3369976471	 227.858823529	394.5316	 231.0
15.5	 298.479571765	 5.30588235294	 78.5392282353	 227.694117647	377.0188	 233.0
16.0	 541.943741176	 -20.5294117647	 79.7414588235	 227.529411765	621.6852	 207.0
16.5	 464.023910588	 13.6352941176	 80.9436894118	 227.364705882	544.9676	 241.0
17.0	 535.53968	 18.8	 82.14592	 227.2	617.6856	 246.0
17.5	 650.029849412	 27.9647058824	 83.3481505882	 227.035294118	733.378	 255.0
18.0	 600.878818824	 20.1294117647	 84.5503811765	 226.870588235	685.4292	 247.0
18.5	 603.138588235	 65.2941176471	 85.7526117647	 226.705882353	688.8912	 292.0
19.0	 568.294757647	 9.45882352941	 86.9548423529	 226.541176471	655.2496	 236.0
19.5	 577.862127059	 45.6235294118	 88.1570729412	 226.376470588	666.0192	 272.0
20.0	 577.813896471	 60.7882352941	 89.3593035294	 226.211764706	667.1732	 287.0
20.5	 650.509265882	 76.9529411765	 90.5615341176	 226.047058824	741.0708	 303.0
21.0	 694.281035294	 42.1176470588	 91.7637647059	 225.882352941	786.0448	 268.0
21.5	 713.848004706	 39.2823529412	 92.9659952941	 225.717647059	806.814	 265.0
22.0	 808.979374118	 65.4470588235	 94.1682258824	 225.552941176	903.1476	 291.0
22.5	 774.802743529	 61.6117647059	 95.3704564706	 225.388235294	870.1732	 287.0
23.0	 881.420512941	 11.7764705882	 96.5726870588	 225.223529412	977.9932	 237.0
23.5	 736.731882353	 87.9411764706	 97.7749176471	 225.058823529	834.5068	 313.0
24.0	 654.631651765	 33.1058823529	 98.9771482353	 224.894117647	753.6088	 258.0
24.5	 602.813821176	 12.2705882353	 100.179378824	 224.729411765	702.9932	 237.0
25.0	 394.765990588	 66.4352941176	 101.381609412	 224.564705882	496.1476	 291.0
25.5	 410.89656	 14.6	 102.58384	 224.4	513.4804	 239.0
26.0	 297.079129412	 32.7647058824	 103.786070588	 224.235294118	400.8652	 257.0
26.5	 359.518098824	 49.9294117647	 104.988301176	 224.070588235	464.5064	 274.0
27.0	 371.239068235	 62.0941176471	 106.190531765	 223.905882353	477.4296	 286.0
27.5	 333.241637647	 30.2588235294	 107.392762353	 223.741176471	440.6344	 254.0
28.0	 81.3466070588	 -17.5764705882	 108.594992941	 223.576470588	189.9416	 206.0
28.5	 -66.7272235294	 1.58823529412	 109.797223529	 223.411764706	43.07	 225.0
29.0	 -87.8266541176	 24.7529411765	 110.999454118	 223.247058824	23.1728	 248.0
29.5	 10.8427152941	 5.91764705882	 112.201684706	 223.082352941	123.0444	 229.0
30.0	 5.53768470588	 -16.9176470588	 113.403915294	 222.917647059	118.9416	 206.0
30.5	 15.7718541176	 32.2470588235	 114.606145882	 222.752941176	130.378	 255.0
31.0	 73.4668235294	 9.41176470588	 115.808376471	 222.588235294	189.2752	 232.0
31.5	 179.648992941	 -11.4235294118	 117.010607059	 222.423529412	296.6596	 211.0
32.0	 -5.86083764706	 -2.25882352941	 118.212837647	 222.258823529	112.352	 220.0
32.5	 -33.8834682353	 8.90588235294	 119.415068235	 222.094117647	85.5316	 231.0
33.0	 -64.0088988235	 -2.92941176471	 120.617298824	 221.929411765	56.6084	 219.0
33.5	 -58.8011294118	 -27.7647058824	 121.819529412	 221.764705882	63.0184	 194.0
34.0	 -78.87496	 -8.6	 123.02176	 221.6	44.1468	 213.0
34.5	 -25.9747905882	 -24.4352941176	 124.223990588	 221.435294118	98.2492	 197.0
35.0	 -75.3562211765	 3.72941176471	 125.426221176	 221.270588235	50.07	 225.0
35.5	 -16.2508517647	 -5.10588235294	 126.628451765	 221.105882353	110.3776	 216.0
36.0	 -8.35028235294	 18.0588235294	 127.830682353	 220.941176471	119.4804	 239.0
36.5	 -44.1425129412	 -6.77647058824	 129.032912941	 220.776470588	84.8904	 214.0
37.0	 -25.9343435294	 7.38823529412	 130.235143529	 220.611764706	104.3008	 228.0
37.5	 -24.3929741176	 8.55294117647	 131.437374118	 220.447058824	107.0444	 229.0
38.0	 -11.8516047059	 9.71764705882	 132.639604706	 220.282352941	120.788	 230.0
38.5	 15.6637647059	 -24.1176470588	 133.841835294	 220.117647059	149.5056	 196.0
39.0	 12.8719341176	 -9.95294117647	 135.044065882	 219.952941176	147.916	 210.0
39.5	 14.0805035294	 43.2117647059	 136.246296471	 219.788235294	150.3268	 263.0
40.0	 0.185472941176	 -4.62352941176	 137.448527059	 219.623529412	137.634	 215.0
40.5	 -11.9911576471	 -8.45882352941	 138.650757647	 219.458823529	126.6596	 211.0
41.0	 16.8578117647	 -16.2941176471	 139.852988235	 219.294117647	156.7108	 203.0
41.5	 16.2711811765	 4.87058823529	 141.055218824	 219.129411765	157.3264	 224.0
42.0	 -3.28984941176	 22.0352941176	 142.257449412	 218.964705882	138.9676	 241.0
Actin association begins: 10.5
Actin association ends: 28.0
Length of actin association: 17.5
Cofilin association begins: 16.5
Cofilin association ends: 27.5
Length of cofilin association: 11.0
Delay between actin and cofilin association: 6.0
Maximum normalized actin intensity: 881.420512941
Maximum normalized cofilin intensity: 87.9411764706