Time	 Int488	 Int561	 Back488	 Back561	 Raw488	 Raw561
0.0	 -17.28728	 -9.8	 113.45968	 218.8	96.1724	 209.0
0.5	 9.6678826087	 -3.72826086957	 112.966117391	 218.72826087	122.634	 215.0
1.0	 -1.19735478261	 13.3434782609	 112.472554783	 218.656521739	111.2752	 232.0
1.5	 -15.6013921739	 -2.5847826087	 111.978992174	 218.584782609	96.3776	 216.0
2.0	 29.3537704348	 3.48695652174	 111.485429565	 218.513043478	140.8392	 222.0
2.5	 -7.25546695652	 -19.4413043478	 110.991866957	 218.441304348	103.7364	 199.0
3.0	 -15.6079043478	 -4.36956521739	 110.498304348	 218.369565217	94.8904	 214.0
3.5	 27.9880582609	 -20.297826087	 110.004741739	 218.297826087	137.9928	 198.0
4.0	 -11.2875791304	 -17.2260869565	 109.51117913	 218.226086957	98.2236	 201.0
4.5	 15.2831834783	 9.84565217391	 109.017616522	 218.154347826	124.3008	 228.0
5.0	 5.44314608696	 -16.0826086957	 108.524053913	 218.082608696	113.9672	 202.0
5.5	 74.2187086957	 -21.0108695652	 108.030491304	 218.010869565	182.2492	 197.0
6.0	 27.1482713043	 -10.9391304348	 107.536928696	 217.939130435	134.6852	 207.0
6.5	 9.10343391304	 -4.86739130435	 107.043366087	 217.867391304	116.1468	 213.0
7.0	 -12.1722034783	 -1.79565217391	 106.549803478	 217.795652174	94.3776	 216.0
7.5	 52.8341591304	 -3.72391304348	 106.05624087	 217.723913043	158.8904	 214.0
8.0	 21.2509217391	 8.34782608696	 105.562678261	 217.652173913	126.8136	 226.0
8.5	 12.0520843478	 -0.580434782609	 105.069115652	 217.580434783	117.1212	 217.0
9.0	 58.8276469565	 -5.50869565217	 104.575553043	 217.508695652	163.4032	 212.0
9.5	 51.3724095652	 -13.4369565217	 104.081990435	 217.436956522	155.4544	 204.0
10.0	 59.3019721739	 -3.3652173913	 103.588427826	 217.365217391	162.8904	 214.0
10.5	 73.3595347826	 -13.2934782609	 103.094865217	 217.293478261	176.4544	 204.0
11.0	 86.9302973913	 13.7782608696	 102.601302609	 217.22173913	189.5316	 231.0
11.5	 92.06466	 -8.15	 102.10774	 217.15	194.1724	 209.0
12.0	 118.994222609	 1.92173913043	 101.614177391	 217.07826087	220.6084	 219.0
12.5	 166.590185217	 -14.0065217391	 101.120614783	 217.006521739	267.7108	 203.0
13.0	 111.084147826	 25.0652173913	 100.627052174	 216.934782609	211.7112	 242.0
13.5	 182.115710435	 -19.8630434783	 100.133489565	 216.863043478	282.2492	 197.0
14.0	 224.019673043	 -5.79130434783	 99.6399269565	 216.791304348	323.6596	 211.0
14.5	 176.949235652	 4.28043478261	 99.1463643478	 216.719565217	276.0956	 221.0
15.0	 296.237598261	 -2.64782608696	 98.6528017391	 216.647826087	394.8904	 214.0
15.5	 273.14156087	 11.4239130435	 98.1592391304	 216.576086957	371.3008	 228.0
16.0	 333.173523478	 5.49565217391	 97.6656765217	 216.504347826	430.8392	 222.0
16.5	 272.949086087	 0.567391304348	 97.172113913	 216.432608696	370.1212	 217.0
17.0	 345.699048696	 -0.360869565217	 96.6785513043	 216.360869565	442.3776	 216.0
17.5	 365.090211304	 15.7108695652	 96.1849886957	 216.289130435	461.2752	 232.0
18.0	 403.198973913	 -2.21739130435	 95.691426087	 216.217391304	498.8904	 214.0
18.5	 472.948936522	 -3.14565217391	 95.1978634783	 216.145652174	568.1468	 213.0
19.0	 525.41689913	 0.926086956522	 94.7043008696	 216.073913043	620.1212	 217.0
19.5	 451.166861739	 -0.00217391304349	 94.2107382609	 216.002173913	545.3776	 216.0
20.0	 529.634824348	 4.06956521739	 93.7171756522	 215.930434783	623.352	 220.0
20.5	 588.717986957	 -9.85869565217	 93.2236130435	 215.858695652	681.9416	 206.0
21.0	 620.878349565	 3.21304347826	 92.7300504348	 215.786956522	713.6084	 219.0
21.5	 632.833512174	 9.2847826087	 92.2364878261	 215.715217391	725.07	 225.0
22.0	 662.993874783	 22.3565217391	 91.7429252174	 215.643478261	754.7368	 238.0
22.5	 669.513037391	 18.4282608696	 91.2493626087	 215.57173913	760.7624	 234.0
23.0	 716.853	 42.5	 90.7558	 215.5	807.6088	 258.0
23.5	 788.551762609	 49.5717391304	 90.2622373913	 215.42826087	878.814	 265.0
24.0	 785.711725217	 23.6434782609	 89.7686747826	 215.356521739	875.4804	 239.0
24.5	 892.641687826	 72.7152173913	 89.2751121739	 215.284782609	981.9168	 288.0
25.0	 926.519250435	 12.7869565217	 88.7815495652	 215.213043478	1015.3008	 228.0
25.5	 858.884813043	 32.8586956522	 88.2879869565	 215.141304348	947.1728	 248.0
26.0	 863.583575652	 39.9304347826	 87.7944243478	 215.069565217	951.378	 255.0
26.5	 898.282338261	 47.002173913	 87.3008617391	 214.997826087	985.5832	 262.0
27.0	 994.72430087	 16.0739130435	 86.8072991304	 214.926086957	1081.5316	 231.0
27.5	 979.551463478	 42.1456521739	 86.3137365217	 214.854347826	1065.8652	 257.0
28.0	 1027.04542609	 81.2173913043	 85.820173913	 214.782608696	1112.8656	 296.0
28.5	 982.512988696	 46.2891304348	 85.3266113043	 214.710869565	1067.8396	 261.0
29.0	 938.186151304	 57.3608695652	 84.8330486957	 214.639130435	1023.0192	 272.0
29.5	 975.243713913	 47.4326086957	 84.339486087	 214.567391304	1059.5832	 262.0
30.0	 936.942476522	 54.5043478261	 83.8459234783	 214.495652174	1020.7884	 269.0
30.5	 936.92283913	 17.5760869565	 83.3523608696	 214.423913043	1020.2752	 232.0
31.0	 907.955201739	 50.647826087	 82.8587982609	 214.352173913	990.814	 265.0
31.5	 970.833164348	 29.7195652174	 82.3652356522	 214.280434783	1053.1984	 244.0
32.0	 997.993526957	 42.7913043478	 81.8716730435	 214.208695652	1079.8652	 257.0
32.5	 981.717889565	 45.8630434783	 81.3781104348	 214.136956522	1063.096	 260.0
33.0	 988.673052174	 51.9347826087	 80.8845478261	 214.065217391	1069.5576	 266.0
33.5	 934.551414783	 70.0065217391	 80.3909852174	 213.993478261	1014.9424	 284.0
34.0	 880.557777391	 68.0782608696	 79.8974226087	 213.92173913	960.4552	 282.0
34.5	 1018.56414	 66.15	 79.40386	 213.85	1097.968	 280.0
35.0	 1018.08330261	 62.2217391304	 78.9102973913	 213.77826087	1096.9936	 276.0
35.5	 849.782065217	 69.2934782609	 78.4167347826	 213.706521739	928.1988	 283.0
36.0	 992.788827826	 106.365217391	 77.9231721739	 213.634782609	1070.712	 320.0
36.5	 1001.92319043	 84.4369565217	 77.4296095652	 213.563043478	1079.3528	 298.0
37.0	 867.493553043	 72.5086956522	 76.9360469565	 213.491304348	944.4296	 286.0
37.5	 966.653515652	 46.5804347826	 76.4424843478	 213.419565217	1043.096	 260.0
38.0	 927.506278261	 68.652173913	 75.9489217391	 213.347826087	1003.4552	 282.0
38.5	 1016.17944087	 79.7239130435	 75.4553591304	 213.276086957	1091.6348	 293.0
39.0	 1033.00620348	 66.7956521739	 74.9617965217	 213.204347826	1107.968	 280.0
39.5	 1015.70496609	 73.8673913043	 74.468233913	 213.132608696	1090.1732	 287.0
40.0	 1095.9165287	 78.9391304348	 73.9746713043	 213.060869565	1169.8912	 292.0
40.5	 1086.7692913	 101.010869565	 73.4811086957	 212.989130435	1160.2504	 314.0
41.0	 1053.28845391	 97.0826086957	 72.987546087	 212.917391304	1126.276	 310.0
41.5	 976.371616522	 83.1543478261	 72.4939834783	 212.845652174	1048.8656	 296.0
42.0	 996.04477913	 94.2260869565	 72.0004208696	 212.773913043	1068.0452	 307.0
42.5	 1071.23074174	 103.297826087	 71.5068582609	 212.702173913	1142.7376	 316.0
43.0	 999.800704348	 52.3695652174	 71.0132956522	 212.630434783	1070.814	 265.0
43.5	 944.166266957	 72.4413043478	 70.5197330435	 212.558695652	1014.686	 285.0
44.0	 980.249429565	 58.5130434783	 70.0261704348	 212.486956522	1050.2756	 271.0
44.5	 904.435392174	 67.5847826087	 69.5326078261	 212.415217391	973.968	 280.0
45.0	 883.774954783	 52.6565217391	 69.0390452174	 212.343478261	952.814	 265.0
45.5	 967.166517391	 107.72826087	 68.5454826087	 212.27173913	1035.712	 320.0
46.0	 910.35208	 77.8	 68.05192	 212.2	978.404	 290.0
46.5	 873.768842609	 89.8717391304	 67.5583573913	 212.12826087	941.3272	 302.0
47.0	 868.467605217	 96.9434782609	 67.0647947826	 212.056521739	935.5324	 309.0
47.5	 871.140767826	 108.015217391	 66.5712321739	 211.984782609	937.712	 320.0
48.0	 824.582730435	 77.0869565217	 66.0776695652	 211.913043478	890.6604	 289.0
48.5	 852.614693043	 71.1586956522	 65.5841069565	 211.841304348	918.1988	 283.0
49.0	 841.928655652	 60.2304347826	 65.0905443478	 211.769565217	907.0192	 272.0
49.5	 764.063418261	 77.302173913	 64.5969817391	 211.697826087	828.6604	 289.0
50.0	 829.94178087	 95.3739130435	 64.1034191304	 211.626086957	894.0452	 307.0
50.5	 818.102143478	 108.445652174	 63.6098565217	 211.554347826	881.712	 320.0
51.0	 828.569706087	 73.5173913043	 63.116293913	 211.482608696	891.686	 285.0
51.5	 749.191668696	 92.5891304348	 62.6227313043	 211.410869565	811.8144	 304.0
52.0	 740.198031304	 90.6608695652	 62.1291686957	 211.339130435	802.3272	 302.0
52.5	 781.793993913	 74.7326086957	 61.635606087	 211.267391304	843.4296	 286.0
53.0	 664.287556522	 74.8043478261	 61.1420434783	 211.195652174	725.4296	 286.0
53.5	 664.90951913	 93.8760869565	 60.6484808696	 211.123913043	725.558	 305.0
54.0	 697.172281739	 90.947826087	 60.1549182609	 211.052173913	757.3272	 302.0
54.5	 770.973444348	 82.0195652174	 59.6613556522	 210.980434783	830.6348	 293.0
55.0	 674.800206957	 69.0913043478	 59.1677930435	 210.908695652	733.968	 280.0
55.5	 731.345369565	 100.163043478	 58.6742304348	 210.836956522	790.0196	 311.0
56.0	 705.171732174	 48.2347826087	 58.1806678261	 210.765217391	763.3524	 259.0
56.5	 726.973294783	 78.3065217391	 57.6871052174	 210.693478261	784.6604	 289.0
57.0	 643.954057391	 80.3782608696	 57.1935426087	 210.62173913	701.1476	 291.0
57.5	 575.44762	 80.45	 56.69998	 210.55	632.1476	 291.0
58.0	 511.197582609	 79.5217391304	 56.2064173913	 210.47826087	567.404	 290.0
58.5	 455.152745217	 85.5934782609	 55.7128547826	 210.406521739	510.8656	 296.0
59.0	 486.133107826	 48.6652173913	 55.2192921739	 210.334782609	541.3524	 259.0
59.5	 459.857470435	 51.7369565217	 54.7257295652	 210.263043478	514.5832	 262.0
60.0	 448.249033043	 106.808695652	 54.2321669565	 210.191304348	502.4812	 317.0
60.5	 472.562995652	 95.8804347826	 53.7386043478	 210.119565217	526.3016	 306.0
61.0	 393.774558261	 100.952173913	 53.2450417391	 210.047826087	447.0196	 311.0
61.5	 308.93452087	 75.0239130435	 52.7514791304	 209.976086957	361.686	 285.0
62.0	 322.018083478	 100.095652174	 52.2579165217	 209.904347826	374.276	 310.0
62.5	 358.613646087	 45.1673913043	 51.764353913	 209.832608696	410.378	 255.0
63.0	 282.697208696	 70.2391304348	 51.2707913043	 209.760869565	333.968	 280.0
63.5	 358.395971304	 77.3108695652	 50.7772286957	 209.689130435	409.1732	 287.0
64.0	 311.607533913	 82.3826086957	 50.283666087	 209.617391304	361.8912	 292.0
64.5	 240.613896522	 80.4543478261	 49.7901034783	 209.545652174	290.404	 290.0
65.0	 194.44065913	 67.5260869565	 49.2965408696	 209.473913043	243.7372	 277.0
65.5	 270.293021739	 50.597826087	 48.8029782609	 209.402173913	319.096	 260.0
66.0	 254.863784348	 77.6695652174	 48.3094156522	 209.330434783	303.1732	 287.0
66.5	 256.280546957	 89.7413043478	 47.8158530435	 209.258695652	304.0964	 299.0
67.0	 158.953309565	 61.8130434783	 47.3222904348	 209.186956522	206.2756	 271.0
67.5	 171.216072174	 58.8847826087	 46.8287278261	 209.115217391	218.0448	 268.0
68.0	 121.709634783	 58.9565217391	 46.3351652174	 209.043478261	168.0448	 268.0
68.5	 124.228797391	 55.0282608696	 45.8416026087	 208.97173913	170.0704	 264.0
69.0	 93.92756	 62.1	 45.34804	 208.9	139.2756	 271.0
69.5	 36.0875226087	 36.1717391304	 44.8544773913	 208.82826087	80.942	 245.0
70.0	 39.6838852174	 59.2434782609	 44.3609147826	 208.756521739	84.0448	 268.0
70.5	 53.5358478261	 3.3152173913	 43.8673521739	 208.684782609	97.4032	 212.0
71.0	 34.3630104348	 29.3869565217	 43.3737895652	 208.613043478	77.7368	 238.0
71.5	 28.3949730435	 23.4586956522	 42.8802269565	 208.541304348	71.2752	 232.0
72.0	 61.6577356522	 20.5304347826	 42.3866643478	 208.469565217	104.0444	 229.0
72.5	 10.2536982609	 4.60217391304	 41.8931017391	 208.397826087	52.1468	 213.0
73.0	 55.2344608696	 6.67391304348	 41.3995391304	 208.326086957	96.634	 215.0
73.5	 29.2408234783	 4.74565217391	 40.9059765217	 208.254347826	70.1468	 213.0
74.0	 -6.21441391304	 -3.18260869565	 40.412413913	 208.182608696	34.198	 205.0
74.5	 -3.82325130435	 12.8891304348	 39.9188513043	 208.110869565	36.0956	 221.0
75.0	 11.9779113043	 3.96086956522	 39.4252886957	 208.039130435	51.4032	 212.0
75.5	 34.266273913	 -2.96739130435	 38.931726087	 207.967391304	73.198	 205.0
76.0	 -1.54776347826	 6.10434782609	 38.4381634783	 207.895652174	36.8904	 214.0
76.5	 1.17659913043	 9.17608695652	 37.9446008696	 207.823913043	39.1212	 217.0
77.0	 8.46496173913	 2.24782608696	 37.4510382609	 207.752173913	45.916	 210.0
77.5	 -18.3746756522	 15.3195652174	 36.9574756522	 207.680434783	18.5828	 223.0
78.0	 9.96488695652	 0.391304347826	 36.4639130435	 207.608695652	46.4288	 208.0
78.5	 -1.54155043478	 0.463043478261	 35.9703504348	 207.536956522	34.4288	 208.0
79.0	 -4.71438782609	 26.5347826087	 35.4767878261	 207.465217391	30.7624	 234.0
79.5	 -11.1184252174	 10.6065217391	 34.9832252174	 207.393478261	23.8648	 218.0
80.0	 -11.3684626087	 9.67826086957	 34.4896626087	 207.32173913	23.1212	 217.0
80.5	 6.7403	 -8.25	 33.9961	 207.25	40.7364	 199.0
81.0	 -15.5609373913	 -1.17826086957	 33.5025373913	 207.17826087	17.9416	 206.0
81.5	 2.13782521739	 5.89347826087	 33.0089747826	 207.106521739	35.1468	 213.0
82.0	 -2.36861217391	 5.9652173913	 32.5154121739	 207.034782609	30.1468	 213.0
82.5	 -23.3878495652	 8.03695652174	 32.0218495652	 206.963043478	8.634	 215.0
83.0	 -6.61228695652	 3.10869565217	 31.5282869565	 206.891304348	24.916	 210.0
83.5	 -23.1187243478	 3.18043478261	 31.0347243478	 206.819565217	7.916	 210.0
84.0	 -0.62516173913	 3.25217391304	 30.5411617391	 206.747826087	29.916	 210.0
84.5	 -10.8239991304	 -5.67608695652	 30.0475991304	 206.676086957	19.2236	 201.0
85.0	 -2.22763652174	 17.3956521739	 29.5540365217	 206.604347826	27.3264	 224.0
85.5	 6.31712608696	 9.46739130435	 29.060473913	 206.532608696	35.3776	 216.0
86.0	 -8.24051130435	 17.5391304348	 28.5669113043	 206.460869565	20.3264	 224.0
86.5	 -27.4393486957	 8.61086956522	 28.0733486957	 206.389130435	0.634	 215.0
87.0	 3.59261391304	 2.68260869565	 27.579786087	 206.317391304	31.1724	 209.0
87.5	 11.3169765217	 5.75434782609	 27.0862234783	 206.245652174	38.4032	 212.0
88.0	 -14.9842608696	 12.8260869565	 26.5926608696	 206.173913043	11.6084	 219.0
88.5	 -1.51629826087	 16.897826087	 26.0990982609	 206.102173913	24.5828	 223.0
89.0	 4.77206434783	 9.96956521739	 25.6055356522	 206.030434783	30.3776	 216.0
89.5	 -1.65757304348	 -1.95869565217	 25.1119730435	 205.958695652	23.4544	 204.0
90.0	 0.656389565217	 -12.8869565217	 24.6184104348	 205.886956522	25.2748	 193.0
90.5	 9.25275217391	 10.1847826087	 24.1248478261	 205.815217391	33.3776	 216.0
91.0	 -14.9460852174	 1.25652173913	 23.6312852174	 205.743478261	8.6852	 207.0
91.5	 -0.708922608696	 2.32826086957	 23.1377226087	 205.67173913	22.4288	 208.0
Actin association begins: 7.5
Actin association ends: 73.5
Length of actin association: 66.0
Cofilin association begins: 21.0
Cofilin association ends: 73.5
Length of cofilin association: 52.5
Delay between actin and cofilin association: 13.5
Maximum normalized actin intensity: 1095.9165287
Maximum normalized cofilin intensity: 108.445652174