Time	 Int488	 Int561	 Back488	 Back561	 Raw488	 Raw561
0.0	 -4.08727631488	 19.802695324	 23.88	 200.0	21.4032	 212.0
0.5	 9.12747569953	 1.83261785674	 23.6925494737	 199.889473684	29.2236	 201.0
1.0	 1.1856881196	 2.01501110315	 23.5050989474	 199.778947368	24.2236	 201.0
1.5	 15.1621838141	 -6.05371870212	 23.3176484211	 199.668421053	32.5056	 196.0
2.0	 -18.2947166009	 -15.7726731177	 23.1301978947	 199.557894737	12.044	 190.0
2.5	 1.69057694475	 4.2124154527	 22.9427473684	 199.447368421	23.9672	 202.0
3.0	 -31.4276973803	 6.04503330944	 22.7552968421	 199.336842105	3.7108	 203.0
3.5	 36.5830928652	 -0.373471885497	 22.5678463158	 199.226315789	44.7364	 199.0
4.0	 -7.11378130192	 -21.6439985734	 22.3803957895	 199.115789474	18.0696	 186.0
4.5	 -3.33435351956	 16.4935607107	 22.1929452632	 199.005263158	20.1724	 209.0
5.0	 9.37278940471	 13.3755047364	 22.0054947368	 198.894736842	27.6852	 207.0
5.5	 20.4719534687	 3.65655032079	 21.8180442105	 198.784210526	34.2236	 201.0
6.0	 42.2342088748	 3.8389435672	 21.6305936842	 198.673684211	47.2236	 201.0
6.5	 3.4035170386	 -4.22978623807	 21.4431431579	 198.563157895	23.5056	 196.0
7.0	 -24.7218377054	 -8.99806682267	 21.2556926316	 198.452631579	6.2748	 193.0
7.5	 31.7373802677	 -15.4165720176	 21.0682421053	 198.342105263	40.3004	 189.0
8.0	 25.4458172981	 -15.2341787712	 20.8807915789	 198.231578947	36.3004	 189.0
8.5	 44.5848756637	 8.0513590199	 20.6933410526	 198.121052632	47.7108	 203.0
9.0	 48.7445151962	 -13.219167668	 20.5058905263	 198.010526316	50.044	 190.0
9.5	 62.1711560506	 0.165022461033	 20.31844	 197.9	57.9928	 198.0
10.0	 55.540966991	 -11.2041565649	 20.1309894737	 197.789473684	53.7876	 191.0
10.5	 115.258388435	 -11.0217633185	 19.9435389474	 197.678947368	89.7876	 191.0
11.0	 132.15446151	 -24.0411669548	 19.7560884211	 197.568421053	99.8388	 183.0
11.5	 161.237113287	 -7.35652760502	 19.5686378947	 197.457894737	117.2748	 193.0
12.0	 234.537203454	 -2.22346052761	 19.3811873684	 197.347368421	161.5056	 196.0
12.5	 275.679036594	 -0.390842670869	 19.1937368421	 197.236842105	186.2492	 197.0
13.0	 297.01817441	 1.44177518587	 19.0062863158	 197.126315789	198.9928	 198.0
13.5	 316.241724276	 11.5255160943	 18.8188357895	 197.015789474	210.4544	 204.0
14.0	 342.150664083	 8.40746012002	 18.6313852632	 196.905263158	225.9672	 202.0
14.5	 318.129747989	 6.93962875609	 18.4439347368	 196.794736842	211.2236	 201.0
15.0	 442.544555326	 18.6735942748	 18.2564842105	 196.684210526	286.4288	 208.0
15.5	 450.63965051	 27.1071105729	 18.0690336842	 196.573684211	291.1468	 213.0
16.0	 512.134033814	 7.48680849531	 17.8815831579	 196.463157895	328.2236	 201.0
16.5	 534.31940681	 6.01897713138	 17.6941326316	 196.352631579	341.48	 200.0
17.0	 552.146866655	 40.8560871948	 17.5066821053	 196.242105263	352.0956	 221.0
17.5	 557.110495618	 22.8860097275	 17.3192315789	 196.131578947	354.916	 210.0
18.0	 417.150739211	 23.0684029739	 17.1317810526	 196.021052632	269.916	 210.0
18.5	 600.0	 -6.45324676568	 16.9443305263	 195.910526316	380.5312	 192.0
19.0	 372.493847746	 6.93094336341	 16.75688	 195.8	242.48	 200.0
19.5	 422.352167277	 0.512438168472	 16.5694294737	 195.689473684	272.5056	 196.0
20.0	 473.988108759	 38.6499974526	 16.3819789474	 195.578947368	303.6084	 219.0
20.5	 519.10698321	 -0.772999949051	 16.1945284211	 195.468421053	330.762	 195.0
21.0	 368.696024301	 20.8623132317	 16.0070778947	 195.357894737	239.4288	 208.0
21.5	 290.767550907	 -2.05843806658	 15.8196273684	 195.247368421	192.0184	 194.0
22.0	 227.564361756	 -5.17649404084	 15.6321768421	 195.136842105	153.5312	 192.0
22.5	 221.188307287	 8.20769608824	 15.4447263158	 195.026315789	149.48	 200.0
23.0	 246.166520413	 21.5918862173	 15.2572757895	 194.915789474	164.4288	 208.0
23.5	 232.258840822	 51.4783224498	 15.0698252632	 194.805263158	155.8136	 226.0
24.0	 184.965137094	 12.0553250481	 14.8823747368	 194.694736842	126.9672	 202.0
24.5	 237.870431347	 45.2422105012	 14.6949242105	 194.584210526	158.8392	 222.0
25.0	 212.664653983	 35.5232560856	 14.5074736842	 194.473684211	143.3776	 216.0
25.5	 242.932167031	 60.459018487	 14.3200231579	 194.363157895	161.5316	 231.0
26.0	 286.909086052	 70.5427593955	 14.1325726316	 194.252631579	187.9932	 237.0
26.5	 163.155195408	 52.5726819282	 13.9451221053	 194.142105263	112.8136	 226.0
27.0	 154.367172648	 56.0555243953	 13.7576715789	 194.031578947	107.3008	 228.0
27.5	 13.4337837213	 14.9823023833	 13.5702210526	 193.921052632	21.7108	 203.0
28.0	 9.80766354234	 -14.5393473563	 13.3827705263	 193.810526316	19.326	 185.0
28.5	 11.5982406243	 12.0466396554	 13.19532	 193.7	20.2236	 201.0
29.0	 -0.786611696469	 -2.62298859116	 13.0078694737	 193.589473684	12.5312	 192.0
29.5	 3.71165392615	 -12.3419430068	 12.8204189474	 193.478947368	15.0696	 186.0
30.0	 31.1863268434	 -2.25820209835	 12.6329684211	 193.368421053	31.5312	 192.0
30.5	 -9.67546144319	 -15.2776057346	 12.4455178947	 193.257894737	6.5824	 184.0
31.0	 -4.45769789046	 -8.49431404688	 12.2580673684	 193.147368421	9.5568	 188.0
31.5	 0.252456572125	 13.1409991339	 12.0706168421	 193.036842105	12.2236	 201.0
32.0	 30.2658350299	 13.3233923803	 11.8831663158	 192.926315789	30.2236	 201.0
32.5	 -22.2320170291	 13.5057856267	 11.6957157895	 192.815789474	-1.7764	 201.0
33.0	 11.5049282395	 12.0379542628	 11.5082652632	 192.705263158	18.48	 200.0
33.5	 -28.298736027	 27.0723690022	 11.3208147368	 192.594736842	-5.8276	 209.0
34.0	 5.60719224167	 -0.799056127109	 11.1333642105	 192.484210526	14.5312	 192.0
34.5	 9.21697693408	 -0.616662880704	 10.9459136842	 192.373684211	16.5312	 192.0
35.0	 0.936563264114	 -11.9858419066	 10.7584631579	 192.263157895	11.326	 185.0
35.5	 18.5098885193	 -1.90210099823	 10.5710126316	 192.152631579	21.7876	 191.0
36.0	 4.39032008816	 -3.36993236216	 10.3835621053	 192.042105263	13.044	 190.0
36.5	 -11.3794729533	 -4.83776372609	 10.1961115789	 191.931578947	3.3004	 189.0
37.0	 -14.3283409522	 -11.256268921	 10.0086610526	 191.821052632	1.326	 185.0
37.5	 -1.8324267781	 18.6301673114	 9.82121052632	 191.710526316	8.7108	 203.0
Actin association begins: 7.5
Actin association ends: 28.5
Length of actin association: 21.0
Area under actin curve during patch life: 11418.9632174
Cofilin intensity score: 258.528069329