Time	 Int488	 Int561	 Back488	 Back561	 Raw488	 Raw561
0.0	 -8.93856	 -9.6	 10.98256	 199.6	2.044	 190.0
0.5	 2.69544451613	 -4.6435483871	 11.0665554839	 199.643548387	13.762	 195.0
1.0	 -0.362950967742	 -8.68709677419	 11.1505509677	 199.687096774	10.7876	 191.0
1.5	 1.16865354839	 12.2693548387	 11.2345464516	 199.730645161	12.4032	 212.0
2.0	 4.59745806452	 10.2258064516	 11.3185419355	 199.774193548	15.916	 210.0
2.5	 -5.97373741935	 8.18225806452	 11.4025374194	 199.817741935	5.4288	 208.0
3.0	 0.916667096774	 12.1387096774	 11.4865329032	 199.861290323	12.4032	 212.0
3.5	 -0.449328387097	 17.0951612903	 11.5705283871	 199.90483871	11.1212	 217.0
4.0	 29.825876129	 39.0516129032	 11.654523871	 199.948387097	41.4804	 239.0
4.5	 18.4594806452	 5.00806451613	 11.7385193548	 199.991935484	30.198	 205.0
5.0	 46.6574851613	 -0.0354838709677	 11.8225148387	 200.035483871	58.48	 200.0
5.5	 25.7274896774	 14.9209677419	 11.9065103226	 200.079032258	37.634	 215.0
6.0	 0.233094193548	 0.877419354839	 11.9905058065	 200.122580645	12.2236	 201.0
6.5	 32.9950987097	 -14.1661290323	 12.0745012903	 200.166129032	45.0696	 186.0
7.0	 -2.70409677419	 3.79032258065	 12.1584967742	 200.209677419	9.4544	 204.0
7.5	 29.3143077419	 -12.2532258065	 12.2424922581	 200.253225806	41.5568	 188.0
8.0	 11.1791122581	 -4.29677419355	 12.3264877419	 200.296774194	23.5056	 196.0
8.5	 -0.699683225806	 2.65967741935	 12.4104832258	 200.340322581	11.7108	 203.0
9.0	 29.9343212903	 7.61612903226	 12.4944787097	 200.383870968	42.4288	 208.0
9.5	 -0.406074193548	 8.57258064516	 12.5784741935	 200.427419355	12.1724	 209.0
10.0	 34.7919303226	 3.52903225806	 12.6624696774	 200.470967742	47.4544	 204.0
10.5	 0.81073483871	 26.485483871	 12.7464651613	 200.514516129	13.5572	 227.0
11.0	 33.8803393548	 2.44193548387	 12.8304606452	 200.558064516	46.7108	 203.0
11.5	 18.309143871	 0.398387096774	 12.914456129	 200.601612903	31.2236	 201.0
12.0	 10.4815483871	 -0.645161290323	 12.9984516129	 200.64516129	23.48	 200.0
12.5	 35.1155529032	 4.31129032258	 13.0824470968	 200.688709677	48.198	 205.0
13.0	 25.5187574194	 6.26774193548	 13.1664425806	 200.732258065	38.6852	 207.0
13.5	 9.74236193548	 -2.77580645161	 13.2504380645	 200.775806452	22.9928	 198.0
14.0	 5.47876645161	 -13.8193548387	 13.3344335484	 200.819354839	18.8132	 187.0
14.5	 -1.47682903226	 5.13709677419	 13.4184290323	 200.862903226	11.9416	 206.0
15.0	 32.0287754839	 -8.9064516129	 13.5024245161	 200.906451613	45.5312	 192.0
15.5	 6.66278	 -3.95	 13.58642	 200.95	20.2492	 197.0
16.0	 37.7839845161	 3.0064516129	 13.6704154839	 200.993548387	51.4544	 204.0
16.5	 25.6999890323	 2.96290322581	 13.7544109677	 201.037096774	39.4544	 204.0
17.0	 58.6927935484	 -9.08064516129	 13.8384064516	 201.080645161	72.5312	 192.0
17.5	 65.3523980645	 -8.12419354839	 13.9224019355	 201.124193548	79.2748	 193.0
18.0	 95.2172025806	 -0.167741935484	 14.0063974194	 201.167741935	109.2236	 201.0
18.5	 68.0564070968	 11.7887096774	 14.0903929032	 201.211290323	82.1468	 213.0
19.0	 114.587611613	 -6.25483870968	 14.1743883871	 201.25483871	128.762	 195.0
19.5	 88.965216129	 -0.298387096774	 14.258383871	 201.298387097	103.2236	 201.0
20.0	 103.830020645	 7.65806451613	 14.3423793548	 201.341935484	118.1724	 209.0
20.5	 98.3100251613	 -2.38548387097	 14.4263748387	 201.385483871	112.7364	 199.0
21.0	 117.995229677	 -5.42903225806	 14.5103703226	 201.429032258	132.5056	 196.0
21.5	 131.860034194	 2.52741935484	 14.5943658065	 201.472580645	146.4544	 204.0
22.0	 137.67363871	 18.4838709677	 14.6783612903	 201.516129032	152.352	 220.0
22.5	 167.666443226	 6.44032258065	 14.7623567742	 201.559677419	182.4288	 208.0
23.0	 151.684847742	 -9.60322580645	 14.8463522581	 201.603225806	166.5312	 192.0
23.5	 124.113652258	 -11.6467741935	 14.9303477419	 201.646774194	139.044	 190.0
24.0	 138.363256774	 14.3096774194	 15.0143432258	 201.690322581	153.3776	 216.0
24.5	 184.86886129	 0.266129032258	 15.0983387097	 201.733870968	199.9672	 202.0
25.0	 152.938865806	 15.2225806452	 15.1823341935	 201.777419355	168.1212	 217.0
25.5	 219.880470323	 11.1790322581	 15.2663296774	 201.820967742	235.1468	 213.0
26.0	 200.565674839	 8.13548387097	 15.3503251613	 201.864516129	215.916	 210.0
26.5	 213.020079355	 2.09193548387	 15.4343206452	 201.908064516	228.4544	 204.0
27.0	 245.705283871	 -0.951612903226	 15.518316129	 201.951612903	261.2236	 201.0
27.5	 230.364888387	 0.00483870967741	 15.6023116129	 201.99516129	245.9672	 202.0
28.0	 222.768092903	 1.96129032258	 15.6863070968	 202.038709677	238.4544	 204.0
28.5	 193.274097419	 26.9177419355	 15.7703025806	 202.082258065	209.0444	 229.0
29.0	 207.497701935	 17.8741935484	 15.8542980645	 202.125806452	223.352	 220.0
29.5	 217.798106452	 -3.16935483871	 15.9382935484	 202.169354839	233.7364	 199.0
30.0	 222.816910968	 19.7870967742	 16.0222890323	 202.212903226	238.8392	 222.0
30.5	 239.296915484	 9.7435483871	 16.1062845161	 202.256451613	255.4032	 212.0
31.0	 249.90532	 18.7	 16.19028	 202.3	266.0956	 221.0
31.5	 221.257324516	 28.6564516129	 16.2742754839	 202.343548387	237.5316	 231.0
32.0	 187.788529032	 10.6129032258	 16.3582709677	 202.387096774	204.1468	 213.0
32.5	 249.807333548	 33.5693548387	 16.4422664516	 202.430645161	266.2496	 236.0
33.0	 160.261738065	 27.5258064516	 16.5262619355	 202.474193548	176.788	 230.0
33.5	 209.459742581	 22.4822580645	 16.6102574194	 202.517741935	226.07	 225.0
34.0	 214.170547097	 15.4387096774	 16.6942529032	 202.561290323	230.8648	 218.0
34.5	 200.342951613	 14.3951612903	 16.7782483871	 202.60483871	217.1212	 217.0
35.0	 249.386956129	 -5.64838709677	 16.862243871	 202.648387097	266.2492	 197.0
35.5	 170.662560645	 55.3080645161	 16.9462393548	 202.691935484	187.6088	 258.0
36.0	 87.7833651613	 23.264516129	 17.0302348387	 202.735483871	104.8136	 226.0
36.5	 139.160969677	 29.2209677419	 17.1142303226	 202.779032258	156.2752	 232.0
37.0	 148.282174194	 36.1774193548	 17.1982258065	 202.822580645	165.4804	 239.0
37.5	 135.04417871	 21.1338709677	 17.2822212903	 202.866129032	152.3264	 224.0
38.0	 128.678183226	 26.0903225806	 17.3662167742	 202.909677419	146.0444	 229.0
38.5	 65.0813877419	 28.0467741935	 17.4502122581	 202.953225806	82.5316	 231.0
39.0	 30.8433922581	 13.0032258065	 17.5342077419	 202.996774194	48.3776	 216.0
39.5	 6.06699677419	 3.95967741935	 17.6182032258	 203.040322581	23.6852	 207.0
40.0	 5.26500129032	 -1.08387096774	 17.7021987097	 203.083870968	22.9672	 202.0
40.5	 11.1810058065	 -1.12741935484	 17.7861941935	 203.127419355	28.9672	 202.0
41.0	 27.6870103226	 23.8290322581	 17.8701896774	 203.170967742	45.5572	 227.0
41.5	 10.6798148387	 11.785483871	 17.9541851613	 203.214516129	28.634	 215.0
42.0	 63.6470193548	 3.74193548387	 18.0381806452	 203.258064516	81.6852	 207.0
42.5	 34.512223871	 50.6983870968	 18.122176129	 203.301612903	52.6344	 254.0
43.0	 35.0686283871	 -10.3451612903	 18.2061716129	 203.34516129	53.2748	 193.0
43.5	 -11.9381670968	 16.6112903226	 18.2901670968	 203.388709677	6.352	 220.0
44.0	 4.41343741935	 -12.4322580645	 18.3741625806	 203.432258065	22.7876	 191.0
44.5	 7.27824193548	 -4.47580645161	 18.4581580645	 203.475806452	25.7364	 199.0
45.0	 6.60464645161	 9.48064516129	 18.5421535484	 203.519354839	25.1468	 213.0
45.5	 7.13585096774	 -8.56290322581	 18.6261490323	 203.562903226	25.762	 195.0
46.0	 -7.07614451613	 11.3935483871	 18.7101445161	 203.606451613	11.634	 215.0
46.5	 -7.36534	 4.35	 18.79414	 203.65	11.4288	 208.0
47.0	 11.9094645161	 -12.6935483871	 18.8781354839	 203.693548387	30.7876	 191.0
47.5	 -10.6873309677	 -10.7370967742	 18.9621309677	 203.737096774	8.2748	 193.0
48.0	 -0.284126451613	 -8.78064516129	 19.0461264516	 203.780645161	18.762	 195.0
48.5	 -1.52172193548	 15.1758064516	 19.1301219355	 203.824193548	17.6084	 219.0
49.0	 -14.0417174194	 5.13225806452	 19.2141174194	 203.867741935	5.1724	 209.0
49.5	 -9.81811290323	 -3.91129032258	 19.2981129032	 203.911290323	9.48	 200.0
50.0	 22.6106916129	 -5.95483870968	 19.3821083871	 203.95483871	41.9928	 198.0
50.5	 17.270296129	 -4.99838709677	 19.466103871	 203.998387097	36.7364	 199.0
51.0	 5.10950064516	 6.95806451613	 19.5500993548	 204.041935484	24.6596	 211.0
51.5	 -7.89769483871	 -5.08548387097	 19.6340948387	 204.085483871	11.7364	 199.0
52.0	 -12.6996903226	 -10.1290322581	 19.7180903226	 204.129032258	7.0184	 194.0
52.5	 -0.424485806452	 11.8274193548	 19.8020858065	 204.172580645	19.3776	 216.0
53.0	 6.82471870968	 -1.21612903226	 19.8860812903	 204.216129032	26.7108	 203.0
53.5	 -14.9772767742	 -6.25967741935	 19.9700767742	 204.259677419	4.9928	 198.0
54.0	 -1.39447225806	 6.69677419355	 20.0540722581	 204.303225806	18.6596	 211.0
54.5	 10.9831322581	 12.6532258065	 20.1380677419	 204.346774194	31.1212	 217.0
55.0	 28.8479367742	 20.6096774194	 20.2220632258	 204.390322581	49.07	 225.0
55.5	 7.68674129032	 -6.43387096774	 20.3060587097	 204.433870968	27.9928	 198.0
56.0	 21.3719458065	 -9.47741935484	 20.3900541935	 204.477419355	41.762	 195.0
56.5	 3.56995032258	 -14.5209677419	 20.4740496774	 204.520967742	24.044	 190.0
57.0	 31.8195548387	 11.435483871	 20.5580451613	 204.564516129	52.3776	 216.0
57.5	 -0.418440645161	 -3.60806451613	 20.6420406452	 204.608064516	20.2236	 201.0
58.0	 -0.528036129032	 0.348387096774	 20.726036129	 204.651612903	20.198	 205.0
58.5	 20.8495683871	 6.30483870968	 20.8100316129	 204.69516129	41.6596	 211.0
59.0	 4.94517290323	 17.2612903226	 20.8940270968	 204.738709677	25.8392	 222.0
59.5	 2.57877741935	 -16.7822580645	 20.9780225806	 204.782258065	23.5568	 188.0
60.0	 -6.12041806452	 1.17419354839	 21.0620180645	 204.825806452	14.9416	 206.0
60.5	 -0.742813548387	 7.13064516129	 21.1460135484	 204.869354839	20.4032	 212.0
61.0	 8.22439096774	 -0.912903225806	 21.2300090323	 204.912903226	29.4544	 204.0
61.5	 -2.68000451613	 10.0435483871	 21.3140045161	 204.956451613	18.634	 215.0
Actin association begins: 15.0
Actin association ends: 43.0
Length of actin association: 28.0
Cofilin association begins: 30.0
Cofilin association ends: 34.5
Length of cofilin association: 4.5
Delay between actin and cofilin association: 15.0
Maximum normalized actin intensity: 249.90532
Maximum normalized cofilin intensity: 33.5693548387