Time	 Int488	 Int561	 Back488	 Back561	 Raw488	 Raw561
0.0	 -32.0210597465	 -2.24810158573	 67.2752	 232.0	38.788	 230.0
0.5	 -0.0197924166855	 -15.6161607252	 66.8824081159	 231.892753623	66.8648	 218.0
1.0	 -5.63061347708	 8.10945629982	 66.4896162319	 231.785507246	61.4804	 239.0
1.5	 18.8772816472	 23.9667177748	 66.0968243478	 231.67826087	82.8908	 253.0
2.0	 23.2093642801	 -13.0064080148	 65.7040324638	 231.571014493	86.352	 220.0
2.5	 24.025416033	 -27.4985179472	 65.3112405797	 231.463768116	86.6852	 207.0
3.0	 9.19153340702	 -11.6412564722	 64.9184486957	 231.356521739	73.0956	 221.0
3.5	 -13.3092748669	 -27.2574171974	 64.5256568116	 231.249275362	52.6852	 207.0
4.0	 -19.669612996	 -18.1444604796	 64.1328649275	 231.142028986	46.634	 215.0
4.5	 22.0160263448	 -7.90745296893	 63.7400730435	 231.034782609	83.3264	 224.0
5.0	 18.4226516474	 7.94980850606	 63.3472811594	 230.927536232	79.7368	 238.0
5.5	 28.6344191677	 -25.651164905	 62.9544892754	 230.820289855	88.4288	 208.0
6.0	 19.4787915269	 25.0516711488	 62.5616973913	 230.713043478	79.8908	 253.0
6.5	 6.83545908606	 49.9013389667	 62.1689055072	 230.605797101	68.25	 275.0
7.0	 19.6712107772	 133.201648014	 61.7761136232	 230.498550725	79.2764	 349.0
7.5	 90.9283783767	 177.16017931	 61.3833217391	 230.391304348	142.2768	 388.0
8.0	 -14.8394149108	 87.3566662559	 60.9905298551	 230.284057971	47.7888	 308.0
8.5	 40.0749534011	 50.3835404662	 60.597737971	 230.176811594	96.25	 275.0
9.0	 117.787319894	 7.79016071229	 60.204946087	 230.069565217	164.9932	 237.0
9.5	 204.925077095	 29.2676761516	 59.8121542029	 229.962318841	242.1216	 256.0
10.0	 114.607586766	 115.940137577	 59.4193623188	 229.855072464	161.3788	 333.0
10.5	 175.92005219	 45.2454880015	 59.0265704348	 229.747826087	215.532	 270.0
11.0	 228.384889014	 39.745784412	 58.6337785507	 229.64057971	261.814	 265.0
11.5	 356.363008483	 46.6106395441	 58.2409866667	 229.533333333	375.2756	 271.0
12.0	 328.328722966	 61.3438502262	 57.8481947826	 229.426086957	349.9424	 284.0
12.5	 326.320709507	 92.9378228013	 57.4554028986	 229.31884058	347.7632	 312.0
13.0	 400.026958974	 61.584950976	 57.0626110145	 229.211594203	412.9424	 284.0
13.5	 459.697860621	 115.659939408	 56.6698191304	 229.104347826	465.6352	 332.0
14.0	 434.86307328	 157.370369119	 56.2770272464	 228.997101449	443.1484	 369.0
14.5	 544.567274199	 77.6833132008	 55.8842353623	 228.889855072	540.3528	 298.0
15.0	 480.390709108	 119.393742912	 55.4914434783	 228.782608696	482.866	 335.0
15.5	 559.458231237	 128.506699629	 55.0986515942	 228.675362319	552.8148	 343.0
16.0	 472.713873568	 139.867757933	 54.7058597101	 228.568115942	475.2508	 353.0
16.5	 572.591172835	 190.570593987	 54.3130678261	 228.460869565	563.7128	 398.0
17.0	 589.26038735	 289.607614134	 53.920275942	 228.353623188	578.1496	 486.0
17.5	 556.498793819	 252.634488344	 53.527484058	 228.246376812	548.6108	 453.0
18.0	 600.0	 242.638581583	 53.1346921739	 228.139130435	586.9184	 444.0
18.5	 532.998470457	 242.759131958	 52.7419002899	 228.031884058	526.9184	 444.0
19.0	 529.751303404	 292.337917219	 52.3491084058	 227.924637681	523.6368	 488.0
19.5	 564.404880984	 347.536956444	 51.9563165217	 227.817391304	554.0732	 537.0
20.0	 497.518903863	 373.510675055	 51.5635246377	 227.710144928	494.176	 560.0
20.5	 489.687408056	 261.226146143	 51.1707327536	 227.602898551	486.816	 460.0
21.0	 408.735508933	 201.772004497	 50.7779408696	 227.495652174	414.4052	 407.0
21.5	 74.0934390256	 88.3634247921	 50.3851489855	 227.388405797	116.3016	 306.0
22.0	 218.240804339	 115.461194196	 49.9923571014	 227.28115942	244.148	 330.0
22.5	 -23.191376861	 15.5412240057	 49.5995652174	 227.173913043	28.9676	 241.0
23.0	 -8.48340616922	 -18.0597494054	 49.2067733333	 227.066666667	41.6596	 211.0
23.5	 -47.1817863684	 -5.57464030896	 48.8139814493	 226.95942029	6.8392	 222.0
24.0	 18.5122290471	 -14.446496277	 48.4211895652	 226.852173913	64.8904	 214.0
24.5	 35.0658911407	 58.7373556341	 48.0283976812	 226.744927536	79.2244	 279.0
25.0	 -13.691844414	 18.3920774659	 47.6356057971	 226.637681159	35.4548	 243.0
25.5	 -23.4823359425	 -7.34054039514	 47.242813913	 226.530434783	26.352	 220.0
26.0	 -10.7338105929	 1.77241632266	 46.850022029	 226.423188406	37.3008	 228.0
26.5	 -27.1818301575	 6.38916986901	 46.4572301449	 226.315942029	22.2752	 232.0
27.0	 -46.0510551299	 -5.85483847762	 46.0644382609	 226.208695652	5.0956	 221.0
27.5	 -43.1307802927	 2.13406744732	 45.6716463768	 226.101449275	7.3008	 228.0
28.0	 5.41426660645	 -5.61373772784	 45.2788544928	 225.994202899	50.0956	 221.0
28.5	 -35.589766579	 15.8637777115	 44.8860626087	 225.886956522	13.224	 240.0
29.0	 0.360066375949	 0.247616986254	 44.4932707246	 225.779710145	44.8136	 226.0
29.5	 -7.47008056988	 19.4770308398	 44.1004788406	 225.672463768	37.4548	 243.0
30.0	 -33.9482301693	 10.6051748718	 43.7076869565	 225.565217391	13.506	 235.0
30.5	 -4.91535617332	 21.9662331753	 43.3148950725	 225.457971014	38.942	 245.0
31.0	 -1.93663069496	 108.638694601	 42.9221031884	 225.350724638	41.1992	 322.0
31.5	 -16.7714125616	 36.8199942323	 42.5293113043	 225.243478261	27.6088	 258.0
32.0	 19.8411607409	 5.46712240703	 42.1365194203	 225.136231884	59.788	 230.0
32.5	 -15.2831875573	 30.3167902249	 41.7437275362	 225.028985507	28.1472	 252.0
33.0	 9.82944689351	 -4.40823397897	 41.3509356522	 224.92173913	50.0956	 221.0
33.5	 -5.3506433767	 -22.2724962899	 40.9581437681	 224.814492754	36.198	 205.0
34.0	 -15.6595471309	 -10.9114379864	 40.5653518841	 224.707246377	26.634	 215.0
Actin association begins: 8.5
Actin association ends: 22.0
Length of actin association: 13.5
Area under actin curve during patch life: 10878.2113734
Cofilin association begins: 6.0
Cofilin association ends: 22.5
Length of cofilin association: 16.5
Delay between actin and cofilin association: -2.5
Area under cofilin curve during patch life: 4675.96332912
Cofilin intensity score: 243.988191178