Time	 Int488	 Int561	 Back488	 Back561	 Raw488	 Raw561
0.0	 -2.04624	 -8.4	 41.09064	 237.4	39.0444	 229.0
0.5	 -16.2667189474	 -18.2552631579	 40.8751189474	 237.255263158	24.6084	 219.0
1.0	 53.5640021053	 -36.1105263158	 40.6595978947	 237.110526316	94.2236	 201.0
1.5	 -12.5788768421	 20.0342105263	 40.4440768421	 236.965789474	27.8652	 257.0
2.0	 -20.5169557895	 44.1789473684	 40.2285557895	 236.821052632	19.7116	 281.0
2.5	 -41.0710347368	 8.32368421053	 40.0130347368	 236.676315789	-1.058	 245.0
3.0	 -19.6247136842	 11.4684210526	 39.7975136842	 236.531578947	20.1728	 248.0
3.5	 -12.9219926316	 13.6131578947	 39.5819926316	 236.386842105	26.66	 250.0
4.0	 -26.9376715789	 -28.2421052632	 39.3664715789	 236.242105263	12.4288	 208.0
4.5	 -9.41375052632	 40.9026315789	 39.1509505263	 236.097368421	29.7372	 277.0
5.0	 -41.3010294737	 18.0473684211	 38.9354294737	 235.952631579	-2.3656	 254.0
5.5	 37.6840915789	 54.1921052632	 38.7199084211	 235.807894737	76.404	 290.0
6.0	 -8.76718736842	 41.3368421053	 38.5043873684	 235.663157895	29.7372	 277.0
6.5	 -17.3468663158	 9.48157894737	 38.2888663158	 235.518421053	20.942	 245.0
7.0	 29.8686547368	 9.62631578947	 38.0733452632	 235.373684211	67.942	 245.0
7.5	 24.7773757895	 96.7710526316	 37.8578242105	 235.228947368	62.6352	 332.0
8.0	 1.76129684211	 15.9157894737	 37.6423031579	 235.084210526	39.4036	 251.0
8.5	 11.7972178947	 5.06052631579	 37.4267821053	 234.939473684	49.224	 240.0
9.0	 27.4743389474	 11.2052631579	 37.2112610526	 234.794736842	64.6856	 246.0
9.5	 103.58746	 27.35	 36.99574	 234.65	140.5832	 262.0
10.0	 87.6749810526	 47.4947368421	 36.7802189474	 234.505263158	124.4552	 282.0
10.5	 100.556902105	 21.6394736842	 36.5646978947	 234.360526316	137.1216	 256.0
11.0	 186.413223158	 -0.215789473684	 36.3491768421	 234.215789474	222.7624	 234.0
11.5	 179.962344211	 25.9289473684	 36.1336557895	 234.071052632	216.096	 260.0
12.0	 185.947065263	 23.0736842105	 35.9181347368	 233.926315789	221.8652	 257.0
12.5	 227.419386316	 61.2184210526	 35.7026136842	 233.781578947	263.122	 295.0
13.0	 279.378107368	 23.3631578947	 35.4870926316	 233.636842105	314.8652	 257.0
13.5	 280.850428421	 61.5078947368	 35.2715715789	 233.492105263	316.122	 295.0
14.0	 340.373149474	 13.6526315789	 35.0560505263	 233.347368421	375.4292	 247.0
14.5	 306.435070526	 37.7973684211	 34.8405294737	 233.202631579	341.2756	 271.0
15.0	 418.958191579	 28.9421052632	 34.6250084211	 233.057894737	453.5832	 262.0
15.5	 468.251312632	 95.0868421053	 34.4094873684	 232.913157895	502.6608	 328.0
16.0	 369.184033684	 22.2315789474	 34.1939663158	 232.768421053	403.378	 255.0
16.5	 423.169154737	 58.3763157895	 33.9784452632	 232.623684211	457.1476	 291.0
17.0	 453.154275789	 94.5210526316	 33.7629242105	 232.478947368	486.9172	 327.0
17.5	 490.292596842	 67.6657894737	 33.5474031579	 232.334210526	523.84	 300.0
18.0	 508.457317895	 114.810526316	 33.3318821053	 232.189473684	541.7892	 347.0
18.5	 490.672438947	 75.9552631579	 33.1163610526	 232.044736842	523.7888	 308.0
19.0	 484.22156	 102.1	 32.90084	 231.9	517.1224	 334.0
19.5	 387.796681053	 163.244736842	 32.6853189474	 231.755263158	420.482	 395.0
20.0	 578.165802105	 139.389473684	 32.4697978947	 231.610526316	610.6356	 371.0
20.5	 416.381723158	 178.534210526	 32.2542768421	 231.465789474	448.636	 410.0
21.0	 479.006444211	 75.6789473684	 32.0387557895	 231.321052632	511.0452	 307.0
21.5	 463.427565263	 121.823684211	 31.8232347368	 231.176315789	495.2508	 353.0
22.0	 512.976286316	 108.968421053	 31.6077136842	 231.031578947	544.584	 340.0
22.5	 410.705007368	 146.113157895	 31.3921926316	 230.886842105	442.0972	 377.0
23.0	 360.844128421	 197.257894737	 31.1766715789	 230.742105263	392.0208	 428.0
23.5	 291.212449474	 95.4026315789	 30.9611505263	 230.597368421	322.1736	 326.0
24.0	 388.581970526	 110.547368421	 30.7456294737	 230.452631579	419.3276	 341.0
24.5	 190.873891579	 59.6921052632	 30.5301084211	 230.307894737	221.404	 290.0
25.0	 188.525812632	 108.836842105	 30.3145873684	 230.163157895	218.8404	 339.0
25.5	 338.869333684	 88.9815789474	 30.0990663158	 230.018421053	368.9684	 319.0
26.0	 273.110854737	 124.126315789	 29.8835452632	 229.873684211	302.9944	 354.0
26.5	 366.710775789	 103.271052632	 29.6680242105	 229.728947368	396.3788	 333.0
27.0	 236.925896842	 64.4157894737	 29.4525031579	 229.584210526	266.3784	 294.0
27.5	 163.859017895	 30.5605263158	 29.2369821053	 229.439473684	193.096	 260.0
28.0	 72.6645389474	 55.7052631579	 29.0214610526	 229.294736842	101.686	 285.0
28.5	 24.67446	 9.85	 28.80594	 229.15	53.4804	 239.0
29.0	 2.63398105263	 49.9947368421	 28.5904189474	 229.005263158	31.2244	 279.0
29.5	 42.4907021053	 67.1394736842	 28.3748978947	 228.860526316	70.8656	 296.0
30.0	 18.0390231579	 15.2842105263	 28.1593768421	 228.715789474	46.1984	 244.0
30.5	 17.0493442105	 8.42894736842	 27.9438557895	 228.571052632	44.9932	 237.0
31.0	 10.3420652632	 35.5736842105	 27.7283347368	 228.426315789	38.0704	 264.0
31.5	 21.4291863158	 16.7184210526	 27.5128136842	 228.281578947	48.942	 245.0
32.0	 -9.91929263158	 26.8631578947	 27.2972926316	 228.136842105	17.378	 255.0
32.5	 -36.7805715789	 39.0078947368	 27.0817715789	 227.992105263	-9.6988	 267.0
33.0	 30.0245494737	 25.1526315789	 26.8662505263	 227.847368421	56.8908	 253.0
33.5	 5.57327052632	 12.2973684211	 26.6507294737	 227.702631579	32.224	 240.0
34.0	 -19.5700084211	 29.4421052632	 26.4352084211	 227.557894737	6.8652	 257.0
34.5	 -10.7136873684	 7.58684210526	 26.2196873684	 227.413157895	15.506	 235.0
35.0	 19.8610336842	 29.7315789474	 26.0041663158	 227.268421053	45.8652	 257.0
35.5	 11.8453547368	 -12.1236842105	 25.7886452632	 227.123684211	37.634	 215.0
36.0	 19.7788757895	 -6.97894736842	 25.5731242105	 226.978947368	45.352	 220.0
36.5	 3.63559684211	 10.1657894737	 25.3576031579	 226.834210526	28.9932	 237.0
37.0	 -16.8412821053	 1.31052631579	 25.1420821053	 226.689473684	8.3008	 228.0
37.5	 -21.6513610526	 5.45526315789	 24.9265610526	 226.544736842	3.2752	 232.0
Actin association begins: 7.0
Actin association ends: 31.5
Length of actin association: 24.5
Cofilin association begins: 11.5
Cofilin association ends: 35.0
Length of cofilin association: 23.5
Delay between actin and cofilin association: 4.5
Maximum normalized actin intensity: 578.165802105
Maximum normalized cofilin intensity: 197.257894737