Time	 Int488	 Int561	 Back488	 Back561	 Raw488	 Raw561
0.0	 9.64616	 0.6	 41.39864	 267.4	51.0448	 268.0
0.5	 -11.2167895652	 -19.5913043478	 41.3895895652	 267.591304348	30.1728	 248.0
1.0	 -1.59213913043	 1.21739130435	 41.3805391304	 267.782608696	39.7884	 269.0
1.5	 -9.60868869565	 5.02608695652	 41.3714886957	 267.973913043	31.7628	 273.0
2.0	 12.8619617391	 10.8347826087	 41.3624382609	 268.165217391	54.2244	 279.0
2.5	 -23.5137878261	 -7.35652173913	 41.3533878261	 268.356521739	17.8396	 261.0
3.0	 -16.7863373913	 36.452173913	 41.3443373913	 268.547826087	24.558	 305.0
3.5	 6.14551304348	 9.26086956522	 41.3352869565	 268.739130435	47.4808	 278.0
4.0	 -3.51183652174	 35.0695652174	 41.3262365217	 268.930434783	37.8144	 304.0
4.5	 -2.42598608696	 22.8782608696	 41.317186087	 269.12173913	38.8912	 292.0
5.0	 -4.80173565217	 4.68695652174	 41.3081356522	 269.313043478	36.5064	 274.0
5.5	 0.130114782609	 -22.5043478261	 41.2990852174	 269.504347826	41.4292	 247.0
6.0	 -5.98883478261	 -2.69565217391	 41.2900347826	 269.695652174	35.3012	 267.0
6.5	 -1.44138434783	 -8.88695652174	 41.2809843478	 269.886956522	39.8396	 261.0
7.0	 47.285266087	 -43.0782608696	 41.271933913	 270.07826087	88.5572	 227.0
7.5	 85.0639165217	 -7.26956521739	 41.2628834783	 270.269565217	126.3268	 263.0
8.0	 53.2781669565	 -0.460869565217	 41.2538330435	 270.460869565	94.532	 270.0
8.5	 56.8260173913	 32.347826087	 41.2447826087	 270.652173913	98.0708	 303.0
9.0	 93.1938678261	 15.1565217391	 41.2357321739	 270.843478261	134.4296	 286.0
9.5	 99.5105182609	 5.9652173913	 41.2266817391	 271.034782609	140.7372	 277.0
10.0	 133.878368696	 -11.2260869565	 41.2176313043	 271.226086957	175.096	 260.0
10.5	 91.7594191304	 8.58260869565	 41.2085808696	 271.417391304	132.968	 280.0
11.0	 146.614869565	 32.3913043478	 41.1995304348	 271.608695652	187.8144	 304.0
11.5	 181.64912	 -10.8	 41.19048	 271.8	222.8396	 261.0
12.0	 187.684170435	 24.0086956522	 41.1814295652	 271.991304348	228.8656	 296.0
12.5	 213.61642087	 35.8173913043	 41.1723791304	 272.182608696	254.7888	 308.0
13.0	 172.651071304	 31.6260869565	 41.1633286957	 272.373913043	213.8144	 304.0
13.5	 226.096121739	 41.4347826087	 41.1542782609	 272.565217391	267.2504	 314.0
14.0	 236.361972174	 79.2434782609	 41.1452278261	 272.756521739	277.5072	 352.0
14.5	 222.140222609	 76.052173913	 41.1361773913	 272.947826087	263.2764	 349.0
15.0	 192.713273043	 65.8608695652	 41.1271269565	 273.139130435	233.8404	 339.0
15.5	 187.773923478	 96.6695652174	 41.1180765217	 273.330434783	228.892	 370.0
16.0	 248.218973913	 106.47826087	 41.109026087	 273.52173913	289.328	 380.0
16.5	 197.253224348	 63.2869565217	 41.0999756522	 273.713043478	238.3532	 337.0
17.0	 177.570274783	 93.0956521739	 41.0909252174	 273.904347826	218.6612	 367.0
17.5	 203.630125217	 45.9043478261	 41.0818747826	 274.095652174	244.712	 320.0
18.0	 165.690775652	 76.7130434783	 41.0728243478	 274.286956522	206.7636	 351.0
18.5	 121.571826087	 96.5217391304	 41.063773913	 274.47826087	162.6356	 371.0
19.0	 175.760476522	 107.330434783	 41.0547234783	 274.669565217	216.8152	 382.0
19.5	 152.666726957	 84.1391304348	 41.0456730435	 274.860869565	193.7124	 359.0
20.0	 181.881377391	 129.947826087	 41.0366226087	 275.052173913	222.918	 405.0
20.5	 150.249227826	 112.756521739	 41.0275721739	 275.243478261	191.2768	 388.0
21.0	 164.437878261	 123.565217391	 41.0185217391	 275.434782609	205.4564	 399.0
21.5	 167.190528696	 124.373913043	 41.0094713043	 275.626086957	208.2	 400.0
22.0	 188.30197913	 108.182608696	 41.0004208696	 275.817391304	229.3024	 384.0
22.5	 211.311429565	 146.991304348	 40.9913704348	 276.008695652	252.3028	 423.0
23.0	 231.14088	 135.8	 40.98232	 276.2	272.1232	 412.0
23.5	 186.355130435	 142.608695652	 40.9732695652	 276.391304348	227.3284	 419.0
24.0	 210.95378087	 128.417391304	 40.9642191304	 276.582608696	251.918	 405.0
24.5	 116.398431304	 99.2260869565	 40.9551686957	 276.773913043	157.3536	 376.0
25.0	 141.202281739	 92.0347826087	 40.9461182609	 276.965217391	182.1484	 369.0
25.5	 129.467732174	 90.8434782609	 40.9370678261	 277.156521739	170.4048	 368.0
26.0	 122.528382609	 121.652173913	 40.9280173913	 277.347826087	163.4564	 399.0
26.5	 104.665833043	 140.460869565	 40.9189669565	 277.539130435	145.5848	 418.0
27.0	 66.7260834783	 132.269565217	 40.9099165217	 277.730434783	107.636	 410.0
27.5	 138.837933913	 155.07826087	 40.900866087	 277.92173913	179.7388	 433.0
28.0	 116.282984348	 164.886956522	 40.8918156522	 278.113043478	157.1748	 443.0
28.5	 129.728034783	 174.695652174	 40.8827652174	 278.304347826	170.6108	 453.0
29.0	 97.0186852174	 130.504347826	 40.8737147826	 278.495652174	137.8924	 409.0
29.5	 61.4377356522	 105.313043478	 40.8646643478	 278.686956522	102.3024	 384.0
30.0	 85.729186087	 139.12173913	 40.855613913	 278.87826087	126.5848	 418.0
30.5	 33.5586365217	 127.930434783	 40.8465634783	 279.069565217	74.4052	 407.0
31.0	 67.0804869565	 125.739130435	 40.8375130435	 279.260869565	107.918	 405.0
31.5	 7.3967373913	 77.547826087	 40.8284626087	 279.452173913	48.2252	 357.0
32.0	 24.5597878261	 92.3565217391	 40.8194121739	 279.643478261	65.3792	 372.0
32.5	 62.9276382609	 75.1652173913	 40.8103617391	 279.834782609	103.738	 355.0
33.0	 12.3214886957	 92.9739130435	 40.8013113043	 280.026086957	53.1228	 373.0
33.5	 -9.33626086957	 79.7826086957	 40.7922608696	 280.217391304	31.456	 360.0
34.0	 18.2875895652	 22.5913043478	 40.7832104348	 280.408695652	59.0708	 303.0
34.5	 -9.54896	 76.4	 40.77416	 280.6	31.2252	 357.0
35.0	 14.0496904348	 62.2086956522	 40.7651095652	 280.791304348	54.8148	 343.0
35.5	 -26.2748591304	 36.0173913043	 40.7560591304	 280.982608696	14.4812	 317.0
36.0	 -6.03500869565	 38.8260869565	 40.7470086957	 281.173913043	34.712	 320.0
36.5	 -4.71835826087	 29.6347826087	 40.7379582609	 281.365217391	36.0196	 311.0
37.0	 -23.8373078261	 49.4434782609	 40.7289078261	 281.556521739	16.8916	 331.0
37.5	 10.4281426087	 48.252173913	 40.7198573913	 281.747826087	51.148	 330.0
38.0	 12.6935930435	 47.0608695652	 40.7108069565	 281.939130435	53.4044	 329.0
38.5	 -33.5029565217	 0.869565217391	 40.7017565217	 282.130434783	7.1988	 283.0
39.0	 -14.699106087	 -6.32173913043	 40.692706087	 282.32173913	25.9936	 276.0
39.5	 1.51514434783	 0.486956521739	 40.6836556522	 282.513043478	42.1988	 283.0
40.0	 6.08859478261	 29.2956521739	 40.6746052174	 282.704347826	46.7632	 312.0
40.5	 -0.979554782609	 2.10434782609	 40.6655547826	 282.895652174	39.686	 285.0
41.0	 -29.3549043478	 22.9130434783	 40.6565043478	 283.086956522	11.3016	 306.0
41.5	 -3.52545391304	 11.7217391304	 40.647453913	 283.27826087	37.122	 295.0
42.0	 -15.0036034783	 9.53043478261	 40.6384034783	 283.469565217	25.6348	 293.0
42.5	 -25.8921530435	 -6.66086956522	 40.6293530435	 283.660869565	14.7372	 277.0
43.0	 0.475697391304	 -23.852173913	 40.6203026087	 283.852173913	41.096	 260.0
43.5	 -10.5920521739	 -12.0434782609	 40.6112521739	 284.043478261	30.0192	 272.0
44.0	 -23.3262017391	 25.7652173913	 40.6022017391	 284.234782609	17.276	 310.0
44.5	 -14.1635513043	 1.57391304348	 40.5931513043	 284.426086957	26.4296	 286.0
45.0	 -18.8213008696	 -11.6173913043	 40.5841008696	 284.617391304	21.7628	 273.0
45.5	 -22.5554504348	 26.1913043478	 40.5750504348	 284.808695652	18.0196	 311.0
46.0	 -11.7008	 -28.0	 40.566	 285.0	28.8652	 257.0
46.5	 2.97505043478	 -15.1913043478	 40.5569495652	 285.191304348	43.532	 270.0
47.0	 -38.6050991304	 37.6173913043	 40.5478991304	 285.382608696	1.9428	 323.0
47.5	 -6.62204869565	 2.42608695652	 40.5388486957	 285.573913043	33.9168	 288.0
48.0	 -13.0233982609	 -11.7652173913	 40.5297982609	 285.765217391	27.5064	 274.0
48.5	 21.9340521739	 -42.9565217391	 40.5207478261	 285.956521739	62.4548	 243.0
49.0	 -6.6716973913	 13.852173913	 40.5116973913	 286.147826087	33.84	 300.0
49.5	 4.33735304348	 13.6608695652	 40.5026469565	 286.339130435	44.84	 300.0
50.0	 13.5768034783	 -22.5304347826	 40.4935965217	 286.530434783	54.0704	 264.0
50.5	 42.073053913	 -20.7217391304	 40.484546087	 286.72173913	82.5576	 266.0
51.0	 4.62090434783	 12.0869565217	 40.4754956522	 286.913043478	45.0964	 299.0
51.5	 25.7579547826	 -8.10434782609	 40.4664452174	 287.104347826	66.2244	 279.0
52.0	 1.69020521739	 3.70434782609	 40.4573947826	 287.295652174	42.1476	 291.0
52.5	 -14.5315443478	 0.513043478261	 40.4483443478	 287.486956522	25.9168	 288.0
53.0	 -24.445693913	 -11.6782608696	 40.439293913	 287.67826087	15.9936	 276.0
53.5	 -20.1286434783	 18.1304347826	 40.4302434783	 287.869565217	20.3016	 306.0
54.0	 7.62360695652	 -20.0608695652	 40.4211930435	 288.060869565	48.0448	 268.0
54.5	 18.2738573913	 -3.25217391304	 40.4121426087	 288.252173913	58.686	 285.0
55.0	 -4.87109217391	 -18.4434782609	 40.4030921739	 288.443478261	35.532	 270.0
55.5	 -1.65644173913	 27.3652173913	 40.3940417391	 288.634782609	38.7376	 316.0
56.0	 -10.7501913043	 4.17391304348	 40.3849913043	 288.826086957	29.6348	 293.0
56.5	 -4.17714086957	 -6.01739130435	 40.3759408696	 289.017391304	36.1988	 283.0
57.0	 21.3191095652	 -4.20869565217	 40.3668904348	 289.208695652	61.686	 285.0
Actin association begins: 7.0
Actin association ends: 33.0
Length of actin association: 26.0
Cofilin association begins: 12.0
Cofilin association ends: 38.5
Length of cofilin association: 26.5
Delay between actin and cofilin association: 5.0
Maximum normalized actin intensity: 248.218973913
Maximum normalized cofilin intensity: 174.695652174