Time	 Int488	 Int561	 Back488	 Back561	 Raw488	 Raw561
0.0	 16.1588	 -17.0	 47.27	 225.0	63.4288	 208.0
0.5	 5.50512784314	 4.86666666667	 47.2828721569	 225.133333333	52.788	 230.0
1.0	 -22.0461443137	 10.7333333333	 47.2957443137	 225.266666667	25.2496	 236.0
1.5	 -7.98221647059	 -1.4	 47.3086164706	 225.4	39.3264	 224.0
2.0	 8.23571137255	 1.46666666667	 47.3214886275	 225.533333333	55.5572	 227.0
2.5	 4.91523921569	 10.3333333333	 47.3343607843	 225.666666667	52.2496	 236.0
3.0	 -8.17483294118	 -16.8	 47.3472329412	 225.8	39.1724	 209.0
3.5	 -11.572105098	 4.06666666667	 47.360105098	 225.933333333	35.788	 230.0
4.0	 6.4406227451	 -0.0666666666667	 47.3729772549	 226.066666667	53.8136	 226.0
4.5	 -9.59784941176	 3.8	 47.3858494118	 226.2	37.788	 230.0
5.0	 -5.76472156863	 -11.3333333333	 47.3987215686	 226.333333333	41.634	 215.0
5.5	 -10.4439937255	 14.5333333333	 47.4115937255	 226.466666667	36.9676	 241.0
6.0	 -4.17486588235	 9.4	 47.4244658824	 226.6	43.2496	 236.0
6.5	 48.8890619608	 -2.73333333333	 47.4373380392	 226.733333333	96.3264	 224.0
7.0	 -14.1750101961	 5.13333333333	 47.4502101961	 226.866666667	33.2752	 232.0
7.5	 1.63251764706	 -6.0	 47.4630823529	 227.0	49.0956	 221.0
8.0	 27.5172454902	 9.86666666667	 47.4759545098	 227.133333333	74.9932	 237.0
8.5	 27.3503733333	 -5.26666666667	 47.4888266667	 227.266666667	74.8392	 222.0
9.0	 40.5939011765	 -6.4	 47.5016988235	 227.4	88.0956	 221.0
9.5	 26.5810290196	 -6.53333333333	 47.5145709804	 227.533333333	74.0956	 221.0
10.0	 96.3629568627	 -13.6666666667	 47.5274431373	 227.666666667	143.8904	 214.0
10.5	 86.8884847059	 -19.8	 47.5403152941	 227.8	134.4288	 208.0
11.0	 50.388812549	 17.0666666667	 47.553187451	 227.933333333	97.942	 245.0
11.5	 101.914340392	 10.9333333333	 47.5660596078	 228.066666667	149.4804	 239.0
12.0	 136.516668235	 -7.2	 47.5789317647	 228.2	184.0956	 221.0
12.5	 122.760196078	 -8.33333333333	 47.5918039216	 228.333333333	170.352	 220.0
13.0	 163.183323922	 1.53333333333	 47.6046760784	 228.466666667	210.788	 230.0
13.5	 143.785651765	 -16.6	 47.6175482353	 228.6	191.4032	 212.0
14.0	 186.106379608	 9.26666666667	 47.6304203922	 228.733333333	233.7368	 238.0
14.5	 189.195907451	 -6.86666666667	 47.643292549	 228.866666667	236.8392	 222.0
15.0	 277.183035294	 -7.0	 47.6561647059	 229.0	324.8392	 222.0
15.5	 197.580563137	 6.86666666667	 47.6690368627	 229.133333333	245.2496	 236.0
16.0	 265.95289098	 63.7333333333	 47.6819090196	 229.266666667	313.6348	 293.0
16.5	 263.811618824	 44.6	 47.6947811765	 229.4	311.5064	 274.0
17.0	 268.542346667	 45.4666666667	 47.7076533333	 229.533333333	316.25	 275.0
17.5	 272.42707451	 61.3333333333	 47.7205254902	 229.666666667	320.1476	 291.0
18.0	 305.465402353	 53.2	 47.7333976471	 229.8	353.1988	 283.0
18.5	 293.144930196	 62.0666666667	 47.7462698039	 229.933333333	340.8912	 292.0
19.0	 290.593658039	 67.9333333333	 47.7591419608	 230.066666667	338.3528	 298.0
19.5	 358.196385882	 88.8	 47.7720141176	 230.2	405.9684	 319.0
20.0	 379.363113725	 99.6666666667	 47.7848862745	 230.333333333	427.148	 330.0
20.5	 328.657841569	 90.5333333333	 47.7977584314	 230.466666667	376.4556	 321.0
21.0	 423.747369412	 74.4	 47.8106305882	 230.6	471.558	 305.0
21.5	 305.272897255	 68.2666666667	 47.8235027451	 230.733333333	353.0964	 299.0
22.0	 283.772825098	 66.1333333333	 47.836374902	 230.866666667	331.6092	 297.0
22.5	 315.811152941	 58.0	 47.8492470588	 231.0	363.6604	 289.0
23.0	 306.747480784	 104.866666667	 47.8621192157	 231.133333333	354.6096	 336.0
23.5	 301.939408627	 72.7333333333	 47.8749913725	 231.266666667	349.8144	 304.0
24.0	 303.387736471	 39.6	 47.8878635294	 231.4	351.2756	 271.0
24.5	 362.067264314	 48.4666666667	 47.9007356863	 231.533333333	409.968	 280.0
25.0	 368.516392157	 93.3333333333	 47.9136078431	 231.666666667	416.43	 325.0
25.5	 368.42632	 66.2	 47.92648	 231.8	416.3528	 298.0
26.0	 176.157047843	 67.0666666667	 47.9393521569	 231.933333333	224.0964	 299.0
26.5	 180.938575686	 20.9333333333	 47.9522243137	 232.066666667	228.8908	 253.0
27.0	 204.284903529	 42.8	 47.9650964706	 232.2	252.25	 275.0
27.5	 202.374431373	 26.6666666667	 47.9779686275	 232.333333333	250.3524	 259.0
28.0	 198.695159216	 52.5333333333	 47.9908407843	 232.466666667	246.686	 285.0
28.5	 87.3742870588	 22.4	 48.0037129412	 232.6	135.378	 255.0
29.0	 125.592214902	 25.2666666667	 48.016585098	 232.733333333	173.6088	 258.0
29.5	 151.989742745	 39.1333333333	 48.0294572549	 232.866666667	200.0192	 272.0
30.0	 185.079270588	 23.0	 48.0423294118	 233.0	233.1216	 256.0
30.5	 89.3487984314	 56.8666666667	 48.0552015686	 233.133333333	137.404	 290.0
31.0	 107.899526275	 7.73333333333	 48.0680737255	 233.266666667	155.9676	 241.0
31.5	 132.964254118	 73.6	 48.0809458824	 233.4	181.0452	 307.0
32.0	 96.1565819608	 80.4666666667	 48.0938180392	 233.533333333	144.2504	 314.0
32.5	 145.374109804	 44.3333333333	 48.1066901961	 233.666666667	193.4808	 278.0
33.0	 44.0536376471	 53.2	 48.1195623529	 233.8	92.1732	 287.0
33.5	 53.9639654902	 65.0666666667	 48.1324345098	 233.933333333	102.0964	 299.0
34.0	 44.5662933333	 46.9333333333	 48.1453066667	 234.066666667	92.7116	 281.0
34.5	 104.579021176	 42.8	 48.1581788235	 234.2	152.7372	 277.0
35.0	 32.2077490196	 98.6666666667	 48.1710509804	 234.333333333	80.3788	 333.0
35.5	 56.0152768627	 87.5333333333	 48.1839231373	 234.466666667	104.1992	 322.0
36.0	 79.3612047059	 70.4	 48.1967952941	 234.6	127.558	 305.0
36.5	 74.348332549	 70.2666666667	 48.209667451	 234.733333333	122.558	 305.0
37.0	 56.3870603922	 101.133333333	 48.2225396078	 234.866666667	104.6096	 336.0
37.5	 75.2969882353	 74.0	 48.2354117647	 235.0	123.5324	 309.0
38.0	 -20.2550839216	 1.86666666667	 48.2482839216	 235.133333333	27.9932	 237.0
38.5	 21.6552439216	 13.7333333333	 48.2611560784	 235.266666667	69.9164	 249.0
39.0	 21.8219717647	 24.6	 48.2740282353	 235.4	70.096	 260.0
39.5	 4.03949960784	 -11.5333333333	 48.2869003922	 235.533333333	52.3264	 224.0
40.0	 11.077827451	 -19.6666666667	 48.299772549	 235.666666667	59.3776	 216.0
40.5	 -9.19144470588	 -18.8	 48.3126447059	 235.8	39.1212	 217.0
41.0	 -20.5119168627	 -9.93333333333	 48.3255168627	 235.933333333	27.8136	 226.0
41.5	 -7.44798901961	 -22.0666666667	 48.3383890196	 236.066666667	40.8904	 214.0
42.0	 -20.3068611765	 -7.2	 48.3512611765	 236.2	28.0444	 229.0
42.5	 -23.1145333333	 -0.333333333333	 48.3641333333	 236.333333333	25.2496	 236.0
43.0	 -28.7942054902	 -13.4666666667	 48.3770054902	 236.466666667	19.5828	 223.0
43.5	 4.93652235294	 -12.6	 48.3898776471	 236.6	53.3264	 224.0
44.0	 -30.5119498039	 16.2666666667	 48.4027498039	 236.733333333	17.8908	 253.0
44.5	 -14.0120219608	 14.1333333333	 48.4156219608	 236.866666667	34.4036	 251.0
45.0	 -1.20449411765	 3.0	 48.4284941176	 237.0	47.224	 240.0
45.5	 -2.29416627451	 14.8666666667	 48.4413662745	 237.133333333	46.1472	 252.0
46.0	 -13.2046384314	 -1.26666666667	 48.4542384314	 237.266666667	35.2496	 236.0
46.5	 -19.2431105882	 2.6	 48.4671105882	 237.4	29.224	 240.0
47.0	 -15.8971827451	 -14.5333333333	 48.4799827451	 237.533333333	32.5828	 223.0
47.5	 -24.038054902	 5.33333333333	 48.492854902	 237.666666667	24.4548	 243.0
48.0	 5.05147294118	 -10.8	 48.5057270588	 237.8	53.5572	 227.0
48.5	 1.24380078431	 -3.93333333333	 48.5185992157	 237.933333333	49.7624	 234.0
49.0	 -32.6406713725	 14.9333333333	 48.5314713725	 238.066666667	15.8908	 253.0
49.5	 17.7052564706	 -2.2	 48.5443435294	 238.2	66.2496	 236.0
50.0	 6.41038431373	 2.66666666667	 48.5572156863	 238.333333333	54.9676	 241.0
50.5	 7.47431215686	 -9.46666666667	 48.5700878431	 238.466666667	56.0444	 229.0
Actin association begins: 7.5
Actin association ends: 37.5
Length of actin association: 30.0
Cofilin association begins: 15.5
Cofilin association ends: 39.0
Length of cofilin association: 23.5
Delay between actin and cofilin association: 8.0
Maximum normalized actin intensity: 423.747369412
Maximum normalized cofilin intensity: 104.866666667