Time	 Int488	 Int561	 Back488	 Back561	 Raw488	 Raw561
0.0	 29.3920122824	 -54.878044898	 76.30344	 485.4	97.4056	 446.0
0.5	 -12.9007557332	 -6.16034905744	 75.9501699048	 484.422857143	66.688	 480.0
1.0	 -9.4090773159	 -38.2275924068	 75.5968998095	 483.445714286	68.8416	 456.0
1.5	 34.0834030256	 45.3111979122	 75.2436297143	 482.468571429	99.714	 515.0
2.0	 -36.2450817139	 67.5648619491	 74.890359619	 481.491428571	48.868	 530.0
2.5	 13.2104414149	 35.4976185997	 74.5370895238	 480.514285714	84.0216	 506.0
3.0	 77.7019917082	 48.0013761827	 74.1838194286	 479.537142857	129.9704	 514.0
3.5	 35.6944780987	 52.1480710909	 73.8305493333	 478.56	99.4576	 516.0
4.0	 18.9720933181	 22.8665152998	 73.4772792381	 477.582857143	87.0984	 494.0
4.5	 -11.1071061669	 13.0847724166	 73.1240091429	 476.605714286	65.1496	 486.0
5.0	 1.67038315709	 -0.875501804029	 72.7707390476	 475.628571429	73.97	 475.0
5.5	 -39.3365114815	 64.5563193862	 72.4174689524	 474.651428571	44.1756	 521.0
6.0	 60.7962397074	 -51.0815507114	 72.0641988571	 473.674285714	115.7132	 437.0
6.5	 58.4680596779	 64.4926465277	 71.7109287619	 472.697142857	113.6884	 519.0
7.0	 21.2463572935	 82.5677792272	 71.3576586667	 471.72	86.6116	 531.0
7.5	 14.379735094	 -72.0697166862	 71.0043885714	 470.742857143	81.3284	 419.0
8.0	 -31.3767568314	 28.1831989824	 70.6511184762	 469.765714286	48.124	 490.0
8.5	 23.4356434719	 -24.776701054	 70.297848381	 468.788571429	87.1236	 451.0
9.0	 24.8920985591	 -10.8800996919	 69.9445782857	 467.811428571	87.816	 460.0
9.5	 29.919805096	 -10.9119361211	 69.5913081905	 466.834285714	91.0724	 459.0
10.0	 -0.337678392778	 7.16319657842	 69.2380380952	 465.857142857	68.9956	 471.0
10.5	 44.7253725941	 8.52420392832	 68.884768	 464.88	100.9956	 471.0
11.0	 36.1098957456	 -36.0786334333	 68.5314979048	 463.902857143	94.4568	 438.0
11.5	 119.065540313	 -24.9677196294	 68.1782278095	 462.925714286	153.662	 445.0
12.0	 121.807868777	 5.64300708233	 67.8249577143	 461.948571429	155.2776	 466.0
12.5	 249.548455081	 -16.6743298131	 67.471687619	 460.971428571	246.6364	 449.0
13.0	 241.64778566	 -9.74194734665	 67.1184175238	 459.994285714	240.6108	 453.0
13.5	 334.21015234	 -30.6664404629	 66.7651474286	 459.017142857	306.7132	 437.0
14.0	 366.738166452	 25.0154742733	 66.4118773333	 458.04	329.7136	 476.0
14.5	 404.158962192	 77.9117014513	 66.0586072381	 457.062857143	356.2268	 513.0
15.0	 471.901409866	 180.950304678	 65.7053371429	 456.085714286	404.5096	 586.0
15.5	 416.321469335	 75.0623410345	 65.3520670476	 455.108571429	364.2524	 509.0
16.0	 437.634862475	 87.5660986175	 64.9987969524	 454.131428571	379.2012	 517.0
16.5	 409.271089388	 190.604701844	 64.6455268571	 453.154285714	358.484	 590.0
17.0	 449.977325034	 219.822584777	 64.2922567619	 452.177142857	387.356	 610.0
17.5	 398.612686916	 217.00506079	 63.9389866667	 451.2	350.1252	 607.0
18.0	 479.067341193	 129.224066275	 63.5857165714	 450.222857143	407.5348	 543.0
18.5	 460.667415365	 198.834418802	 63.2324464762	 449.245714286	393.9712	 592.0
19.0	 476.944842537	 182.088457023	 62.879176381	 448.268571429	405.3044	 579.0
19.5	 430.402229583	 241.948903097	 62.5259062857	 447.291428571	371.5356	 621.0
20.0	 600.0	 262.809723355	 62.1726361905	 446.314285714	492.946	 635.0
20.5	 432.993671413	 265.563574484	 61.8193660952	 445.337142857	372.6896	 636.0
21.0	 578.983854049	 220.960737122	 61.466096	 444.36	477.1508	 603.0
21.5	 516.048026951	 230.678807147	 61.1128259048	 443.382857143	431.6124	 609.0
22.0	 476.148164548	 286.360721883	 60.7595558095	 442.405714286	402.6128	 648.0
22.5	 557.567780996	 265.436228767	 60.4062857143	 441.428571429	460.7152	 632.0
23.0	 547.095921959	 293.26126792	 60.053015619	 440.451428571	452.8436	 651.0
23.5	 576.087227147	 248.658430559	 59.6997455238	 439.474285714	473.3048	 618.0
24.0	 577.864593441	 212.412655872	 59.3464754286	 438.497142857	474.2276	 591.0
24.5	 432.608913309	 298.737133749	 58.9932053333	 437.52	369.5872	 652.0
25.0	 278.2802488	 224.884577026	 58.6399352381	 436.542857143	258.4328	 598.0
25.5	 226.699998465	 92.5325815786	 58.2866651429	 435.565714286	221.0472	 502.0
26.0	 198.050413835	 185.821278351	 57.9333950476	 434.588571429	200.1248	 568.0
26.5	 155.150365931	 220.610536401	 57.5801249524	 433.611428571	168.9712	 592.0
27.0	 112.392388094	 178.793386597	 57.2268548571	 432.634285714	137.9196	 561.0
27.5	 325.920451305	 408.580773726	 56.8735847619	 431.657142857	290.87	 725.0
28.0	 244.377345593	 387.656280609	 56.5203146667	 430.68	231.9724	 709.0
28.5	 262.584139968	 450.302414241	 56.1670445714	 429.702857143	244.6908	 753.0
29.0	 306.576372658	 510.162860315	 55.8137744762	 428.725714286	275.922	 795.0
29.5	 278.140171695	 515.702399002	 55.460504381	 427.748571429	255.1528	 798.0
30.0	 195.025381063	 468.313874082	 55.1072342857	 426.771428571	195.1268	 763.0
30.5	 175.624836263	 476.639100328	 54.7539641905	 425.794285714	180.8448	 768.0
31.0	 335.472143089	 443.179013199	 54.4006940952	 424.817142857	295.2548	 743.0
31.5	 261.964631708	 418.075988746	 54.047424	 423.84	242.1264	 724.0
32.0	 181.385931029	 409.687089642	 53.6941539048	 422.862857143	183.9212	 717.0
32.5	 224.091176067	 344.191595593	 53.3408838095	 421.885714286	214.2284	 669.0
33.0	 45.4423448988	 370.623790967	 52.9876137143	 420.908571429	85.6132	 687.0
33.5	 91.1132329109	 440.234143495	 52.634343619	 419.931428571	118.0496	 736.0
34.0	 -5.10821768279	 427.666713054	 52.2810735238	 418.954285714	48.6136	 726.0
34.5	 96.5260191	 458.277439765	 51.9278034286	 417.977142857	121.2292	 747.0
35.0	 41.4814877178	 323.13975676	 51.5745333333	 417.0	81.3564	 649.0
35.5	 -0.740523833777	 306.393794981	 51.2212632381	 416.022857143	50.6896	 636.0
36.0	 1.32209686609	 225.577019362	 50.8679931429	 415.045714286	51.8172	 577.0
36.5	 19.9929867884	 270.116183865	 50.5147230476	 414.068571429	64.8688	 608.0
37.0	 45.8052653351	 178.156658013	 50.1614529524	 413.091428571	83.0476	 541.0
37.5	 4.18997653372	 121.018226639	 49.8081828571	 412.114285714	52.8164	 499.0
38.0	 -50.8885402368	 154.414640909	 49.4549127619	 411.137142857	12.9192	 522.0
38.5	 25.4594534421	 109.811803547	 49.1016426667	 410.16	67.3804	 489.0
39.0	 -38.0123399415	 94.4586855474	 48.7483725714	 409.182857143	21.4572	 477.0
39.5	 4.51406395486	 2.49915969514	 48.3951024762	 408.205714286	51.636	 410.0
40.0	 -18.3864186925	 13.610073499	 48.041832381	 407.228571429	34.8412	 417.0
40.5	 -5.50195896624	 -17.0643260713	 47.6885622857	 406.251428571	43.7384	 394.0
41.0	 -4.90238137198	 21.9034633153	 47.3352921905	 405.274285714	43.8156	 421.0
41.5	 -44.8028009124	 23.2644706652	 46.9820220952	 404.297142857	14.8156	 421.0
42.0	 -52.0248768443	 32.98254069	 46.628752	 403.32	9.2772	 427.0
42.5	 -21.140975529	 -35.298640917	 46.2754819048	 402.342857143	31.0972	 377.0
43.0	 -12.8985855499	 6.45483602789	 45.9222118095	 401.365714286	36.6616	 406.0
43.5	 -22.4071538296	 -61.8263455791	 45.5689417143	 400.388571429	29.4816	 356.0
44.0	 -39.7357042229	 3.60547561114	 45.215671619	 399.411428571	16.6872	 402.0
44.5	 13.3272842939	 6.35932674017	 44.8624015238	 398.434285714	54.4308	 403.0
45.0	 -22.8943562571	 31.3986783354	 44.5091314286	 397.457142857	28.072	 420.0
45.5	 0.775728557227	 2.11712254429	 44.1558613333	 396.48	44.7128	 398.0
46.0	 4.05346617001	 3.47812989419	 43.8025912381	 395.502857143	46.7128	 398.0
46.5	 -31.2037693483	 41.0530755016	 43.4493211429	 394.525714286	21.0464	 424.0
47.0	 -26.1760628114	 41.0212390724	 43.0960510476	 393.548571429	24.3028	 423.0
47.5	 -3.39962656576	 -66.2595683504	 42.7427809524	 392.571428571	40.302	 345.0
48.0	 -23.4782077166	 -6.39912227672	 42.3895108571	 391.594285714	25.5332	 387.0
48.5	 17.7634370779	 -6.43095870596	 42.0362407619	 390.617142857	54.7896	 386.0
49.0	 5.32711117444	 1.89426753963	 41.6829706667	 389.64	45.5076	 391.0
49.5	 -74.2866273343	 60.3618698341	 41.3297005714	 388.662857143	-12.0048	 432.0
50.0	 -6.545851073	 0.437750902014	 40.9764304762	 387.685714286	36.2768	 388.0
50.5	 37.6241084827	 -21.8795859934	 40.623160381	 386.708571429	67.6356	 371.0
51.0	 13.009313712	 -14.947203527	 40.2698902857	 385.731428571	49.61	 375.0
51.5	 -22.5699472881	 -35.8716966433	 39.9166201905	 384.754285714	23.7124	 359.0
52.0	 -28.8983746512	 51.8456250131	 39.5633500952	 383.777142857	18.8156	 421.0
Actin association begins: 10.5
Actin association ends: 33.5
Length of actin association: 23.0
Area under actin curve during patch life: 15542.502598
Cofilin association begins: 14.0
Cofilin association ends: 40.0
Length of cofilin association: 26.0
Delay between actin and cofilin association: 3.5
Area under cofilin curve during patch life: 13642.0452331
Cofilin intensity score: 109.536528062