Time	 Int488	 Int561	 Back488	 Back561	 Raw488	 Raw561
0.0	 9.646	 -15.0	 33.2704	 264.0	42.9164	 249.0
0.5	 24.7606819048	 -20.0222222222	 33.4377180952	 264.022222222	58.1984	 244.0
1.0	 15.1577638095	 8.95555555556	 33.6050361905	 264.044444444	48.7628	 273.0
1.5	 -23.9583542857	 0.933333333333	 33.7723542857	 264.066666667	9.814	 265.0
2.0	 -27.279272381	 24.9111111111	 33.939672381	 264.088888889	6.6604	 289.0
2.5	 -24.4209904762	 20.8888888889	 34.1069904762	 264.111111111	9.686	 285.0
3.0	 16.8472914286	 -8.13333333333	 34.2743085714	 264.133333333	51.1216	 256.0
3.5	 -6.60202666667	 -3.15555555556	 34.4416266667	 264.155555556	27.8396	 261.0
4.0	 -4.7177447619	 27.8222222222	 34.6089447619	 264.177777778	29.8912	 292.0
4.5	 -3.88546285714	 -11.2	 34.7762628571	 264.2	30.8908	 253.0
5.0	 28.0500190476	 11.7777777778	 34.9435809524	 264.222222222	62.9936	 276.0
5.5	 -8.68129904762	 21.7555555556	 35.1108990476	 264.244444444	26.4296	 286.0
6.0	 -10.2850171429	 -27.2666666667	 35.2782171429	 264.266666667	24.9932	 237.0
6.5	 -2.0931352381	 -5.28888888889	 35.4455352381	 264.288888889	33.3524	 259.0
7.0	 34.1243466667	 12.6888888889	 35.6128533333	 264.311111111	69.7372	 277.0
7.5	 37.1106285714	 -11.3333333333	 35.7801714286	 264.333333333	72.8908	 253.0
8.0	 -2.33868952381	 -6.35555555556	 35.9474895238	 264.355555556	33.6088	 258.0
8.5	 -4.07000761905	 3.62222222222	 36.114807619	 264.377777778	32.0448	 268.0
9.0	 0.660274285714	 19.6	 36.2821257143	 264.4	36.9424	 284.0
9.5	 12.6465561905	 -4.42222222222	 36.4494438095	 264.422222222	49.096	 260.0
10.0	 24.7360380952	 33.5555555556	 36.6167619048	 264.444444444	61.3528	 298.0
10.5	 -7.27768	 9.53333333333	 36.78408	 264.466666667	29.5064	 274.0
11.0	 69.1446019048	 -4.48888888889	 36.9513980952	 264.488888889	106.096	 260.0
11.5	 35.3876838095	 9.48888888889	 37.1187161905	 264.511111111	72.5064	 274.0
12.0	 66.0663657143	 -5.53333333333	 37.2860342857	 264.533333333	103.3524	 259.0
12.5	 58.463047619	 -15.5555555556	 37.453352381	 264.555555556	95.9164	 249.0
13.0	 92.0393295238	 -14.5777777778	 37.6206704762	 264.577777778	129.66	 250.0
13.5	 117.974811429	 8.4	 37.7879885714	 264.6	155.7628	 273.0
14.0	 156.961493333	 23.3777777778	 37.9553066667	 264.622222222	194.9168	 288.0
14.5	 148.384575238	 87.3555555556	 38.1226247619	 264.644444444	186.5072	 352.0
15.0	 238.934457143	 14.3333333333	 38.2899428571	 264.666666667	277.2244	 279.0
15.5	 224.126739048	 75.3111111111	 38.4572609524	 264.688888889	262.584	 340.0
16.0	 227.831020952	 56.2888888889	 38.6245790476	 264.711111111	266.4556	 321.0
16.5	 176.509702857	 41.2666666667	 38.7918971429	 264.733333333	215.3016	 306.0
17.0	 238.906384762	 31.2444444444	 38.9592152381	 264.755555556	277.8656	 296.0
17.5	 259.431466667	 40.2222222222	 39.1265333333	 264.777777778	298.558	 305.0
18.0	 207.699748571	 11.2	 39.2938514286	 264.8	246.9936	 276.0
18.5	 249.019630476	 13.1777777778	 39.4611695238	 264.822222222	288.4808	 278.0
19.0	 199.006312381	 28.1555555556	 39.628487619	 264.844444444	238.6348	 293.0
19.5	 255.018194286	 0.133333333333	 39.7958057143	 264.866666667	294.814	 265.0
20.0	 232.67207619	 67.1111111111	 39.9631238095	 264.888888889	272.6352	 332.0
20.5	 301.812358095	 58.0888888889	 40.1304419048	 264.911111111	341.9428	 323.0
21.0	 319.85024	 65.0666666667	 40.29776	 264.933333333	360.148	 330.0
21.5	 291.349721905	 78.0444444444	 40.4650780952	 264.955555556	331.8148	 343.0
22.0	 203.67000381	 119.022222222	 40.6323961905	 264.977777778	244.3024	 384.0
22.5	 210.475885714	 6.0	 40.7997142857	 265.0	251.2756	 271.0
23.0	 238.488567619	 55.9777777778	 40.967032381	 265.022222222	279.4556	 321.0
23.5	 287.501249524	 105.955555556	 41.1343504762	 265.044444444	328.6356	 371.0
24.0	 320.794731429	 33.9333333333	 41.3016685714	 265.066666667	362.0964	 299.0
24.5	 302.935413333	 63.9111111111	 41.4689866667	 265.088888889	344.4044	 329.0
25.0	 208.101295238	 50.8888888889	 41.6363047619	 265.111111111	249.7376	 316.0
25.5	 260.011177143	 77.8666666667	 41.8036228571	 265.133333333	301.8148	 343.0
26.0	 274.792659048	 85.8444444444	 41.9709409524	 265.155555556	316.7636	 351.0
26.5	 280.522940952	 101.822222222	 42.1382590476	 265.177777778	322.6612	 367.0
27.0	 365.663222857	 92.8	 42.3055771429	 265.2	407.9688	 358.0
27.5	 275.086704762	 195.777777778	 42.4728952381	 265.222222222	317.5596	 461.0
28.0	 285.662586667	 157.755555556	 42.6402133333	 265.244444444	328.3028	 423.0
28.5	 306.008068571	 155.733333333	 42.8075314286	 265.266666667	348.8156	 421.0
29.0	 279.814750476	 120.711111111	 42.9748495238	 265.288888889	322.7896	 386.0
29.5	 301.673432381	 155.688888889	 43.142167619	 265.311111111	344.8156	 421.0
30.0	 280.558114286	 225.666666667	 43.3094857143	 265.333333333	323.8676	 491.0
30.5	 230.36439619	 151.644444444	 43.4768038095	 265.355555556	273.8412	 417.0
31.0	 276.351478095	 205.622222222	 43.6441219048	 265.377777778	319.9956	 471.0
31.5	 325.85016	 140.6	 43.81144	 265.4	369.6616	 406.0
32.0	 235.811241905	 159.577777778	 43.9787580952	 265.422222222	279.79	 425.0
32.5	 240.05432381	 173.555555556	 44.1460761905	 265.444444444	284.2004	 439.0
33.0	 223.040605714	 149.533333333	 44.3133942857	 265.466666667	267.354	 415.0
33.5	 200.924087619	 102.511111111	 44.480712381	 265.488888889	245.4048	 368.0
34.0	 221.269969524	 139.488888889	 44.6480304762	 265.511111111	265.918	 405.0
34.5	 242.051851429	 186.466666667	 44.8153485714	 265.533333333	286.8672	 452.0
35.0	 293.961333333	 174.444444444	 44.9826666667	 265.555555556	338.944	 440.0
35.5	 204.768415238	 178.422222222	 45.1499847619	 265.577777778	249.9184	 444.0
36.0	 304.011497143	 192.4	 45.3173028571	 265.6	349.3288	 458.0
36.5	 325.716179048	 212.377777778	 45.4846209524	 265.622222222	371.2008	 478.0
37.0	 201.395260952	 236.355555556	 45.6519390476	 265.644444444	247.0472	 502.0
37.5	 275.175942857	 166.333333333	 45.8192571429	 265.666666667	320.9952	 432.0
38.0	 194.829424762	 194.311111111	 45.9865752381	 265.688888889	240.816	 460.0
38.5	 138.354506667	 203.288888889	 46.1538933333	 265.711111111	184.5084	 469.0
39.0	 216.418388571	 245.266666667	 46.3212114286	 265.733333333	262.7396	 511.0
39.5	 159.276670476	 241.244444444	 46.4885295238	 265.755555556	205.7652	 507.0
40.0	 181.468152381	 224.222222222	 46.655847619	 265.777777778	228.124	 490.0
40.5	 111.967234286	 198.2	 46.8231657143	 265.8	158.7904	 464.0
41.0	 146.41511619	 180.177777778	 46.9904838095	 265.822222222	193.4056	 446.0
41.5	 127.120198095	 239.155555556	 47.1578019048	 265.844444444	174.278	 505.0
42.0	 123.08208	 336.133333333	 47.32512	 265.866666667	170.4072	 602.0
42.5	 41.2727619048	 241.111111111	 47.4924380952	 265.888888889	88.7652	 507.0
43.0	 66.4898438095	 220.088888889	 47.6597561905	 265.911111111	114.1496	 486.0
43.5	 50.8865257143	 210.066666667	 47.8270742857	 265.933333333	98.7136	 476.0
44.0	 45.693207619	 175.044444444	 47.994392381	 265.955555556	93.6876	 441.0
44.5	 21.1662895238	 114.022222222	 48.1617104762	 265.977777778	69.328	 380.0
45.0	 -23.8978285714	 176.0	 48.3290285714	 266.0	24.4312	 442.0
45.5	 21.1144533333	 186.977777778	 48.4963466667	 266.022222222	69.6108	 453.0
46.0	 51.5623352381	 168.955555556	 48.6636647619	 266.044444444	100.226	 435.0
46.5	 3.11301714286	 173.933333333	 48.8309828571	 266.066666667	51.944	 440.0
47.0	 -10.1063009524	 103.911111111	 48.9983009524	 266.088888889	38.892	 370.0
47.5	 -41.7856190476	 183.888888889	 49.1656190476	 266.111111111	7.38	 450.0
48.0	 -30.1077371429	 90.8666666667	 49.3329371429	 266.133333333	19.2252	 357.0
48.5	 -18.2758552381	 12.8444444444	 49.5002552381	 266.155555556	31.2244	 279.0
49.0	 -24.9815733333	 18.8222222222	 49.6675733333	 266.177777778	24.686	 285.0
49.5	 -31.2004914286	 -12.2	 49.8348914286	 266.2	18.6344	 254.0
50.0	 -40.1626095238	 -5.22222222222	 50.0022095238	 266.222222222	9.8396	 261.0
50.5	 -47.432327619	 10.7555555556	 50.169527619	 266.244444444	2.7372	 277.0
51.0	 4.70755428571	 -37.2666666667	 50.3368457143	 266.266666667	55.0444	 229.0
51.5	 -30.2801638095	 -26.2888888889	 50.5041638095	 266.288888889	20.224	 240.0
52.0	 -51.6782819048	 -29.3111111111	 50.6714819048	 266.311111111	-1.0068	 237.0
52.5	 -1.538	 -38.3333333333	 50.8388	 266.333333333	49.3008	 228.0
53.0	 -33.8077180952	 -22.3555555556	 51.0061180952	 266.355555556	17.1984	 244.0
53.5	 -30.8982361905	 -34.3777777778	 51.1734361905	 266.377777778	20.2752	 232.0
54.0	 -43.7831542857	 -0.4	 51.3407542857	 266.4	7.5576	 266.0
54.5	 -12.796872381	 -24.4222222222	 51.508072381	 266.422222222	38.7112	 242.0
55.0	 -27.6305904762	 1.55555555556	 51.6753904762	 266.444444444	24.0448	 268.0
55.5	 -1.05430857143	 2.53333333333	 51.8427085714	 266.466666667	50.7884	 269.0
56.0	 -40.0676266667	 17.5111111111	 52.0100266667	 266.488888889	11.9424	 284.0
56.5	 -41.9017447619	 4.48888888889	 52.1773447619	 266.511111111	10.2756	 271.0
57.0	 -58.0434628571	 0.466666666667	 52.3446628571	 266.533333333	-5.6988	 267.0
57.5	 -32.1851809524	 -3.55555555556	 52.5119809524	 266.555555556	20.3268	 263.0
58.0	 -34.7884990476	 -13.5777777778	 52.6792990476	 266.577777778	17.8908	 253.0
58.5	 -30.2634171429	 -4.6	 52.8466171429	 266.6	22.5832	 262.0
59.0	 -11.9179352381	 -6.62222222222	 53.0139352381	 266.622222222	41.096	 260.0
59.5	 -27.9824533333	 16.3555555556	 53.1812533333	 266.644444444	25.1988	 283.0
60.0	 -16.7909714286	 -0.666666666667	 53.3485714286	 266.666666667	36.5576	 266.0
60.5	 11.9901104762	 -31.6888888889	 53.5158895238	 266.688888889	65.506	 235.0
61.0	 -15.715607619	 -25.7111111111	 53.683207619	 266.711111111	37.9676	 241.0
61.5	 4.29707428571	 24.2666666667	 53.8505257143	 266.733333333	58.1476	 291.0
62.0	 3.10415619048	 28.2444444444	 54.0178438095	 266.755555556	57.122	 295.0
62.5	 -1.16596190476	 5.22222222222	 54.1851619048	 266.777777778	53.0192	 272.0
Actin association begins: 11.0
Actin association ends: 44.5
Length of actin association: 33.5
Cofilin association begins: 13.5
Cofilin association ends: 49.0
Length of cofilin association: 35.5
Delay between actin and cofilin association: 2.5
Maximum normalized actin intensity: 365.663222857
Maximum normalized cofilin intensity: 336.133333333