Time	 Int488	 Int561	 Back488	 Back561	 Raw488	 Raw561
0.0	 -8.87704	 -11.4	 54.28024	 223.4	45.4032	 212.0
0.5	 6.83337071429	 -5.28392857143	 54.0314292857	 223.283928571	60.8648	 218.0
1.0	 -11.7382185714	 5.83214285714	 53.7826185714	 223.167857143	42.0444	 229.0
1.5	 18.2797921429	 2.94821428571	 53.5338078571	 223.051785714	71.8136	 226.0
2.0	 -2.00979714286	 9.06428571429	 53.2849971429	 222.935714286	51.2752	 232.0
2.5	 -11.5817864286	 -18.8196428571	 53.0361864286	 222.819642857	41.4544	 204.0
3.0	 -0.0249757142857	 11.2964285714	 52.7873757143	 222.703571429	52.7624	 234.0
3.5	 4.992635	 -30.5875	 52.538565	 222.5875	57.5312	 192.0
4.0	 -4.11735428571	 -13.4714285714	 52.2897542857	 222.471428571	48.1724	 209.0
4.5	 -0.996543571429	 6.64464285714	 52.0409435714	 222.355357143	51.0444	 229.0
5.0	 2.66226714286	 -18.2392857143	 51.7921328571	 222.239285714	54.4544	 204.0
5.5	 15.0138778571	 4.87678571429	 51.5433221429	 222.123214286	66.5572	 227.0
6.0	 10.0062885714	 5.99285714286	 51.2945114286	 222.007142857	61.3008	 228.0
6.5	 43.4090992857	 21.1089285714	 51.0457007143	 221.891071429	94.4548	 243.0
7.0	 34.04231	 0.225	 50.79689	 221.775	84.8392	 222.0
7.5	 17.0091207143	 5.34107142857	 50.5480792857	 221.658928571	67.5572	 227.0
8.0	 60.4887314286	 8.45714285714	 50.2992685714	 221.542857143	110.788	 230.0
8.5	 114.096342143	 -8.42678571429	 50.0504578571	 221.426785714	164.1468	 213.0
9.0	 55.8835528571	 -14.3107142857	 49.8016471429	 221.310714286	105.6852	 207.0
9.5	 57.1323635714	 -14.1946428571	 49.5528364286	 221.194642857	106.6852	 207.0
10.0	 73.6119742857	 -11.0785714286	 49.3040257143	 221.078571429	122.916	 210.0
10.5	 47.809985	 36.0375	 49.055215	 220.9625	96.8652	 257.0
11.0	 73.7763957143	 2.15357142857	 48.8064042857	 220.846428571	122.5828	 223.0
11.5	 41.1792064286	 17.2696428571	 48.5575935714	 220.730357143	89.7368	 238.0
12.0	 44.1460171429	 22.3857142857	 48.3087828571	 220.614285714	92.4548	 243.0
12.5	 44.0360278571	 39.5017857143	 48.0599721429	 220.498214286	92.096	 260.0
13.0	 90.4384385714	 15.6178571429	 47.8111614286	 220.382142857	138.2496	 236.0
13.5	 75.7644492857	 42.7339285714	 47.5623507143	 220.266071429	123.3268	 263.0
14.0	 169.14206	 100.85	 47.31354	 220.15	216.4556	 321.0
14.5	 162.364870714	 65.9660714286	 47.0647292857	 220.033928571	209.4296	 286.0
15.0	 114.818881429	 73.0821428571	 46.8159185714	 219.917857143	161.6348	 293.0
15.5	 119.862492143	 66.1982142857	 46.5671078571	 219.801785714	166.4296	 286.0
16.0	 57.5213028571	 41.3142857143	 46.3182971429	 219.685714286	103.8396	 261.0
16.5	 191.847713571	 107.430357143	 46.0694864286	 219.569642857	237.9172	 327.0
17.0	 142.865724286	 104.546428571	 45.8206757143	 219.453571429	188.6864	 324.0
17.5	 65.601335	 67.6625	 45.571865	 219.3375	111.1732	 287.0
18.0	 95.0549457143	 35.7785714286	 45.3230542857	 219.221428571	140.378	 255.0
18.5	 78.4833564286	 46.8946428571	 45.0742435714	 219.105357143	123.5576	 266.0
19.0	 24.5785671429	 71.0107142857	 44.8254328571	 218.989285714	69.404	 290.0
19.5	 62.6477778571	 60.1267857143	 44.5766221429	 218.873214286	107.2244	 279.0
20.0	 71.4093885714	 58.2428571429	 44.3278114286	 218.757142857	115.7372	 277.0
20.5	 69.2481992857	 83.3589285714	 44.0790007143	 218.641071429	113.3272	 302.0
21.0	 79.62461	 24.475	 43.83019	 218.525	123.4548	 243.0
21.5	 67.0278207143	 78.5910714286	 43.5813792857	 218.408928571	110.6092	 297.0
22.0	 109.841431429	 146.707142857	 43.3325685714	 218.292857143	153.174	 365.0
22.5	 75.3202421429	 71.8232142857	 43.0837578571	 218.176785714	118.404	 290.0
23.0	 144.543852857	 114.939285714	 42.8349471429	 218.060714286	187.3788	 333.0
23.5	 93.1774635714	 133.055357143	 42.5861364286	 217.944642857	135.7636	 351.0
24.0	 171.605474286	 105.171428571	 42.3373257143	 217.828571429	213.9428	 323.0
24.5	 189.469885	 126.2875	 42.088515	 217.7125	231.5584	 344.0
25.0	 174.487495714	 84.4035714286	 41.8397042857	 217.596428571	216.3272	 302.0
25.5	 142.659506429	 96.5196428571	 41.5908935714	 217.480357143	184.2504	 314.0
26.0	 239.677917143	 132.635714286	 41.3420828571	 217.364285714	281.02	 350.0
26.5	 257.054727857	 112.751785714	 41.0932721429	 217.248214286	298.148	 330.0
27.0	 192.354738571	 104.867857143	 40.8444614286	 217.132142857	233.1992	 322.0
27.5	 223.680349286	 92.9839285714	 40.5956507143	 217.016071429	264.276	 310.0
28.0	 237.90396	 136.1	 40.34684	 216.9	278.2508	 353.0
28.5	 267.665170714	 95.2160714286	 40.0980292857	 216.783928571	307.7632	 312.0
29.0	 230.734781429	 123.332142857	 39.8492185714	 216.667857143	270.584	 340.0
29.5	 284.111592143	 103.448214286	 39.6004078571	 216.551785714	323.712	 320.0
30.0	 271.591202857	 106.564285714	 39.3515971429	 216.435714286	310.9428	 323.0
30.5	 235.840413571	 145.680357143	 39.1027864286	 216.319642857	274.9432	 362.0
31.0	 289.935624286	 169.796428571	 38.8539757143	 216.203571429	328.7896	 386.0
31.5	 273.979235	 162.9125	 38.605165	 216.0875	312.5844	 379.0
32.0	 302.048445714	 152.028571429	 38.3563542857	 215.971428571	340.4048	 368.0
32.5	 363.092056429	 145.144642857	 38.1075435714	 215.855357143	401.1996	 361.0
33.0	 349.776467143	 116.260714286	 37.8587328571	 215.739285714	387.6352	 332.0
33.5	 277.794477857	 113.376785714	 37.6099221429	 215.623214286	315.4044	 329.0
34.0	 277.504888571	 119.492857143	 37.3611114286	 215.507142857	314.866	 335.0
34.5	 244.394899286	 136.608928571	 37.1123007143	 215.391071429	281.5072	 352.0
35.0	 242.38731	 137.725	 36.86349	 215.275	279.2508	 353.0
35.5	 170.558920714	 110.841071429	 36.6146792857	 215.158928571	207.1736	 326.0
36.0	 157.372131429	 139.957142857	 36.3658685714	 215.042857143	193.738	 355.0
36.5	 113.825742143	 108.073214286	 36.1170578571	 214.926785714	149.9428	 323.0
37.0	 146.023352857	 116.189285714	 35.8682471429	 214.810714286	181.8916	 331.0
37.5	 52.8101635714	 71.3053571429	 35.6194364286	 214.694642857	88.4296	 286.0
38.0	 69.7777742857	 154.421428571	 35.3706257143	 214.578571429	105.1484	 369.0
38.5	 107.794985	 73.5375	 35.121815	 214.4625	142.9168	 288.0
39.0	 72.7361957143	 82.6535714286	 34.8730042857	 214.346428571	107.6092	 297.0
39.5	 44.5234064286	 76.7696428571	 34.6241935714	 214.230357143	79.1476	 291.0
40.0	 23.1058171429	 102.885714286	 34.3753828571	 214.114285714	57.4812	 317.0
40.5	 28.7386278571	 43.0017857143	 34.1265721429	 213.998214286	62.8652	 257.0
41.0	 2.32063857143	 30.1178571429	 33.8777614286	 213.882142857	36.1984	 244.0
41.5	 1.69784928571	 49.2339285714	 33.6289507143	 213.766071429	35.3268	 263.0
42.0	 -4.02814	 6.35	 33.38014	 213.65	29.352	 220.0
42.5	 14.0666707143	 -8.53392857143	 33.1313292857	 213.533928571	47.198	 205.0
43.0	 3.31548142857	 -8.41785714286	 32.8825185714	 213.417857143	36.198	 205.0
43.5	 -0.486907857143	 -0.301785714286	 32.6337078571	 213.301785714	32.1468	 213.0
44.0	 -12.9304971429	 -9.18571428571	 32.3848971429	 213.185714286	19.4544	 204.0
44.5	 -24.4508864286	 -6.06964285714	 32.1360864286	 213.069642857	7.6852	 207.0
45.0	 -23.0996757143	 -21.9535714286	 31.8872757143	 212.953571429	8.7876	 191.0
45.5	 28.713535	 7.1625	 31.638465	 212.8375	60.352	 220.0
46.0	 -14.3968542857	 -14.7214285714	 31.3896542857	 212.721428571	16.9928	 198.0
46.5	 -9.07084357143	 12.3946428571	 31.1408435714	 212.605357143	22.07	 225.0
47.0	 -26.9504328571	 -6.48928571429	 30.8920328571	 212.489285714	3.9416	 206.0
47.5	 12.4779778571	 4.62678571429	 30.6432221429	 212.373214286	43.1212	 217.0
48.0	 -32.9656114286	 -4.25714285714	 30.3944114286	 212.257142857	-2.5712	 208.0
48.5	 -11.9476007143	 -7.14107142857	 30.1456007143	 212.141071429	18.198	 205.0
49.0	 -25.16039	 -13.025	 29.89679	 212.025	4.7364	 199.0
49.5	 13.6268207143	 -18.9089285714	 29.6479792857	 211.908928571	43.2748	 193.0
50.0	 23.0808314286	 -11.7928571429	 29.3991685714	 211.792857143	52.48	 200.0
50.5	 3.71444214286	 6.32321428571	 29.1503578571	 211.676785714	32.8648	 218.0
51.0	 -15.0627471429	 -28.5607142857	 28.9015471429	 211.560714286	13.8388	 183.0
51.5	 -22.6083364286	 17.5553571429	 28.6527364286	 211.444642857	6.0444	 229.0
52.0	 -9.92392571429	 -11.3285714286	 28.4039257143	 211.328571429	18.48	 200.0
52.5	 -4.931515	 -10.2125	 28.155115	 211.2125	23.2236	 201.0
53.0	 -25.4519042857	 -7.09642857143	 27.9063042857	 211.096428571	2.4544	 204.0
53.5	 -3.84389357143	 15.0196428571	 27.6574935714	 210.980357143	23.8136	 226.0
54.0	 9.55851714286	 -8.86428571429	 27.4086828571	 210.864285714	36.9672	 202.0
54.5	 13.0893278571	 -13.7482142857	 27.1598721429	 210.748214286	40.2492	 197.0
55.0	 -21.6618614286	 -13.6321428571	 26.9110614286	 210.632142857	5.2492	 197.0
55.5	 -0.874250714286	 19.4839285714	 26.6622507143	 210.516071429	25.788	 230.0
Actin association begins: 5.0
Actin association ends: 41.5
Length of actin association: 36.5
Cofilin association begins: 10.5
Cofilin association ends: 42.0
Length of cofilin association: 31.5
Delay between actin and cofilin association: 5.5
Maximum normalized actin intensity: 363.092056429
Maximum normalized cofilin intensity: 169.796428571