Time	 Int488	 Int561	 Back488	 Back561	 Raw488	 Raw561
0.0	 -11.24096	 6.4	 74.90136	 282.6	63.6604	 289.0
0.5	 6.41704786885	 6.42950819672	 74.2433521311	 282.570491803	80.6604	 289.0
1.0	 -19.6941442623	 9.45901639344	 73.5853442623	 282.540983607	53.8912	 292.0
1.5	 32.8610636066	 -13.5114754098	 72.9273363934	 282.51147541	105.7884	 269.0
2.0	 -1.76292852459	 -8.48196721311	 72.2693285246	 282.481967213	70.5064	 274.0
2.5	 59.4078793443	 -10.4524590164	 71.6113206557	 282.452459016	131.0192	 272.0
3.0	 40.6814872131	 10.5770491803	 70.9533127869	 282.42295082	111.6348	 293.0
3.5	 60.723895082	 -10.393442623	 70.295304918	 282.393442623	131.0192	 272.0
4.0	 84.9459029508	 -20.3639344262	 69.6372970492	 282.363934426	154.5832	 262.0
4.5	 67.6551108197	 -28.3344262295	 68.9792891803	 282.33442623	136.6344	 254.0
5.0	 187.595518689	 5.69508196721	 68.3212813115	 282.304918033	255.9168	 288.0
5.5	 112.304726557	 -2.27540983607	 67.6632734426	 282.275409836	179.968	 280.0
6.0	 146.295934426	 -15.2459016393	 67.0052655738	 282.245901639	213.3012	 267.0
6.5	 157.569542295	 5.78360655738	 66.3472577049	 282.216393443	223.9168	 288.0
7.0	 141.509550164	 0.813114754098	 65.6892498361	 282.186885246	207.1988	 283.0
7.5	 179.423958033	 -0.15737704918	 65.0312419672	 282.157377049	244.4552	 282.0
8.0	 101.646365902	 28.8721311475	 64.3732340984	 282.127868852	166.0196	 311.0
8.5	 181.45797377	 4.90163934426	 63.7152262295	 282.098360656	245.1732	 287.0
9.0	 141.449581639	 30.931147541	 63.0572183607	 282.068852459	204.5068	 313.0
9.5	 238.107189508	 -8.0393442623	 62.3992104918	 282.039344262	300.5064	 274.0
10.0	 256.919197377	 6.99016393443	 61.741202623	 282.009836066	318.6604	 289.0
10.5	 184.244005246	 20.0196721311	 61.0831947541	 281.980327869	245.3272	 302.0
11.0	 200.388813115	 -16.9508196721	 60.4251868852	 281.950819672	260.814	 265.0
11.5	 180.457220984	 -2.92131147541	 59.7671790164	 281.921311475	240.2244	 279.0
12.0	 189.654028852	 30.1081967213	 59.1091711475	 281.891803279	248.7632	 312.0
12.5	 226.158436721	 54.137704918	 58.4511632787	 281.862295082	284.6096	 336.0
13.0	 142.22684459	 68.1672131148	 57.7931554098	 281.832786885	200.02	 350.0
13.5	 216.013252459	 87.1967213115	 57.135147541	 281.803278689	273.1484	 369.0
14.0	 239.389660328	 131.226229508	 56.4771396721	 281.773770492	295.8668	 413.0
14.5	 275.816068197	 50.2557377049	 55.8191318033	 281.744262295	331.6352	 332.0
15.0	 282.577676066	 151.285245902	 55.1611239344	 281.714754098	337.7388	 433.0
15.5	 138.184483934	 159.314754098	 54.5031160656	 281.685245902	192.6876	 441.0
16.0	 100.252491803	 134.344262295	 53.8451081967	 281.655737705	154.0976	 416.0
16.5	 132.576899672	 108.373770492	 53.1871003279	 281.626229508	185.764	 390.0
17.0	 90.953307541	 152.403278689	 52.529092459	 281.596721311	143.4824	 434.0
17.5	 114.50851541	 129.432786885	 51.8710845902	 281.567213115	166.3796	 411.0
18.0	 77.6017232787	 61.462295082	 51.2130767213	 281.537704918	128.8148	 343.0
18.5	 26.5929311475	 48.4918032787	 50.5550688525	 281.508196721	77.148	 330.0
19.0	 33.5841390164	 35.5213114754	 49.8970609836	 281.478688525	83.4812	 317.0
19.5	 18.3701468852	 15.5508196721	 49.2390531148	 281.449180328	67.6092	 297.0
20.0	 25.2845547541	 14.5803278689	 48.5810452459	 281.419672131	73.8656	 296.0
20.5	 11.814562623	 34.6098360656	 47.923037377	 281.390163934	59.7376	 316.0
21.0	 -5.2454295082	 29.6393442623	 47.2650295082	 281.360655738	42.0196	 311.0
21.5	 -27.4334216393	 44.668852459	 46.6070216393	 281.331147541	19.1736	 326.0
22.0	 13.7369862295	 3.69836065574	 45.9490137705	 281.301639344	59.686	 285.0
22.5	 15.1385940984	 4.72786885246	 45.2910059016	 281.272131148	60.4296	 286.0
23.0	 37.9250019672	 23.7573770492	 44.6329980328	 281.242622951	82.558	 305.0
23.5	 8.37740983607	 -22.2131147541	 43.9749901639	 281.213114754	52.3524	 259.0
24.0	 7.88221770492	 40.8163934426	 43.3169822951	 281.183606557	51.1992	 322.0
24.5	 12.2318255738	 -28.1540983607	 42.6589744262	 281.154098361	54.8908	 253.0
25.0	 22.4542334426	 0.875409836066	 42.0009665574	 281.124590164	64.4552	 282.0
25.5	 29.2402413115	 -19.0950819672	 41.3429586885	 281.095081967	70.5832	 262.0
26.0	 16.3598491803	 -13.0655737705	 40.6849508197	 281.06557377	57.0448	 268.0
26.5	 9.40265704918	 4.96393442623	 40.0269429508	 281.036065574	49.4296	 286.0
27.0	 4.18866491803	 -15.006557377	 39.368935082	 281.006557377	43.5576	 266.0
27.5	 -14.5633272131	 10.0229508197	 38.7109272131	 280.97704918	24.1476	 291.0
28.0	 -8.31571934426	 -3.94754098361	 38.0529193443	 280.947540984	29.7372	 277.0
28.5	 -6.63211147541	 -7.91803278689	 37.3949114754	 280.918032787	30.7628	 273.0
29.0	 -24.9225036066	 23.1114754098	 36.7369036066	 280.88852459	11.8144	 304.0
29.5	 8.6839042623	 -7.85901639344	 36.0788957377	 280.859016393	44.7628	 273.0
30.0	 21.3163121311	 -3.82950819672	 35.4208878689	 280.829508197	56.7372	 277.0
Actin association begins: 2.5
Actin association ends: 20.5
Length of actin association: 18.0
Cofilin association begins: 12.0
Cofilin association ends: 23.0
Length of cofilin association: 11.0
Delay between actin and cofilin association: 9.5
Maximum normalized actin intensity: 282.577676066
Maximum normalized cofilin intensity: 159.314754098