Time	 Int488	 Int561	 Back488	 Back561	 Raw488	 Raw561
0.0	 -12.7692	 3.0	 86.198	 205.0	73.4288	 208.0
0.5	 -1.04035111111	 -12.937037037	 86.5715511111	 204.937037037	85.5312	 192.0
1.0	 -32.3111022222	 10.1259259259	 86.9451022222	 204.874074074	54.634	 215.0
1.5	 -5.30025333333	 -10.8111111111	 87.3186533333	 204.811111111	82.0184	 194.0
2.0	 47.6853955556	 11.2518518519	 87.6922044444	 204.748148148	135.3776	 216.0
2.5	 10.4142444444	 -4.68518518519	 88.0657555556	 204.685185185	98.48	 200.0
3.0	 28.5022933333	 1.37777777778	 88.4393066667	 204.622222222	116.9416	 206.0
3.5	 11.6415422222	 -0.559259259259	 88.8128577778	 204.559259259	100.4544	 204.0
4.0	 -9.27040888889	 5.5037037037	 89.1864088889	 204.496296296	79.916	 210.0
4.5	 6.04844	 14.5666666667	 89.55996	 204.433333333	95.6084	 219.0
5.0	 25.0592888889	 -6.37037037037	 89.9335111111	 204.37037037	114.9928	 198.0
5.5	 34.1729377778	 -4.30740740741	 90.3070622222	 204.307407407	124.48	 200.0
6.0	 84.6713866667	 15.7555555556	 90.6806133333	 204.244444444	175.352	 220.0
6.5	 85.5286355556	 18.8185185185	 91.0541644444	 204.181481481	176.5828	 223.0
7.0	 75.1294844444	 22.8814814815	 91.4277155556	 204.118518519	166.5572	 227.0
7.5	 140.319933333	 12.9444444444	 91.8012666667	 204.055555556	232.1212	 217.0
8.0	 180.510382222	 3.00740740741	 92.1748177778	 203.992592593	272.6852	 207.0
8.5	 170.675631111	 36.0703703704	 92.5483688889	 203.92962963	263.224	 240.0
9.0	 215.45568	 12.1333333333	 92.92192	 203.866666667	308.3776	 216.0
9.5	 251.210128889	 -7.8037037037	 93.2954711111	 203.803703704	344.5056	 196.0
10.0	 225.144577778	 22.2592592593	 93.6690222222	 203.740740741	318.8136	 226.0
10.5	 255.411826667	 0.322222222222	 94.0425733333	 203.677777778	349.4544	 204.0
11.0	 372.679475556	 17.3851851852	 94.4161244444	 203.614814815	467.0956	 221.0
11.5	 432.151924444	 2.44814814815	 94.7896755556	 203.551851852	526.9416	 206.0
12.0	 399.265573333	 4.51111111111	 95.1632266667	 203.488888889	494.4288	 208.0
12.5	 365.636022222	 44.5740740741	 95.5367777778	 203.425925926	461.1728	 248.0
13.0	 432.262071111	 5.63703703704	 95.9103288889	 203.362962963	528.1724	 209.0
13.5	 386.76052	 25.7	 96.28388	 203.3	483.0444	 229.0
14.0	 371.386968889	 25.762962963	 96.6574311111	 203.237037037	468.0444	 229.0
14.5	 480.295417778	 20.8259259259	 97.0309822222	 203.174074074	577.3264	 224.0
15.0	 429.460266667	 14.8888888889	 97.4045333333	 203.111111111	526.8648	 218.0
15.5	 439.830315556	 15.9518518519	 97.7780844444	 203.048148148	537.6084	 219.0
16.0	 473.969564444	 14.0148148148	 98.1516355556	 202.985185185	572.1212	 217.0
16.5	 418.570413333	 18.0777777778	 98.5251866667	 202.922222222	517.0956	 221.0
17.0	 498.068862222	 38.1407407407	 98.8987377778	 202.859259259	596.9676	 241.0
17.5	 529.310511111	 20.2037037037	 99.2722888889	 202.796296296	628.5828	 223.0
18.0	 454.96256	 16.2666666667	 99.64584	 202.733333333	554.6084	 219.0
18.5	 403.230208889	 33.3296296296	 100.019391111	 202.67037037	503.2496	 236.0
19.0	 437.523057778	 7.39259259259	 100.392942222	 202.607407407	537.916	 210.0
19.5	 429.277906667	 26.4555555556	 100.766493333	 202.544444444	530.0444	 229.0
20.0	 483.468355556	 16.5185185185	 101.140044444	 202.481481481	584.6084	 219.0
20.5	 568.787204444	 25.5814814815	 101.513595556	 202.418518519	670.3008	 228.0
21.0	 475.285253333	 6.64444444444	 101.887146667	 202.355555556	577.1724	 209.0
21.5	 444.296502222	 24.7074074074	 102.260697778	 202.292592593	546.5572	 227.0
22.0	 464.897351111	 28.7703703704	 102.634248889	 202.22962963	567.5316	 231.0
22.5	 402.2158	 -1.16666666667	 103.0078	 202.166666667	505.2236	 201.0
23.0	 403.791048889	 6.8962962963	 103.381351111	 202.103703704	507.1724	 209.0
23.5	 455.391897778	 10.9592592593	 103.754902222	 202.040740741	559.1468	 213.0
24.0	 537.428746667	 25.0222222222	 104.128453333	 201.977777778	641.5572	 227.0
24.5	 500.388795556	 51.0851851852	 104.502004444	 201.914814815	604.8908	 253.0
25.0	 417.040444444	 8.14814814815	 104.875555556	 201.851851852	521.916	 210.0
25.5	 455.410493333	 9.21111111111	 105.249106667	 201.788888889	560.6596	 211.0
26.0	 348.831742222	 2.27407407407	 105.622657778	 201.725925926	454.4544	 204.0
26.5	 386.688991111	 5.33703703704	 105.996208889	 201.662962963	492.6852	 207.0
27.0	 411.08464	 2.4	 106.36976	 201.6	517.4544	 204.0
27.5	 366.249888889	 35.462962963	 106.743311111	 201.537037037	472.9932	 237.0
28.0	 519.747937778	 16.5259259259	 107.116862222	 201.474074074	626.8648	 218.0
28.5	 270.963986667	 2.58888888889	 107.490413333	 201.411111111	378.4544	 204.0
29.0	 285.693235556	 25.6518518519	 107.863964444	 201.348148148	393.5572	 227.0
29.5	 251.499284444	 36.7148148148	 108.237515556	 201.285185185	359.7368	 238.0
30.0	 111.817733333	 6.77777777778	 108.611066667	 201.222222222	220.4288	 208.0
30.5	 68.1109822222	 19.8407407407	 108.984617778	 201.159259259	177.0956	 221.0
31.0	 94.5834311111	 4.9037037037	 109.358168889	 201.096296296	203.9416	 206.0
31.5	 84.54348	 30.9666666667	 109.73172	 201.033333333	194.2752	 232.0
32.0	 53.8107288889	 9.02962962963	 110.105271111	 200.97037037	163.916	 210.0
32.5	 106.616777778	 20.0925925926	 110.478822222	 200.907407407	217.0956	 221.0
33.0	 60.2176266667	 24.1555555556	 110.852373333	 200.844444444	171.07	 225.0
33.5	 37.6900755556	 9.21851851852	 111.225924444	 200.781481481	148.916	 210.0
34.0	 74.5473244444	 12.2814814815	 111.599475556	 200.718518519	186.1468	 213.0
34.5	 62.5841733333	 26.3444444444	 111.973026667	 200.655555556	174.5572	 227.0
35.0	 100.466622222	 -13.5925925926	 112.346577778	 200.592592593	212.8132	 187.0
35.5	 59.2470711111	 1.47037037037	 112.720128889	 200.52962963	171.9672	 202.0
36.0	 64.84792	 5.53333333333	 113.09368	 200.466666667	177.9416	 206.0
36.5	 56.9103688889	 15.5962962963	 113.467231111	 200.403703704	170.3776	 216.0
37.0	 77.3316177778	 8.65925925926	 113.840782222	 200.340740741	191.1724	 209.0
37.5	 61.3684666667	 22.7222222222	 114.214333333	 200.277777778	175.5828	 223.0
38.0	 38.8153155556	 11.7851851852	 114.587884444	 200.214814815	153.4032	 212.0
38.5	 23.5957644444	 26.8481481481	 114.961435556	 200.151851852	138.5572	 227.0
39.0	 44.6322133333	 1.91111111111	 115.334986667	 200.088888889	159.9672	 202.0
39.5	 -51.2797377778	 7.97407407407	 115.708537778	 200.025925926	64.4288	 208.0
40.0	 3.52631111111	 19.037037037	 116.082088889	 199.962962963	119.6084	 219.0
40.5	 -27.02684	 8.1	 116.45564	 199.9	89.4288	 208.0
41.0	 -38.5031911111	 -14.837037037	 116.829191111	 199.837037037	78.326	 185.0
41.5	 -54.1587422222	 -9.77407407407	 117.202742222	 199.774074074	63.044	 190.0
42.0	 -53.8910933333	 7.28888888889	 117.576293333	 199.711111111	63.6852	 207.0
42.5	 -15.2134444444	 -0.648148148148	 117.949844444	 199.648148148	102.7364	 199.0
43.0	 -33.8433955556	 0.414814814815	 118.323395556	 199.585185185	84.48	 200.0
43.5	 -11.6273466667	 -13.5222222222	 118.696946667	 199.522222222	107.0696	 186.0
44.0	 -54.5904977778	 0.540740740741	 119.070497778	 199.459259259	64.48	 200.0
44.5	 -20.9128488889	 -7.3962962963	 119.444048889	 199.396296296	98.5312	 192.0
45.0	 5.9444	 -4.33333333333	 119.8176	 199.333333333	125.762	 195.0
45.5	 -20.1983511111	 -1.27037037037	 120.191151111	 199.27037037	99.9928	 198.0
46.0	 -24.0591022222	 -3.20740740741	 120.564702222	 199.207407407	96.5056	 196.0
46.5	 -23.1762533333	 -4.14444444444	 120.938253333	 199.144444444	97.762	 195.0
47.0	 -40.7550044444	 -11.0814814815	 121.311804444	 199.081481481	80.5568	 188.0
47.5	 -37.2309555556	 4.98148148148	 121.685355556	 199.018518519	84.4544	 204.0
48.0	 -18.4765066667	 -14.9555555556	 122.058906667	 198.955555556	103.5824	 184.0
48.5	 2.76554222222	 6.10740740741	 122.432457778	 198.892592593	125.198	 205.0
49.0	 -23.2748088889	 -6.82962962963	 122.806008889	 198.82962963	99.5312	 192.0
49.5	 29.83884	 -4.76666666667	 123.17956	 198.766666667	153.0184	 194.0
50.0	 -6.81671111111	 0.296296296296	 123.553111111	 198.703703704	116.7364	 199.0
50.5	 41.3993377778	 -13.6407407407	 123.926662222	 198.640740741	165.326	 185.0
51.0	 -9.33301333333	 3.42222222222	 124.300213333	 198.577777778	114.9672	 202.0
51.5	 11.6266355556	 -9.51481481481	 124.673764444	 198.514814815	136.3004	 189.0
52.0	 16.6890844444	 0.548148148148	 125.047315556	 198.451851852	141.7364	 199.0
52.5	 -20.9408666667	 1.61111111111	 125.420866667	 198.388888889	104.48	 200.0
53.0	 -25.7760177778	 -4.32592592593	 125.794417778	 198.325925926	100.0184	 194.0
53.5	 24.0044311111	 10.737037037	 126.167968889	 198.262962963	150.1724	 209.0
Actin association begins: 4.5
Actin association ends: 39.0
Length of actin association: 34.5
Cofilin association begins: 10.0
Cofilin association ends: 22.0
Length of cofilin association: 12.0
Delay between actin and cofilin association: 5.5
Maximum normalized actin intensity: 568.787204444
Maximum normalized cofilin intensity: 44.5740740741