Time	 Int488	 Int561	 Back488	 Back561	 Raw488	 Raw561
0.0	 -9.39984	 15.6	 57.70064	 212.4	48.3008	 228.0
0.5	 17.0781126531	 -13.2680272109	 57.6582873469	 212.268027211	74.7364	 199.0
1.0	 9.01806530612	 2.86394557823	 57.6159346939	 212.136054422	66.634	 215.0
1.5	 -16.2471820408	 11.9959183673	 57.5735820408	 212.004081633	41.3264	 224.0
2.0	 -0.0256293877551	 -15.8721088435	 57.5312293878	 211.872108844	57.5056	 196.0
2.5	 12.2475232653	 -12.7401360544	 57.4888767347	 211.740136054	69.7364	 199.0
3.0	 50.5206759184	 -9.60816326531	 57.4465240816	 211.608163265	107.9672	 202.0
3.5	 19.5118285714	 -1.47619047619	 57.4041714286	 211.476190476	76.916	 210.0
4.0	 36.0925812245	 -7.34421768707	 57.3618187755	 211.344217687	93.4544	 204.0
4.5	 9.16053387755	 -11.212244898	 57.3194661224	 211.212244898	66.48	 200.0
5.0	 24.4080865306	 -4.08027210884	 57.2771134694	 211.080272109	81.6852	 207.0
5.5	 -17.8571608163	 5.05170068027	 57.2347608163	 210.94829932	39.3776	 216.0
6.0	 30.1595918367	 9.18367346939	 57.1924081633	 210.816326531	87.352	 220.0
6.5	 42.5351444898	 -3.6843537415	 57.1500555102	 210.684353741	99.6852	 207.0
7.0	 24.6290971429	 27.4476190476	 57.1077028571	 210.552380952	81.7368	 238.0
7.5	 12.3378497959	 1.57959183673	 57.0653502041	 210.420408163	69.4032	 212.0
8.0	 39.098202449	 6.71156462585	 57.022997551	 210.288435374	96.1212	 217.0
8.5	 22.396955102	 5.84353741497	 56.980644898	 210.156462585	79.3776	 216.0
9.0	 60.2597077551	 -5.02448979592	 56.9382922449	 210.024489796	117.198	 205.0
9.5	 81.7636604082	 1.1074829932	 56.8959395918	 209.892517007	138.6596	 211.0
10.0	 22.8316130612	 -2.76054421769	 56.8535869388	 209.760544218	79.6852	 207.0
10.5	 103.155965714	 -7.62857142857	 56.8112342857	 209.628571429	159.9672	 202.0
11.0	 59.6343183673	 2.50340136054	 56.7688816327	 209.496598639	116.4032	 212.0
11.5	 82.2406710204	 -7.36462585034	 56.7265289796	 209.36462585	138.9672	 202.0
12.0	 55.4114236735	 11.7673469388	 56.6841763265	 209.232653061	112.0956	 221.0
12.5	 116.761376327	 2.89931972789	 56.6418236735	 209.100680272	173.4032	 212.0
13.0	 130.49612898	 12.031292517	 56.5994710204	 208.968707483	187.0956	 221.0
13.5	 193.204881633	 -13.8367346939	 56.5571183673	 208.836734694	249.762	 195.0
14.0	 146.375634286	 5.29523809524	 56.5147657143	 208.704761905	202.8904	 214.0
14.5	 124.699986939	 0.427210884354	 56.4724130612	 208.572789116	181.1724	 209.0
15.0	 225.742339592	 0.559183673469	 56.4300604082	 208.440816327	282.1724	 209.0
15.5	 152.887492245	 23.6911564626	 56.3877077551	 208.308843537	209.2752	 232.0
16.0	 225.903844898	 -11.1768707483	 56.345355102	 208.176870748	282.2492	 197.0
16.5	 197.792597551	 12.9551020408	 56.303002449	 208.044897959	254.0956	 221.0
17.0	 274.655350204	 2.08707482993	 56.2606497959	 207.91292517	330.916	 210.0
17.5	 317.851702857	 17.219047619	 56.2182971429	 207.780952381	374.07	 225.0
18.0	 304.04765551	 -6.64897959184	 56.1759444898	 207.648979592	360.2236	 201.0
18.5	 331.244008163	 8.48299319728	 56.1335918367	 207.517006803	387.3776	 216.0
19.0	 318.619560816	 -4.38503401361	 56.0912391837	 207.385034014	374.7108	 203.0
19.5	 281.328713469	 8.74693877551	 56.0488865306	 207.253061224	337.3776	 216.0
20.0	 435.371066122	 8.87891156463	 56.0065338776	 207.121088435	491.3776	 216.0
20.5	 454.695418776	 4.01088435374	 55.9641812245	 206.989115646	510.6596	 211.0
21.0	 384.250571429	 2.14285714286	 55.9218285714	 206.857142857	440.1724	 209.0
21.5	 469.190524082	 18.274829932	 55.8794759184	 206.725170068	525.07	 225.0
22.0	 515.335676735	 41.4068027211	 55.8371232653	 206.593197279	571.1728	 248.0
22.5	 524.736829388	 24.5387755102	 55.7947706122	 206.46122449	580.5316	 231.0
23.0	 522.317582041	 18.6707482993	 55.7524179592	 206.329251701	578.07	 225.0
23.5	 498.770334694	 32.8027210884	 55.7100653061	 206.197278912	554.4804	 239.0
24.0	 657.069087347	 31.9346938776	 55.6677126531	 206.065306122	712.7368	 238.0
24.5	 656.59824	 -4.93333333333	 55.62536	 205.933333333	712.2236	 201.0
25.0	 638.256192653	 16.1986394558	 55.5830073469	 205.801360544	693.8392	 222.0
25.5	 708.914145306	 37.3306122449	 55.5406546939	 205.669387755	764.4548	 243.0
26.0	 700.572097959	 58.462585034	 55.4983020408	 205.537414966	756.0704	 264.0
26.5	 715.281250612	 71.5945578231	 55.4559493878	 205.405442177	770.7372	 277.0
27.0	 777.221203265	 87.7265306122	 55.4135967347	 205.273469388	832.6348	 293.0
27.5	 852.135155918	 68.8585034014	 55.3712440816	 205.141496599	907.5064	 274.0
28.0	 834.023908571	 92.9904761905	 55.3288914286	 205.00952381	889.3528	 298.0
28.5	 954.040261224	 58.1224489796	 55.2865387755	 204.87755102	1009.3268	 263.0
29.0	 945.903413878	 86.2544217687	 55.2441861224	 204.745578231	1001.1476	 291.0
29.5	 962.330566531	 104.386394558	 55.2018334694	 204.613605442	1017.5324	 309.0
30.0	 892.577719184	 72.5183673469	 55.1594808163	 204.481632653	947.7372	 277.0
30.5	 952.799271837	 44.6503401361	 55.1171281633	 204.349659864	1007.9164	 249.0
31.0	 1065.96962449	 24.7823129252	 55.0747755102	 204.217687075	1121.0444	 229.0
31.5	 1027.44837714	 73.9142857143	 55.0324228571	 204.085714286	1082.4808	 278.0
32.0	 1045.8239298	 61.0462585034	 54.9900702041	 203.953741497	1100.814	 265.0
32.5	 985.251082449	 79.1782312925	 54.947717551	 203.821768707	1040.1988	 283.0
33.0	 1113.0114351	 84.3102040816	 54.905364898	 203.689795918	1167.9168	 288.0
33.5	 1013.13018776	 33.4421768707	 54.8630122449	 203.557823129	1067.9932	 237.0
34.0	 1102.37774041	 40.5741496599	 54.8206595918	 203.42585034	1157.1984	 244.0
34.5	 1024.08689306	 53.706122449	 54.7783069388	 203.293877551	1078.8652	 257.0
35.0	 1024.23164571	 37.8380952381	 54.7359542857	 203.161904762	1078.9676	 241.0
35.5	 969.658798367	 55.9700680272	 54.6936016327	 203.029931973	1024.3524	 259.0
36.0	 1100.05995102	 39.1020408163	 54.6512489796	 202.897959184	1154.7112	 242.0
36.5	 1099.12790367	 35.2340136054	 54.6088963265	 202.765986395	1153.7368	 238.0
37.0	 1095.91385633	 36.3659863946	 54.5665436735	 202.634013605	1150.4804	 239.0
37.5	 1039.67420898	 41.4979591837	 54.5241910204	 202.502040816	1094.1984	 244.0
38.0	 1143.30696163	 105.629931973	 54.4818383673	 202.370068027	1197.7888	 308.0
38.5	 967.836114286	 68.7619047619	 54.4394857143	 202.238095238	1022.2756	 271.0
39.0	 1006.41726694	 101.893877551	 54.3971330612	 202.106122449	1060.8144	 304.0
39.5	 982.895219592	 73.0258503401	 54.3547804082	 201.97414966	1037.25	 275.0
40.0	 912.066372245	 131.157823129	 54.3124277551	 201.842176871	966.3788	 333.0
40.5	 906.595524898	 94.2897959184	 54.270075102	 201.710204082	960.8656	 296.0
41.0	 980.637477551	 55.4217687075	 54.227722449	 201.578231293	1034.8652	 257.0
41.5	 954.423830204	 95.5537414966	 54.1853697959	 201.446258503	1008.6092	 297.0
42.0	 933.209782857	 96.6857142857	 54.1430171429	 201.314285714	987.3528	 298.0
42.5	 1028.48253551	 60.8176870748	 54.1006644898	 201.182312925	1082.5832	 262.0
43.0	 904.653288163	 79.9496598639	 54.0583118367	 201.050340136	958.7116	 281.0
43.5	 999.541640816	 65.0816326531	 54.0159591837	 200.918367347	1053.5576	 266.0
44.0	 926.712393469	 84.2136054422	 53.9736065306	 200.786394558	980.686	 285.0
44.5	 840.139546122	 102.345578231	 53.9312538776	 200.654421769	894.0708	 303.0
45.0	 954.412298776	 66.4775510204	 53.8889012245	 200.52244898	1008.3012	 267.0
45.5	 793.506251429	 97.6095238095	 53.8465485714	 200.39047619	847.3528	 298.0
46.0	 626.984604082	 107.741496599	 53.8041959184	 200.258503401	680.7888	 308.0
46.5	 683.078156735	 99.8734693878	 53.7618432653	 200.126530612	736.84	 300.0
47.0	 522.350909388	 64.0054421769	 53.7194906122	 199.994557823	576.0704	 264.0
47.5	 447.393662041	 103.137414966	 53.6771379592	 199.862585034	501.0708	 303.0
48.0	 422.256414694	 92.2693877551	 53.6347853061	 199.730612245	475.8912	 292.0
48.5	 467.017167347	 136.401360544	 53.5924326531	 199.598639456	520.6096	 336.0
49.0	 446.72592	 110.533333333	 53.55008	 199.466666667	500.276	 310.0
49.5	 360.050272653	 105.665306122	 53.5077273469	 199.334693878	413.558	 305.0
50.0	 315.399825306	 57.7972789116	 53.4653746939	 199.202721088	368.8652	 257.0
50.5	 227.211777959	 93.9292517007	 53.4230220408	 199.070748299	280.6348	 293.0
51.0	 214.433330612	 66.0612244898	 53.3806693878	 198.93877551	267.814	 265.0
51.5	 213.552483265	 54.1931972789	 53.3383167347	 198.806802721	266.8908	 253.0
52.0	 280.518035918	 66.325170068	 53.2959640816	 198.674829932	333.814	 265.0
52.5	 166.688388571	 46.4571428571	 53.2536114286	 198.542857143	219.942	 245.0
53.0	 219.782341224	 77.5891156463	 53.2112587755	 198.410884354	272.9936	 276.0
53.5	 232.491093878	 51.7210884354	 53.1689061224	 198.278911565	285.66	 250.0
54.0	 137.995046531	 57.8530612245	 53.1265534694	 198.146938776	191.1216	 256.0
54.5	 144.447399184	 32.9850340136	 53.0842008163	 198.014965986	197.5316	 231.0
55.0	 148.643351837	 9.11700680272	 53.0418481633	 197.882993197	201.6852	 207.0
55.5	 137.45530449	 45.2489795918	 52.9994955102	 197.751020408	190.4548	 243.0
56.0	 111.677257143	 56.380952381	 52.9571428571	 197.619047619	164.6344	 254.0
56.5	 53.4888097959	 53.5129251701	 52.9147902041	 197.48707483	106.4036	 251.0
57.0	 84.915962449	 71.6448979592	 52.872437551	 197.355102041	137.7884	 269.0
57.5	 105.085915102	 12.7768707483	 52.830084898	 197.223129252	157.916	 210.0
58.0	 43.5898677551	 18.9088435374	 52.7877322449	 197.091156463	96.3776	 216.0
58.5	 -5.29097959184	 7.04081632653	 52.7453795918	 196.959183673	47.4544	 204.0
59.0	 45.7513730612	 7.17278911565	 52.7030269388	 196.827210884	98.4544	 204.0
59.5	 14.7937257143	 7.30476190476	 52.6606742857	 196.695238095	67.4544	 204.0
60.0	 61.3744783673	 1.43673469388	 52.6183216327	 196.563265306	113.9928	 198.0
60.5	 32.6988310204	 -3.43129251701	 52.5759689796	 196.431292517	85.2748	 193.0
61.0	 20.6643836735	 8.70068027211	 52.5336163265	 196.299319728	73.198	 205.0
61.5	 18.7067363265	 8.83265306122	 52.4912636735	 196.167346939	71.198	 205.0
62.0	 23.8514889796	 -7.03537414966	 52.4489110204	 196.03537415	76.3004	 189.0
62.5	 32.6630416327	 -9.90340136054	 52.4065583673	 195.903401361	85.0696	 186.0
63.0	 41.4745942857	 -12.7714285714	 52.3642057143	 195.771428571	93.8388	 183.0
63.5	 2.49134693878	 -8.63945578231	 52.3218530612	 195.639455782	54.8132	 187.0
64.0	 5.40569959184	 11.4925170068	 52.2795004082	 195.507482993	57.6852	 207.0
64.5	 15.2428522449	 4.62448979592	 52.2371477551	 195.375510204	67.48	 200.0
65.0	 51.362004898	 -7.24353741497	 52.194795102	 195.243537415	103.5568	 188.0
65.5	 9.30195755102	 8.88843537415	 52.152442449	 195.111564626	61.4544	 204.0
66.0	 10.1647102041	 -1.97959183673	 52.1100897959	 194.979591837	62.2748	 193.0
66.5	 16.1814628571	 2.15238095238	 52.0677371429	 194.847619048	68.2492	 197.0
67.0	 3.6598155102	 12.2843537415	 52.0253844898	 194.715646259	55.6852	 207.0
67.5	 27.0353681633	 -0.583673469388	 51.9830318367	 194.583673469	79.0184	 194.0
68.0	 39.7957208163	 4.54829931973	 51.9406791837	 194.45170068	91.7364	 199.0
68.5	 11.6072734694	 1.68027210884	 51.8983265306	 194.319727891	63.5056	 196.0
69.0	 17.6240261224	 5.81224489796	 51.8559738776	 194.187755102	69.48	 200.0
69.5	 -1.28242122449	 -2.05578231293	 51.8136212245	 194.055782313	50.5312	 192.0
70.0	 -16.6500685714	 23.0761904762	 51.7712685714	 193.923809524	35.1212	 217.0
70.5	 -9.22331591837	 2.20816326531	 51.7289159184	 193.791836735	42.5056	 196.0
71.0	 -7.64256326531	 -3.65986394558	 51.6865632653	 193.659863946	44.044	 190.0
71.5	 -15.8054106122	 -10.5278911565	 51.6442106122	 193.527891156	35.8388	 183.0
72.0	 21.8525420408	 10.6040816327	 51.6018579592	 193.395918367	73.4544	 204.0
72.5	 11.7408946939	 -4.26394557823	 51.5595053061	 193.263945578	63.3004	 189.0
73.0	 -10.7807526531	 5.86802721088	 51.5171526531	 193.131972789	40.7364	 199.0
Actin association begins: 6.0
Actin association ends: 58.0
Length of actin association: 52.0
Cofilin association begins: 25.0
Cofilin association ends: 60.0
Length of cofilin association: 35.0
Delay between actin and cofilin association: 19.0
Maximum normalized actin intensity: 1143.30696163
Maximum normalized cofilin intensity: 136.401360544