Time	 Int488	 Int561	 Back488	 Back561	 Raw488	 Raw561
0.0	 -3.46664	 2.6	 100.51104	 226.4	97.0444	 229.0
0.5	 11.680592	 14.8628571429	 100.287008	 226.137142857	111.9676	 241.0
1.0	 8.827424	 -11.8742857143	 100.062976	 225.874285714	108.8904	 214.0
1.5	 2.154256	 11.3885714286	 99.838944	 225.611428571	101.9932	 237.0
2.0	 -16.955312	 -14.3485714286	 99.614912	 225.348571429	82.6596	 211.0
2.5	 -27.70568	 -18.0857142857	 99.39088	 225.085714286	71.6852	 207.0
3.0	 2.877552	 4.17714285714	 99.166848	 224.822857143	102.0444	 229.0
3.5	 -20.719216	 -23.56	 98.942816	 224.56	78.2236	 201.0
4.0	 30.197216	 -14.2971428571	 98.718784	 224.297142857	128.916	 210.0
4.5	 0.164848	 -13.0342857143	 98.494752	 224.034285714	98.6596	 211.0
5.0	 -0.22632	 5.22857142857	 98.27072	 223.771428571	98.0444	 229.0
5.5	 -35.745888	 4.49142857143	 98.046688	 223.508571429	62.3008	 228.0
6.0	 -29.419456	 -11.2457142857	 97.822656	 223.245714286	68.4032	 212.0
6.5	 27.522576	 -5.98285714286	 97.598624	 222.982857143	125.1212	 217.0
7.0	 31.310608	 -15.72	 97.374592	 222.72	128.6852	 207.0
7.5	 56.07344	 17.5428571429	 97.15056	 222.457142857	153.224	 240.0
8.0	 32.092272	 10.8057142857	 96.926528	 222.194285714	129.0188	 233.0
8.5	 8.162304	 -3.93142857143	 96.702496	 221.931428571	104.8648	 218.0
9.0	 15.309136	 -30.6685714286	 96.478464	 221.668571429	111.7876	 191.0
9.5	 -19.492432	 -26.4057142857	 96.254432	 221.405714286	76.762	 195.0
10.0	 1.9372	 19.8571428571	 96.0304	 221.142857143	97.9676	 241.0
10.5	 -9.659568	 -7.88	 95.806368	 220.88	86.1468	 213.0
11.0	 21.590064	 -11.6171428571	 95.582336	 220.617142857	117.1724	 209.0
11.5	 -7.544704	 5.64571428571	 95.358304	 220.354285714	87.8136	 226.0
12.0	 -7.756672	 -4.09142857143	 95.134272	 220.091428571	87.3776	 216.0
12.5	 37.51856	 -11.8285714286	 94.91024	 219.828571429	132.4288	 208.0
13.0	 53.127392	 6.43428571429	 94.686208	 219.565714286	147.8136	 226.0
13.5	 59.966624	 -11.3028571429	 94.462176	 219.302857143	154.4288	 208.0
14.0	 97.780656	 13.96	 94.238144	 219.04	192.0188	 233.0
14.5	 136.440288	 -14.7771428571	 94.014112	 218.777142857	230.4544	 204.0
15.0	 189.84392	 -3.51428571429	 93.79008	 218.514285714	283.634	 215.0
15.5	 259.247552	 7.74857142857	 93.566048	 218.251428571	352.8136	 226.0
16.0	 238.830384	 -8.98857142857	 93.342016	 217.988571429	332.1724	 209.0
16.5	 336.028816	 -4.72571428571	 93.117984	 217.725714286	429.1468	 213.0
17.0	 386.048048	 27.5371428571	 92.893952	 217.462857143	478.942	 245.0
17.5	 396.81048	 21.8	 92.66992	 217.2	489.4804	 239.0
18.0	 348.803712	 19.0628571429	 92.445888	 216.937142857	441.2496	 236.0
18.5	 401.771344	 20.3257142857	 92.221856	 216.674285714	493.9932	 237.0
19.0	 383.662176	 33.5885714286	 91.997824	 216.411428571	475.66	 250.0
19.5	 493.399008	 31.8514285714	 91.773792	 216.148571429	585.1728	 248.0
20.0	 582.16144	 26.1142857143	 91.54976	 215.885714286	673.7112	 242.0
20.5	 664.770272	 44.3771428571	 91.325728	 215.622857143	756.096	 260.0
21.0	 894.507104	 42.64	 91.101696	 215.36	985.6088	 258.0
21.5	 676.962336	 84.9028571429	 90.877664	 215.097142857	767.84	 300.0
22.0	 731.955568	 82.1657142857	 90.653632	 214.834285714	822.6092	 297.0
22.5	 767.9232	 83.4285714286	 90.4296	 214.571428571	858.3528	 298.0
23.0	 903.762432	 65.6914285714	 90.205568	 214.308571429	993.968	 280.0
23.5	 756.550864	 94.9542857143	 89.981536	 214.045714286	846.5324	 309.0
24.0	 943.723296	 64.2171428571	 89.757504	 213.782857143	1033.4808	 278.0
24.5	 867.614128	 77.48	 89.533472	 213.52	957.1476	 291.0
25.0	 874.76136	 89.7428571429	 89.30944	 213.257142857	964.0708	 303.0
25.5	 865.626592	 107.005714286	 89.085408	 212.994285714	954.712	 320.0
26.0	 841.183824	 94.2685714286	 88.861376	 212.731428571	930.0452	 307.0
26.5	 925.254256	 118.531428571	 88.637344	 212.468571429	1013.8916	 331.0
27.0	 731.375088	 56.7942857143	 88.413312	 212.205714286	819.7884	 269.0
27.5	 583.16352	 86.0571428571	 88.18928	 211.942857143	671.3528	 298.0
28.0	 642.182352	 79.32	 87.965248	 211.68	730.1476	 291.0
28.5	 917.226784	 68.5828571429	 87.741216	 211.417142857	1004.968	 280.0
29.0	 757.553616	 91.8457142857	 87.517184	 211.154285714	845.0708	 303.0
29.5	 718.444448	 105.108571429	 87.293152	 210.891428571	805.7376	 316.0
30.0	 710.72008	 136.371428571	 87.06912	 210.628571429	797.7892	 347.0
30.5	 832.148912	 104.634285714	 86.845088	 210.365714286	918.994	 315.0
31.0	 991.270544	 120.897142857	 86.621056	 210.102857143	1077.8916	 331.0
31.5	 942.340576	 106.16	 86.397024	 209.84	1028.7376	 316.0
32.0	 730.847408	 179.422857143	 86.172992	 209.577142857	817.0204	 389.0
32.5	 597.78864	 106.685714286	 85.94896	 209.314285714	683.7376	 316.0
33.0	 409.295072	 140.948571429	 85.724928	 209.051428571	495.02	 350.0
33.5	 538.827104	 171.211428571	 85.500896	 208.788571429	624.328	 380.0
34.0	 410.538336	 173.474285714	 85.276864	 208.525714286	495.8152	 382.0
34.5	 279.326368	 163.737142857	 85.052832	 208.262857143	364.3792	 372.0
35.0	 275.1656	 146.0	 84.8288	 208.0	359.9944	 354.0
35.5	 193.697232	 137.262857143	 84.604768	 207.737142857	278.302	 345.0
36.0	 79.152064	 140.525714286	 84.380736	 207.474285714	163.5328	 348.0
36.5	 38.888096	 60.7885714286	 84.156704	 207.211428571	123.0448	 268.0
37.0	 89.830128	 66.0514285714	 83.932672	 206.948571429	173.7628	 273.0
37.5	 29.02816	 31.3142857143	 83.70864	 206.685714286	112.7368	 238.0
38.0	 27.816192	 21.5771428571	 83.484608	 206.422857143	111.3008	 228.0
38.5	 31.553024	 19.84	 83.260576	 206.16	114.8136	 226.0
39.0	 10.110256	 7.10285714286	 83.036544	 205.897142857	93.1468	 213.0
39.5	 -18.665712	 7.36571428571	 82.812512	 205.634285714	64.1468	 213.0
40.0	 -11.41608	 3.62857142857	 82.58848	 205.371428571	71.1724	 209.0
40.5	 -16.243248	 11.8914285714	 82.364448	 205.108571429	66.1212	 217.0
41.0	 6.749984	 9.15428571429	 82.140416	 204.845714286	88.8904	 214.0
41.5	 -30.231184	 2.41714285714	 81.916384	 204.582857143	51.6852	 207.0
42.0	 -28.647952	 24.68	 81.692352	 204.32	53.0444	 229.0
42.5	 -17.34712	 12.9428571429	 81.46832	 204.057142857	64.1212	 217.0
43.0	 -26.071888	 5.20571428571	 81.244288	 203.794285714	55.1724	 209.0
43.5	 6.767744	 26.4685714286	 81.020256	 203.531428571	87.788	 230.0
44.0	 -3.136624	 7.73142857143	 80.796224	 203.268571429	77.6596	 211.0
44.5	 -5.091792	 35.9942857143	 80.572192	 203.005714286	75.4804	 239.0
45.0	 -25.76536	 20.2571428571	 80.34816	 202.742857143	54.5828	 223.0
45.5	 -5.079728	 26.52	 80.124128	 202.48	75.0444	 229.0
46.0	 -36.881296	 30.7828571429	 79.900096	 202.217142857	43.0188	 233.0
46.5	 -16.734464	 4.04571428571	 79.676064	 201.954285714	62.9416	 206.0
47.0	 4.540768	 -3.69142857143	 79.452032	 201.691428571	83.9928	 198.0
47.5	 -29.594	 13.5714285714	 79.228	 201.428571429	49.634	 215.0
48.0	 -2.729168	 -8.16571428571	 79.003968	 201.165714286	76.2748	 193.0
48.5	 -14.992336	 -9.90285714286	 78.779936	 200.902857143	63.7876	 191.0
49.0	 -18.588704	 1.36	 78.555904	 200.64	59.9672	 202.0
49.5	 20.866128	 4.62285714286	 78.331872	 200.377142857	99.198	 205.0
50.0	 -32.88424	 0.885714285714	 78.10784	 200.114285714	45.2236	 201.0
50.5	 -43.609008	 -6.85142857143	 77.883808	 199.851428571	34.2748	 193.0
51.0	 -11.230976	 8.41142857143	 77.659776	 199.588571429	66.4288	 208.0
51.5	 0.608256	 -9.32571428571	 77.435744	 199.325714286	78.044	 190.0
52.0	 83.755488	 2.93714285714	 77.211712	 199.062857143	160.9672	 202.0
Actin association begins: 12.5
Actin association ends: 39.0
Length of actin association: 26.5
Cofilin association begins: 17.0
Cofilin association ends: 46.5
Length of cofilin association: 29.5
Delay between actin and cofilin association: 4.5
Maximum normalized actin intensity: 991.270544
Maximum normalized cofilin intensity: 179.422857143