Time	 Int488	 Int561	 Back488	 Back561	 Raw488	 Raw561
0.0	 -10.2005367628	 2.15793572038	 78.21856	 209.6	62.1468	 213.0
0.5	 17.6533622193	 -1.66115603748	 77.8709185185	 209.617283951	105.6852	 207.0
1.0	 1.87659355796	 -6.11493477192	 77.523277037	 209.634567901	80.48	 200.0
1.5	 -10.6452464127	 1.49033904872	 77.1756355556	 209.651851852	60.4032	 212.0
2.0	 3.52226260635	 4.01811705669	 76.8279940741	 209.669135802	82.3776	 216.0
2.5	 -2.39248593806	 -4.24378353725	 76.4803525926	 209.686419753	72.7108	 203.0
3.0	 -9.57660843565	 -12.5056841312	 76.1327111111	 209.703703704	61.044	 190.0
3.5	 -8.24932470246	 -11.881967053	 75.7850696296	 209.720987654	62.7876	 191.0
4.0	 -0.998380479428	 -19.5091806703	 75.4374281481	 209.738271605	73.8644	 179.0
4.5	 -4.37412724272	 -3.01828917753	 75.0897866667	 209.755555556	68.198	 205.0
5.0	 19.8668795939	 -12.5495637246	 74.7421451852	 209.772839506	106.044	 190.0
5.5	 11.3158952235	 -5.57897688058	 74.3945037037	 209.790123457	92.2236	 201.0
6.0	 11.9922439935	 -2.41651189603	 74.0468622222	 209.807407407	92.9416	 206.0
6.5	 23.6535010794	 -4.96622970072	 73.6992207407	 209.824691358	110.9672	 202.0
7.0	 7.48627299007	 2.00435714333	 73.3515792593	 209.841975309	85.1468	 213.0
7.5	 32.5571965172	 -13.239100193	 73.0039377778	 209.859259259	124.3004	 189.0
8.0	 30.3368339261	 -3.72976544264	 72.6562962963	 209.87654321	120.4544	 204.0
8.5	 35.4884875054	 -5.64479627075	 72.3086548148	 209.89382716	128.2236	 201.0
9.0	 25.4239016333	 -10.0985750052	 71.9610133333	 209.911111111	112.0184	 194.0
9.5	 56.9884345553	 1.31482067495	 71.6133718519	 209.928395062	161.4032	 212.0
10.0	 92.9142825055	 0.669163800002	 71.2657303704	 209.945679012	217.6596	 211.0
10.5	 126.008411041	 -3.78461493444	 70.9180888889	 209.962962963	269.4544	 204.0
11.0	 154.318015272	 -4.43027180938	 70.5704474074	 209.980246914	313.7108	 203.0
11.5	 214.475958114	 1.90562805809	 70.2228059259	 209.997530864	408.1468	 213.0
12.0	 237.822056313	 8.24152792556	 69.8751644444	 210.014814815	444.5828	 223.0
12.5	 228.750120873	 -2.55912057472	 69.527522963	 210.032098765	429.9416	 206.0
13.0	 250.338643897	 5.6808402225	 69.1798814815	 210.049382716	463.6084	 219.0
13.5	 278.30653266	 8.84330520706	 68.83224	 210.066666667	507.3264	 224.0
14.0	 247.248532601	 12.0057701916	 68.4845985185	 210.083950617	458.0444	 229.0
14.5	 337.187765507	 1.20512169134	 68.136957037	 210.101234568	599.4032	 212.0
15.0	 442.440979659	 2.46352574614	 67.7893155556	 210.118518519	764.8904	 214.0
15.5	 382.675833774	 28.4747218877	 67.4416740741	 210.135802469	670.378	 255.0
16.0	 406.65661895	 34.8106217552	 67.0940325926	 210.15308642	707.814	 265.0
16.5	 482.860717934	 37.9730867397	 66.7463911111	 210.17037037	827.532	 270.0
17.0	 479.517467143	 49.3864824198	 66.3987496296	 210.187654321	821.9168	 288.0
17.5	 475.93024268	 74.1283046082	 66.0511081481	 210.204938272	815.9172	 327.0
18.0	 510.960674243	 39.8442379744	 65.7034666667	 210.222222222	870.7628	 273.0
18.5	 541.02785365	 37.2945201697	 65.3558251852	 210.239506173	917.7884	 269.0
19.0	 525.609302318	 51.2466637562	 65.0081837037	 210.256790123	893.1476	 291.0
19.5	 595.954986633	 77.2578598977	 64.6605422222	 210.274074074	1003.6352	 332.0
20.0	 600.0	 74.708142093	 64.3129007407	 210.291358025	1009.6608	 328.0
20.5	 557.875343942	 46.770945225	 63.9652592593	 210.308641975	942.9424	 284.0
21.0	 571.180694172	 84.8411939216	 63.6176177778	 210.325925926	963.5584	 344.0
21.5	 572.247756245	 101.332085414	 63.2699762963	 210.343209877	964.892	 370.0
22.0	 448.05299662	 54.3542792489	 62.9223348148	 210.360493827	768.8656	 296.0
22.5	 428.370872054	 89.8857800392	 62.5746933333	 210.377777778	737.5072	 352.0
23.0	 482.539654709	 65.1220180541	 62.2270518519	 210.395061728	822.5068	 313.0
23.5	 352.194016656	 86.6904053596	 61.8794103704	 210.412345679	616.7892	 347.0
24.0	 375.622116413	 154.590941956	 61.5317688889	 210.42962963	653.3544	 454.0
24.5	 463.119835458	 103.805013931	 61.1841274074	 210.44691358	790.8664	 374.0
25.0	 345.255697612	 59.3659556714	 60.8364859259	 210.464197531	604.8144	 304.0
25.5	 209.393106483	 75.2221601876	 60.4888444444	 210.481481481	390.4044	 329.0
26.0	 361.401933077	 109.484287025	 60.141202963	 210.498765432	629.5588	 383.0
26.5	 367.204521619	 105.03050829	 59.7935614815	 210.516049383	638.3536	 376.0
27.0	 189.696309835	 82.8054942115	 59.44592	 210.533333333	358.3276	 341.0
27.5	 114.551683009	 57.4070452499	 59.0982785185	 210.550617284	239.5836	 301.0
28.0	 303.795309645	 75.1673106958	 58.750637037	 210.567901235	537.4044	 329.0
28.5	 75.625621766	 10.418269186	 58.4029955556	 210.585185185	177.5572	 227.0
29.0	 1.652880973	 0.252307662296	 58.0553540741	 210.602469136	60.6596	 211.0
29.5	 -4.5710870664	 -9.27896688481	 57.7077125926	 210.619753086	50.5056	 196.0
30.0	 0.385336798885	 -5.48181492367	 57.3600711111	 210.637037037	57.9672	 202.0
30.5	 4.4303501658	 -8.03153272837	 57.0124296296	 210.654320988	63.9928	 198.0
31.0	 -2.67227852399	 -4.23438076723	 56.6647881481	 210.671604938	52.4544	 204.0
31.5	 -4.59966960672	 9.08307584266	 56.3171466667	 210.688888889	49.07	 225.0
32.0	 -2.78418465115	 7.80273199113	 55.9695051852	 210.70617284	51.5828	 223.0
32.5	 15.793383356	 -9.34478627497	 55.6218637037	 210.72345679	80.5056	 196.0
33.0	 -1.25275925853	 -13.7985650094	 55.2742222222	 210.740740741	53.3004	 189.0
33.5	 11.9708432889	 -12.5401609546	 54.9265807407	 210.758024691	73.7876	 191.0
34.0	 22.2327425289	 5.22010449135	 54.5789392593	 210.775308642	89.6084	 219.0
34.5	 -3.19456854882	 -3.67648307917	 54.2312977778	 210.792592593	49.198	 205.0
35.0	 3.79615401381	 4.56347771805	 53.8836562963	 210.809876543	59.8648	 218.0
35.5	 21.1370979158	 7.09125572602	 53.5360148148	 210.827160494	86.8392	 222.0
36.0	 15.0921116038	 -5.613453704	 53.1883733333	 210.844444444	76.9672	 202.0
36.5	 29.5035942966	 -16.4141022043	 52.8407318519	 210.861728395	99.326	 185.0
37.0	 -5.28103381425	 -1.19258466464	 52.4930903704	 210.879012346	44.1724	 209.0
37.5	 9.35842844058	 1.96988031991	 52.1454488889	 210.896296296	66.8904	 214.0
38.0	 6.34064513208	 12.1139020469	 51.7978074074	 210.913580247	61.788	 230.0
38.5	 5.30816268633	 9.56418424219	 51.4501659259	 210.930864198	59.8136	 226.0
39.0	 -6.88846367752	 -8.85270797708	 51.1025244444	 210.948148148	40.2492	 197.0
39.5	 5.39123239837	 -8.86367787544	 50.754882963	 210.965432099	59.2492	 197.0
40.0	 -13.4612293515	 -3.79715196114	 50.4072414815	 210.982716049	29.198	 205.0
Actin association begins: 5.0
Actin association ends: 29.0
Length of actin association: 24.0
Area under actin curve during patch life: 14085.8949931
Cofilin association begins: 13.0
Cofilin association ends: 29.0
Length of cofilin association: 16.0
Delay between actin and cofilin association: 8.0
Area under cofilin curve during patch life: 1897.86920569
Cofilin intensity score: 255.030984227