Time	 Int488	 Int561	 Back488	 Back561	 Raw488	 Raw561
0.0	 13.5623566038	 -20.2795185287	 52.42944	 270.4	65.4036	 251.0
0.5	 -20.2708944125	 -20.8445650188	 52.0517499099	 269.940540541	32.66	 250.0
1.0	 -13.6571683913	 28.7665168096	 51.6740598198	 269.481081081	38.6092	 297.0
1.5	 13.272871986	 7.29475018684	 51.2963697297	 269.021621622	63.9936	 276.0
2.0	 11.0409647191	 9.86571171667	 50.9186796396	 268.562162162	61.4808	 278.0
2.5	 9.13060280778	 3.02864918679	 50.5409895495	 268.102702703	59.2756	 271.0
3.0	 13.2777539877	 -11.1257653895	 50.1632994595	 267.643243243	62.8652	 257.0
3.5	 65.1352949137	 -7.50946785307	 49.7856093694	 267.183783784	112.096	 260.0
4.0	 -21.2056018503	 29.5575818957	 49.4079192793	 266.724324324	29.122	 295.0
4.5	 -15.4503057578	 9.13115127957	 49.0302291892	 266.264864865	34.25	 275.0
5.0	 6.97684523738	 -2.93259128348	 48.6525390991	 265.805405405	55.3268	 263.0
5.5	 12.9203018111	 28.9077784321	 48.274849009	 265.345945946	60.6348	 293.0
6.0	 52.4478954716	 -0.926676243719	 47.8971589189	 264.886486486	98.0704	 264.0
6.5	 32.6062578369	 17.3243253856	 47.5194688288	 264.427027027	78.7116	 281.0
7.0	 107.622172654	 36.6206630216	 47.1417787387	 263.967567568	150.0964	 299.0
7.5	 120.640881455	 -16.2111838002	 46.7640886486	 263.508108108	162.1728	 248.0
8.0	 80.1342053722	 45.9439301078	 46.3863985586	 263.048648649	123.0452	 307.0
8.5	 111.030668693	 -23.6132928201	 46.0087084685	 262.589189189	152.224	 240.0
9.0	 118.019879408	 48.9951811542	 45.6310183784	 262.12972973	158.5324	 309.0
9.5	 156.421437122	 -9.06334570077	 45.2533282883	 261.67027027	194.8908	 253.0
10.0	 165.95625008	 -7.53772017757	 44.8756381982	 261.210810811	203.6344	 254.0
10.5	 187.016937847	 30.5746655778	 44.4979481081	 260.751351351	223.404	 290.0
11.0	 253.696507079	 4.92155492853	 44.120258018	 260.291891892	286.814	 265.0
11.5	 360.688832204	 9.58318847163	 43.7425679279	 259.832432432	388.7884	 269.0
12.0	 403.594533704	 64.4209503332	 43.3648778378	 259.372972973	429.4556	 321.0
12.5	 345.611093993	 39.8131756905	 42.9871877477	 258.913513514	373.6092	 297.0
13.0	 345.818164697	 28.7947691341	 42.6094976577	 258.454054054	373.4296	 286.0
13.5	 434.477386938	 80.4965229758	 42.2318075676	 257.994594595	457.866	 335.0
14.0	 445.807669021	 46.4807242734	 41.8541174775	 257.535135135	468.3272	 302.0
14.5	 482.360236407	 32.3263096971	 41.4764273874	 257.075675676	502.9168	 288.0
15.0	 572.38634001	 74.620039479	 41.0987372973	 256.616216216	588.6608	 328.0
15.5	 487.572888219	 77.1910010088	 40.7210472072	 256.156756757	507.148	 330.0
16.0	 431.653778055	 97.5326746514	 40.3433571171	 255.697297297	453.2764	 349.0
16.5	 550.547044548	 121.010356314	 39.965667027	 255.237837838	566.6356	 371.0
17.0	 579.085229838	 93.2665736514	 39.5879769369	 254.778378378	593.5584	 344.0
17.5	 526.355230763	 64.4774549822	 39.2102868468	 254.318918919	542.7376	 316.0
18.0	 592.82071518	 72.2750965452	 38.8325967568	 253.859459459	605.9428	 323.0
18.5	 505.997291315	 103.070130254	 38.4549066667	 253.4	522.5072	 352.0
19.0	 547.374293439	 70.0996675584	 38.0772165766	 252.940540541	561.712	 320.0
19.5	 467.54625813	 69.5346210683	 37.6995264865	 252.481081081	484.9684	 319.0
20.0	 412.886986921	 97.1936467574	 37.3218363964	 252.021621622	432.302	 345.0
20.5	 512.748866078	 31.817767856	 36.9441463063	 251.562162162	527.4552	 282.0
21.0	 478.138303207	 30.2073853593	 36.5664562162	 251.102702703	493.968	 280.0
21.5	 465.989920447	 112.223883393	 36.1887661261	 250.643243243	481.9688	 358.0
22.0	 600.0	 101.205476837	 35.811076036	 250.183783784	609.7892	 347.0
22.5	 393.015620307	 42.1016139753	 35.4333859459	 249.724324324	411.404	 290.0
23.0	 396.921507937	 24.8111913791	 35.0556958559	 249.264864865	414.7628	 273.0
23.5	 383.486107485	 62.9235771345	 34.6780057658	 248.805405405	401.5324	 309.0
24.0	 345.685597256	 28.9077784321	 34.3003156757	 248.345945946	364.9936	 276.0
24.5	 451.713286315	 61.7934841543	 33.9226255856	 247.886486486	466.0452	 307.0
25.0	 360.841903298	 30.9136934719	 33.5449354955	 247.427027027	378.7372	 277.0
25.5	 254.317658918	 36.6206630216	 33.1672454054	 246.967567568	276.4552	 282.0
26.0	 305.02282143	 56.9623366642	 32.7895553153	 246.508108108	324.5836	 301.0
26.5	 368.379058429	 60.5786342007	 32.4118652252	 246.048648649	384.8144	 304.0
27.0	 439.749259389	 37.0161955647	 32.0341751351	 245.589189189	452.7116	 281.0
27.5	 234.052315522	 62.5845492404	 31.656485045	 245.12972973	255.558	 305.0
28.0	 342.009276715	 39.0221106044	 31.278794955	 244.67027027	358.4552	 282.0
28.5	 296.839147639	 135.673312731	 30.9011048649	 244.210810811	314.8664	 374.0
29.0	 229.527965675	 98.5215060091	 30.5234147748	 243.751351351	250.0968	 338.0
29.5	 362.814254576	 78.0950753929	 30.1457246847	 243.291891892	377.2248	 318.0
30.0	 412.420559879	 106.799437089	 29.7680345946	 242.832432432	424.302	 345.0
30.5	 456.747082078	 184.634591096	 29.3903445045	 242.372972973	466.3284	 419.0
31.0	 319.130363517	 148.52812038	 29.0126544144	 241.913513514	334.3024	 384.0
31.5	 383.237151769	 157.37109795	 28.6349643243	 241.454054054	395.2512	 392.0
32.0	 332.571064105	 132.763323307	 28.2572742342	 240.994594595	346.4048	 368.0
32.5	 450.204909778	 189.691757182	 27.8795841441	 240.535135135	458.5592	 422.0
33.0	 414.924495594	 211.078766832	 27.5018940541	 240.075675676	424.4312	 442.0
33.5	 362.30195706	 206.332376315	 27.124203964	 239.616216216	373.7132	 437.0
34.0	 245.459410025	 313.436938508	 26.7465138739	 239.156756757	261.5604	 539.0
34.5	 206.130618555	 232.381019507	 26.3688237838	 238.697297297	223.5596	 461.0
35.0	 180.525416314	 171.186484632	 25.9911336937	 238.237837838	198.6872	 402.0
35.5	 187.353645284	 228.114918507	 25.6134436036	 237.778378378	204.8416	 456.0
36.0	 159.068201522	 177.373743699	 25.2357535135	 237.318918919	177.4052	 407.0
36.5	 156.353767154	 173.672689189	 24.8580634234	 236.859459459	174.4308	 403.0
37.0	 114.506552177	 200.286378871	 24.4803733333	 236.4	134.0208	 428.0
37.5	 141.998565191	 91.0063876911	 24.1026832432	 235.940540541	159.9428	 323.0
38.0	 9.2079539053	 199.156285891	 23.7249931532	 235.481081081	32.5336	 426.0
38.5	 45.330679125	 88.8309587043	 23.3473030631	 235.021621622	66.712	 320.0
39.0	 50.0142967435	 113.353976373	 22.969612973	 234.562162162	70.8148	 343.0
39.5	 45.7715811342	 62.612801565	 22.5919228829	 234.102702703	66.3784	 294.0
40.0	 13.814917317	 95.4985072872	 22.2142327928	 233.643243243	35.43	 325.0
40.5	 24.3942300129	 15.4879242929	 21.8365427027	 233.183783784	45.1728	 248.0
41.0	 46.5541931248	 86.005726254	 21.4588526126	 232.724324324	65.994	 315.0
41.5	 -6.68425738427	 136.662144089	 21.0811625225	 232.264864865	14.6868	 363.0
42.0	 24.1858634693	 112.054369446	 20.7034724324	 231.805405405	43.8404	 339.0
42.5	 -31.3849407378	 118.806675003	 20.3257823423	 231.345945946	-9.698	 345.0
43.0	 17.2019528906	 61.7934841543	 19.9480922523	 230.886486486	36.404	 290.0
43.5	 21.617546357	 87.3618378301	 19.5704021622	 230.427027027	40.2504	 314.0
44.0	 -2.03120501386	 6.30591882921	 19.1927120721	 229.967567568	17.2496	 236.0
44.5	 18.9487828137	 16.1942324055	 18.815021982	 229.508108108	36.942	 245.0
45.0	 -21.3705690566	 49.0799381277	 18.4373318919	 229.048648649	-2.0064	 276.0
45.5	 14.6187712887	 0.429435332455	 18.0596418018	 228.589189189	32.0444	 229.0
46.0	 -7.3407170955	 -17.9063232704	 17.6819517117	 228.12972973	10.6596	 211.0
46.5	 16.8287999555	 -16.3806977472	 17.3042616216	 227.67027027	33.4032	 212.0
47.0	 6.87771348117	 8.14231992195	 16.9265715315	 227.210810811	23.506	 235.0
47.5	 6.8970418381	 -14.3747827074	 16.5488814414	 226.751351351	23.1468	 213.0
48.0	 -10.2643542756	 -6.57714114445	 16.1711913514	 226.291891892	6.352	 220.0
48.5	 -0.783062521012	 3.31117243183	 15.7935012613	 225.832432432	15.0444	 229.0
49.0	 -32.8735293471	 57.1035982867	 15.4158111712	 225.372972973	-16.032	 280.0
49.5	 -2.32537198357	 1.13574344505	 15.0381210811	 224.913513514	12.8136	 226.0
50.0	 0.374616028779	 8.93338500805	 14.660430991	 224.454054054	15.0188	 233.0
50.5	 22.1854369144	 11.5043465379	 14.2827409009	 223.994594595	35.506	 235.0
51.0	 16.4687975358	 -13.1034281048	 13.9050508108	 223.535135135	29.6596	 211.0
51.5	 -7.17869943192	 28.1449656705	 13.5273607207	 223.075675676	6.66	 250.0
52.0	 -13.5923688598	 -10.0521770584	 13.1496706306	 222.616216216	0.1468	 213.0
52.5	 -18.2632540974	 6.10815255769	 12.7719805405	 222.156756757	-4.6992	 228.0
53.0	 -3.66274285116	 -8.04626201863	 12.3942904505	 221.697297297	8.8904	 214.0
53.5	 14.5830641175	 -20.1100045817	 12.0166003604	 221.237837838	25.9672	 202.0
54.0	 18.1143033223	 21.1383891936	 11.6389102703	 220.778378378	28.9676	 241.0
54.5	 -10.7874705491	 -14.968081522	 11.2612201802	 220.318918919	0.9416	 206.0
55.0	 -24.1693497972	 14.7816161803	 10.8835300901	 219.859459459	-12.2376	 234.0
Actin association begins: 5.0
Actin association ends: 41.0
Length of actin association: 36.0
Area under actin curve during patch life: 21877.3486954
Cofilin association begins: 10.5
Cofilin association ends: 45.5
Length of cofilin association: 35.0
Delay between actin and cofilin association: 5.5
Area under cofilin curve during patch life: 6583.95560512
Cofilin intensity score: 219.500355425