Time	 Int488	 Int561	 Back488	 Back561	 Raw488	 Raw561
0.0	 84.86744	 75.4	 148.05176	 446.6	232.9192	 522.0
0.5	 -16.9432114286	 -15.0623376623	 147.194811429	 446.062337662	130.2516	 431.0
1.0	 -17.1118628571	 -10.5246753247	 146.337862857	 445.524675325	129.226	 435.0
1.5	 -43.9469142857	 20.012987013	 145.480914286	 444.987012987	101.534	 465.0
2.0	 1.70403428571	 -64.4493506494	 144.623965714	 444.449350649	146.328	 380.0
2.5	 -26.5926171429	 -39.9116883117	 143.767017143	 443.911688312	117.1744	 404.0
3.0	 -54.0172685714	 4.62597402597	 142.910068571	 443.374025974	88.8928	 448.0
3.5	 -43.62232	 -39.8363636364	 142.05312	 442.836363636	98.4308	 403.0
4.0	 -16.0733714286	 -69.2987012987	 141.196171429	 442.298701299	125.1228	 373.0
4.5	 -11.2932228571	 -56.761038961	 140.339222857	 441.761038961	129.046	 385.0
5.0	 108.692525714	 1.77662337662	 139.482274286	 441.223376623	248.1748	 443.0
5.5	 25.2410742857	 -66.6857142857	 138.625325714	 440.685714286	163.8664	 374.0
6.0	 -43.7727771429	 30.8519480519	 137.768377143	 440.148051948	93.9956	 471.0
6.5	 6.92977142857	 -22.6103896104	 136.911428571	 439.61038961	143.8412	 417.0
7.0	 -35.82808	 34.9272727273	 136.05448	 439.072727273	100.2264	 474.0
7.5	 72.5156685714	 -1.53506493506	 135.197531429	 438.535064935	207.7132	 437.0
8.0	 59.1418171429	 -3.9974025974	 134.340582857	 437.997402597	193.4824	 434.0
8.5	 58.0495657143	 -50.4597402597	 133.483634286	 437.45974026	191.5332	 387.0
9.0	 118.086514286	 0.077922077922	 132.626685714	 436.922077922	250.7132	 437.0
9.5	 51.8666628571	 12.6155844156	 131.769737143	 436.384415584	183.6364	 449.0
10.0	 200.031211429	 4.15324675325	 130.912788571	 435.846753247	330.944	 440.0
10.5	 417.68256	 -41.3090909091	 130.05584	 435.309090909	547.7384	 394.0
11.0	 412.718708571	 -68.7714285714	 129.198891429	 434.771428571	541.9176	 366.0
11.5	 450.499657143	 21.7662337662	 128.341942857	 434.233766234	578.8416	 456.0
12.0	 521.074205714	 -11.6961038961	 127.484994286	 433.696103896	648.5592	 422.0
12.5	 627.366754286	 -40.1584415584	 126.628045714	 433.158441558	753.9948	 393.0
13.0	 563.609302857	 56.3792207792	 125.771097143	 432.620779221	689.3804	 489.0
13.5	 818.260651429	 10.9168831169	 124.914148571	 432.083116883	943.1748	 443.0
14.0	 836.3496	 131.454545455	 124.0572	 431.545454545	960.4068	 563.0
14.5	 954.104148571	 147.992207792	 123.200251429	 431.007792208	1077.3044	 579.0
15.0	 895.139897143	 81.5298701299	 122.343302857	 430.47012987	1017.4832	 512.0
15.5	 979.766445714	 118.067532468	 121.486354286	 429.932467532	1101.2528	 548.0
16.0	 978.367394286	 158.605194805	 120.629405714	 429.394805195	1098.9968	 588.0
16.5	 967.327542857	 221.142857143	 119.772457143	 428.857142857	1087.1	 650.0
17.0	 1088.90289143	 265.680519481	 118.915508571	 428.319480519	1207.8184	 694.0
17.5	 1405.70824	 235.218181818	 118.05856	 427.781818182	1523.7668	 663.0
18.0	 1222.92438857	 257.755844156	 117.201611429	 427.244155844	1340.126	 685.0
18.5	 1119.39773714	 357.293506494	 116.344662857	 426.706493506	1235.7424	 784.0
19.0	 1093.92108571	 331.831168831	 115.487714286	 426.168831169	1209.4088	 758.0
19.5	 1272.00803429	 257.368831169	 114.630765714	 425.631168831	1386.6388	 683.0
20.0	 1052.94378286	 440.906493506	 113.773817143	 425.093506494	1166.7176	 866.0
20.5	 1053.77473143	 406.444155844	 112.916868571	 424.555844156	1166.6916	 831.0
21.0	 1088.09288	 373.981818182	 112.05992	 424.018181818	1200.1528	 798.0
21.5	 1117.36062857	 427.519480519	 111.202971429	 423.480519481	1228.5636	 851.0
22.0	 1194.62637714	 286.057142857	 110.346022857	 422.942857143	1304.9724	 709.0
22.5	 946.559725714	 235.594805195	 109.489074286	 422.405194805	1056.0488	 658.0
23.0	 933.597474286	 364.132467532	 108.632125714	 421.867532468	1042.2296	 786.0
23.5	 945.914422857	 214.67012987	 107.775177143	 421.32987013	1053.6896	 636.0
24.0	 943.002971429	 296.207792208	 106.918228571	 420.792207792	1049.9212	 717.0
24.5	 722.67992	 246.745454545	 106.06128	 420.254545455	828.7412	 667.0
25.0	 672.870468571	 273.283116883	 105.204331429	 419.716883117	778.0748	 693.0
25.5	 413.291017143	 224.820779221	 104.347382857	 419.179220779	517.6384	 644.0
26.0	 526.891965714	 265.358441558	 103.490434286	 418.641558442	630.3824	 684.0
26.5	 504.570114286	 332.896103896	 102.633485714	 418.103896104	607.2036	 751.0
27.0	 389.299462857	 392.433766234	 101.776537143	 417.566233766	491.076	 810.0
27.5	 463.130811429	 396.971428571	 100.919588571	 417.028571429	564.0504	 814.0
28.0	 553.60256	 340.509090909	 100.06264	 416.490909091	653.6652	 757.0
28.5	 192.894708571	 273.046753247	 99.2056914286	 415.953246753	292.1004	 689.0
29.0	 156.237657143	 158.584415584	 98.3487428571	 415.415584416	254.5864	 574.0
29.5	 -19.3169942857	 28.1220779221	 97.4917942857	 414.877922078	78.1748	 443.0
30.0	 -38.6912457143	 -13.3402597403	 96.6348457143	 414.34025974	57.9436	 401.0
30.5	 -23.1926971429	 43.1974025974	 95.7778971429	 413.802597403	72.5852	 457.0
31.0	 -19.3873485714	 12.7350649351	 94.9209485714	 413.264935065	75.5336	 426.0
31.5	 -24.9404	 38.2727272727	 94.064	 412.727272727	69.1236	 451.0
32.0	 59.5065485714	 63.8103896104	 93.2070514286	 412.18961039	152.7136	 476.0
32.5	 -30.7405028571	 -75.6519480519	 92.3501028571	 411.651948052	61.6096	 336.0
33.0	 -1.13955428571	 -35.1142857143	 91.4931542857	 411.114285714	90.3536	 376.0
33.5	 -22.5386057143	 5.42337662338	 90.6362057143	 410.576623377	68.0976	 416.0
34.0	 -41.6820571429	 -33.038961039	 89.7792571429	 410.038961039	48.0972	 377.0
34.5	 -17.7995085714	 -36.5012987013	 88.9223085714	 409.501298701	71.1228	 373.0
35.0	 -45.45536	 -33.9636363636	 88.06536	 408.963636364	42.61	 375.0
35.5	 4.19678857143	 -1.42597402597	 87.2084114286	 408.425974026	91.4052	 407.0
36.0	 -25.8186628571	 -59.8883116883	 86.3514628571	 407.888311688	60.5328	 348.0
36.5	 -16.9105142857	 -67.3506493506	 85.4945142857	 407.350649351	68.584	 340.0
37.0	 -19.2575657143	 43.187012987	 84.6375657143	 406.812987013	65.38	 450.0
37.5	 27.3945828571	 75.7246753247	 83.7806171429	 406.275324675	111.1752	 482.0
38.0	 21.7379314286	 0.262337662338	 82.9236685714	 405.737662338	104.6616	 406.0
Actin association begins: 7.5
Actin association ends: 29.0
Length of actin association: 21.5
Cofilin association begins: 13.0
Cofilin association ends: 29.5
Length of cofilin association: 16.5
Delay between actin and cofilin association: 5.5
Maximum normalized actin intensity: 1405.70824
Maximum normalized cofilin intensity: 440.906493506