Time	 Int488	 Int561	 Back488	 Back561	 Raw488	 Raw561
0.0	 4.78456	 -5.4	 24.92624	 208.4	29.7108	 203.0
0.5	 8.34797762238	 4.74125874126	 24.7988223776	 208.258741259	33.1468	 213.0
1.0	 -5.42220475524	 -11.1174825175	 24.6714047552	 208.117482517	19.2492	 197.0
1.5	 -6.44838713287	 13.0237762238	 24.5439871329	 207.976223776	18.0956	 221.0
2.0	 0.0122304895105	 0.165034965035	 24.4165695105	 207.834965035	24.4288	 208.0
2.5	 15.1908481119	 -7.69370629371	 24.2891518881	 207.693706294	39.48	 200.0
3.0	 17.0874657343	 -10.5524475524	 24.1617342657	 207.552447552	41.2492	 197.0
3.5	 -1.29791664336	 -8.41118881119	 24.0343166434	 207.411188811	22.7364	 199.0
4.0	 19.547500979	 -3.26993006993	 23.906899021	 207.26993007	43.4544	 204.0
4.5	 26.6749186014	 -3.12867132867	 23.7794813986	 207.128671329	50.4544	 204.0
5.0	 18.8279362238	 -6.98741258741	 23.6520637762	 206.987412587	42.48	 200.0
5.5	 24.3913538462	 3.15384615385	 23.5246461538	 206.846153846	47.916	 210.0
6.0	 3.95477146853	 13.2951048951	 23.3972285315	 206.704895105	27.352	 220.0
6.5	 45.6973890909	 -4.56363636364	 23.2698109091	 206.563636364	68.9672	 202.0
7.0	 -10.0211932867	 10.5776223776	 23.1423932867	 206.422377622	13.1212	 217.0
7.5	 39.7726243357	 -15.2811188811	 23.0149756643	 206.281118881	62.7876	 191.0
8.0	 29.720841958	 12.8601398601	 22.887558042	 206.13986014	52.6084	 219.0
8.5	 49.4378595804	 -0.998601398601	 22.7601404196	 205.998601399	72.198	 205.0
9.0	 29.1292772028	 -10.8573426573	 22.6327227972	 205.857342657	51.762	 195.0
9.5	 38.3078948252	 -18.7160839161	 22.5053051748	 205.716083916	60.8132	 187.0
10.0	 76.4101124476	 24.4251748252	 22.3778875524	 205.574825175	98.788	 230.0
10.5	 45.8707300699	 11.5664335664	 22.2504699301	 205.433566434	68.1212	 217.0
11.0	 77.3313476923	 -1.29230769231	 22.1230523077	 205.292307692	99.4544	 204.0
11.5	 58.7667653147	 28.848951049	 21.9956346853	 205.151048951	80.7624	 234.0
12.0	 108.355782937	 34.9902097902	 21.8682170629	 205.00979021	130.224	 240.0
12.5	 96.3036005594	 24.1314685315	 21.7407994406	 204.868531469	118.0444	 229.0
13.0	 106.149018182	 29.2727272727	 21.6133818182	 204.727272727	127.7624	 234.0
13.5	 136.020035804	 30.413986014	 21.4859641958	 204.586013986	157.506	 235.0
14.0	 85.9422534266	 23.5552447552	 21.3585465734	 204.444755245	107.3008	 228.0
14.5	 164.351671049	 18.6965034965	 21.231128951	 204.303496503	185.5828	 223.0
15.0	 120.248288671	 15.8377622378	 21.1037113287	 204.162237762	141.352	 220.0
15.5	 184.734506294	 -1.02097902098	 20.9762937063	 204.020979021	205.7108	 203.0
16.0	 171.810723916	 7.12027972028	 20.8488760839	 203.87972028	192.6596	 211.0
16.5	 203.092141538	 22.2615384615	 20.7214584615	 203.738461538	223.8136	 226.0
17.0	 167.681159161	 28.4027972028	 20.5940408392	 203.597202797	188.2752	 232.0
17.5	 250.526576783	 33.5440559441	 20.4666232168	 203.455944056	270.9932	 237.0
18.0	 244.551194406	 10.6853146853	 20.3392055944	 203.314685315	264.8904	 214.0
18.5	 260.909412028	 13.8265734266	 20.211787972	 203.173426573	281.1212	 217.0
19.0	 252.21682965	 63.9678321678	 20.0843703497	 203.032167832	272.3012	 267.0
19.5	 279.113047273	 22.1090909091	 19.9569527273	 202.890909091	299.07	 225.0
20.0	 387.830464895	 47.2503496503	 19.8295351049	 202.74965035	407.66	 250.0
20.5	 340.137482517	 58.3916083916	 19.7021174825	 202.608391608	359.8396	 261.0
21.0	 349.34170014	 46.5328671329	 19.5746998601	 202.467132867	368.9164	 249.0
21.5	 341.033117762	 36.6741258741	 19.4472822378	 202.325874126	360.4804	 239.0
22.0	 423.288935385	 55.8153846154	 19.3198646154	 202.184615385	442.6088	 258.0
22.5	 457.775553007	 77.9566433566	 19.192446993	 202.043356643	476.968	 280.0
23.0	 383.723370629	 67.0979020979	 19.0650293706	 201.902097902	402.7884	 269.0
23.5	 450.517588252	 80.2391608392	 18.9376117483	 201.760839161	469.4552	 282.0
24.0	 480.696205874	 72.3804195804	 18.8101941259	 201.61958042	499.5064	 274.0
24.5	 506.490823497	 124.521678322	 18.6827765035	 201.478321678	525.1736	 326.0
25.0	 530.977041119	 107.662937063	 18.5553588811	 201.337062937	549.5324	 309.0
25.5	 616.463258741	 90.8041958042	 18.4279412587	 201.195804196	634.8912	 292.0
26.0	 606.154676364	 80.9454545455	 18.3005236364	 201.054545455	624.4552	 282.0
26.5	 559.077293986	 113.086713287	 18.173106014	 200.913286713	577.2504	 314.0
27.0	 747.973911608	 110.227972028	 18.0456883916	 200.772027972	766.0196	 311.0
27.5	 703.588529231	 112.369230769	 17.9182707692	 200.630769231	721.5068	 313.0
28.0	 828.151946853	 122.51048951	 17.7908531469	 200.48951049	845.9428	 323.0
28.5	 840.254164476	 165.651748252	 17.6634355245	 200.348251748	857.9176	 366.0
29.0	 900.612382098	 168.793006993	 17.5360179021	 200.206993007	918.1484	 369.0
29.5	 773.38059972	 146.934265734	 17.4086002797	 200.065734266	790.7892	 347.0
30.0	 829.148817343	 125.075524476	 17.2811826573	 199.924475524	846.43	 325.0
30.5	 859.558234965	 120.216783217	 17.153765035	 199.783216783	876.712	 320.0
31.0	 835.788452587	 143.358041958	 17.0263474126	 199.641958042	852.8148	 343.0
31.5	 914.60787021	 113.499300699	 16.8989297902	 199.500699301	931.5068	 313.0
32.0	 823.068487832	 100.640559441	 16.7715121678	 199.359440559	839.84	 300.0
32.5	 903.170305455	 104.781818182	 16.6440945455	 199.218181818	919.8144	 304.0
33.0	 784.092923077	 136.923076923	 16.5166769231	 199.076923077	800.6096	 336.0
33.5	 689.553540699	 124.064335664	 16.3892593007	 198.935664336	705.9428	 323.0
34.0	 826.450158322	 121.205594406	 16.2618416783	 198.794405594	842.712	 320.0
34.5	 680.218375944	 99.3468531469	 16.1344240559	 198.653146853	696.3528	 298.0
35.0	 641.217793566	 119.488111888	 16.0070064336	 198.511888112	657.2248	 318.0
35.5	 657.704011189	 102.629370629	 15.8795888112	 198.370629371	673.5836	 301.0
36.0	 573.011428811	 152.770629371	 15.7521711888	 198.229370629	588.7636	 351.0
36.5	 576.344446434	 198.911888112	 15.6247535664	 198.088111888	591.9692	 397.0
37.0	 512.651064056	 171.053146853	 15.4973359441	 197.946853147	528.1484	 369.0
37.5	 522.009281678	 174.194405594	 15.3699183217	 197.805594406	537.3792	 372.0
38.0	 376.238699301	 119.335664336	 15.2425006993	 197.664335664	391.4812	 317.0
38.5	 395.366916923	 197.476923077	 15.1150830769	 197.523076923	410.482	 395.0
39.0	 312.775534545	 114.618181818	 14.9876654545	 197.381818182	327.7632	 312.0
39.5	 253.620952168	 119.759440559	 14.8602478322	 197.240559441	268.4812	 317.0
40.0	 248.38956979	 136.900699301	 14.7328302098	 197.099300699	263.1224	 334.0
40.5	 295.003787413	 100.041958042	 14.6054125874	 196.958041958	309.6092	 297.0
41.0	 220.618405035	 102.183216783	 14.477994965	 196.816783217	235.0964	 299.0
41.5	 173.233022657	 104.324475524	 14.3505773427	 196.675524476	187.5836	 301.0
42.0	 169.95044028	 129.465734266	 14.2231597203	 196.534265734	184.1736	 326.0
42.5	 105.180257902	 113.606993007	 14.0957420979	 196.393006993	119.276	 310.0
43.0	 133.282075524	 117.748251748	 13.9683244755	 196.251748252	147.2504	 314.0
43.5	 143.255493147	 102.88951049	 13.8409068531	 196.11048951	157.0964	 299.0
44.0	 153.588110769	 110.030769231	 13.7134892308	 195.969230769	167.3016	 306.0
44.5	 172.895128392	 121.172027972	 13.5860716084	 195.827972028	186.4812	 317.0
45.0	 227.971746014	 168.313286713	 13.458653986	 195.686713287	241.4304	 364.0
45.5	 194.765563636	 142.454545455	 13.3312363636	 195.545454545	208.0968	 338.0
46.0	 329.610581259	 108.595804196	 13.2038187413	 195.404195804	342.8144	 304.0
46.5	 123.532398881	 62.7370629371	 13.0764011189	 195.262937063	136.6088	 258.0
47.0	 177.429416503	 98.8783216783	 12.9489834965	 195.121678322	190.3784	 294.0
47.5	 104.504834126	 29.0195804196	 12.8215658741	 194.98041958	117.3264	 224.0
48.0	 143.068251748	 39.1608391608	 12.6941482517	 194.839160839	155.7624	 234.0
48.5	 -4.34313062937	 6.3020979021	 12.5667306294	 194.697902098	8.2236	 201.0
49.0	 17.938286993	 21.4433566434	 12.439313007	 194.556643357	30.3776	 216.0
49.5	 17.7321046154	 -4.41538461538	 12.3118953846	 194.415384615	30.044	 190.0
50.0	 26.6031222378	 -3.27412587413	 12.1844777622	 194.274125874	38.7876	 191.0
50.5	 19.2437398601	 33.8671328671	 12.0570601399	 194.132867133	31.3008	 228.0
51.0	 10.8323574825	 1.00839160839	 11.9296425175	 193.991608392	22.762	 195.0
51.5	 4.1393751049	 12.1496503497	 11.8022248951	 193.85034965	15.9416	 206.0
52.0	 -12.3744072727	 -4.70909090909	 11.6748072727	 193.709090909	-0.6996	 189.0
52.5	 -15.2213896503	 -8.56783216783	 11.5473896503	 193.567832168	-3.674	 185.0
53.0	 -9.93997202797	 6.57342657343	 11.419972028	 193.426573427	1.48	 200.0
53.5	 1.64904559441	 12.7146853147	 11.2925544056	 193.285314685	12.9416	 206.0
54.0	 -33.9927367832	 15.8559440559	 11.1651367832	 193.144055944	-22.8276	 209.0
54.5	 -4.81411916084	 7.9972027972	 11.0377191608	 193.002797203	6.2236	 201.0
55.0	 -21.9175015385	 5.13846153846	 10.9103015385	 192.861538462	-11.0072	 198.0
55.5	 11.4919160839	 0.27972027972	 10.7828839161	 192.72027972	22.2748	 193.0
56.0	 -7.73946629371	 17.420979021	 10.6554662937	 192.579020979	2.916	 210.0
56.5	 0.208351328671	 6.56223776224	 10.5280486713	 192.437762238	10.7364	 199.0
57.0	 -7.89503104895	 3.7034965035	 10.400631049	 192.296503497	2.5056	 196.0
57.5	 -18.7420134266	 -0.155244755245	 10.2732134266	 192.155244755	-8.4688	 192.0
58.0	 26.8982041958	 -2.01398601399	 10.1457958042	 192.013986014	37.044	 190.0
58.5	 -26.6151781818	 20.1272727273	 10.0183781818	 191.872727273	-16.5968	 212.0
59.0	 -4.84696055944	 -1.73146853147	 9.89096055944	 191.731468531	5.044	 190.0
59.5	 -3.74514293706	 2.40979020979	 9.76354293706	 191.59020979	6.0184	 194.0
60.0	 -11.8229253147	 -4.44895104895	 9.63612531469	 191.448951049	-2.1868	 187.0
60.5	 -11.7723076923	 7.69230769231	 9.50870769231	 191.307692308	-2.2636	 199.0
61.0	 -19.8244900699	 -3.16643356643	 9.38129006993	 191.166433566	-10.4432	 188.0
61.5	 -2.41507244755	 -8.02517482517	 9.25387244755	 191.025174825	6.8388	 183.0
62.0	 6.68674517483	 -3.88391608392	 9.12645482517	 190.883916084	15.8132	 187.0
62.5	 -10.4166372028	 -6.74265734266	 8.9990372028	 190.742657343	-1.4176	 184.0
63.0	 -8.85321958042	 3.3986013986	 8.87161958042	 190.601398601	0.0184	 194.0
63.5	 -4.70020195804	 -0.46013986014	 8.74420195804	 190.46013986	4.044	 190.0
64.0	 -4.88038433566	 8.68111888112	 8.61678433566	 190.318881119	3.7364	 199.0
64.5	 -9.70176671329	 0.822377622378	 8.48936671329	 190.177622378	-1.2124	 191.0
65.0	 -18.4459490909	 19.9636363636	 8.36194909091	 190.036363636	-10.084	 210.0
65.5	 -21.4469314685	 1.1048951049	 8.23453146853	 189.895104895	-13.2124	 191.0
66.0	 -14.2683138462	 -6.75384615385	 8.10711384615	 189.753846154	-6.1612	 183.0
66.5	 -7.26889622378	 13.3874125874	 7.97969622378	 189.612587413	0.7108	 203.0
67.0	 5.6021213986	 14.5286713287	 7.8522786014	 189.471328671	13.4544	 204.0
67.5	 -7.16806097902	 -1.33006993007	 7.72486097902	 189.33006993	0.5568	 188.0
68.0	 -22.2458433566	 -8.18881118881	 7.59744335664	 189.188811189	-14.6484	 181.0
68.5	 -19.2464257343	 11.9524475524	 7.47002573427	 189.047552448	-11.7764	 201.0
69.0	 5.16299188811	 7.09370629371	 7.34260811189	 188.906293706	12.5056	 196.0
69.5	 -4.83799048951	 -11.765034965	 7.21519048951	 188.765034965	2.3772	 177.0
70.0	 0.930627132867	 5.37622377622	 7.08777286713	 188.623776224	8.0184	 194.0
70.5	 -5.40355524476	 -0.482517482517	 6.96035524476	 188.482517483	1.5568	 188.0
71.0	 2.23666237762	 -2.34125874126	 6.83293762238	 188.341258741	9.0696	 186.0
Actin association begins: 7.5
Actin association ends: 48.0
Length of actin association: 40.5
Cofilin association begins: 16.0
Cofilin association ends: 49.0
Length of cofilin association: 33.0
Delay between actin and cofilin association: 8.5
Maximum normalized actin intensity: 914.60787021
Maximum normalized cofilin intensity: 198.911888112