Time	 Int488	 Int561	 Back488	 Back561	 Raw488	 Raw561
0.0	 -10.646	 15.0	 114.0756	 271.0	103.4296	 286.0
0.5	 -58.3084233846	 5.64307692308	 114.789223385	 272.356923077	56.4808	 278.0
1.0	 -19.7660467692	 -35.7138461538	 115.502846769	 273.713846154	95.7368	 238.0
1.5	 47.3667298462	 -13.0707692308	 116.216470154	 275.070769231	163.5832	 262.0
2.0	 34.2175064615	 14.5723076923	 116.930093538	 276.427692308	151.1476	 291.0
2.5	 27.1190830769	 -4.78461538462	 117.643716923	 277.784615385	144.7628	 273.0
3.0	 25.0206596923	 -24.1415384615	 118.357340308	 279.141538462	143.378	 255.0
3.5	 56.3326363077	 -29.4984615385	 119.070963692	 280.498461538	175.4036	 251.0
4.0	 74.1322129231	 6.14461538462	 119.784587077	 281.855384615	193.9168	 288.0
4.5	 85.4697895385	 -3.21230769231	 120.498210462	 283.212307692	205.968	 280.0
5.0	 200.166566154	 9.43076923077	 121.211833846	 284.569230769	321.3784	 294.0
5.5	 181.427742769	 51.0738461538	 121.925457231	 285.926153846	303.3532	 337.0
6.0	 215.175719385	 55.7169230769	 122.639080615	 287.283076923	337.8148	 343.0
6.5	 192.820496	 -1.64	 123.352704	 288.64	316.1732	 287.0
7.0	 249.466072615	 19.0030769231	 124.066327385	 289.996923077	373.5324	 309.0
7.5	 245.291249231	 50.6461538462	 124.779950769	 291.353846154	370.0712	 342.0
8.0	 241.731225846	 25.2892307692	 125.493574154	 292.710769231	367.2248	 318.0
8.5	 260.018002462	 62.9323076923	 126.207197538	 294.067692308	386.2252	 357.0
9.0	 264.150779077	 85.5753846154	 126.920820923	 295.424615385	391.0716	 381.0
9.5	 278.616355692	 56.2184615385	 127.634444308	 296.781538462	406.2508	 353.0
10.0	 213.415532308	 52.8615384615	 128.348067692	 298.138461538	341.7636	 351.0
10.5	 279.265908923	 41.5046153846	 129.061691077	 299.495384615	408.3276	 341.0
11.0	 396.654685538	 24.1476923077	 129.775314462	 300.852307692	526.43	 325.0
11.5	 268.121462154	 111.790769231	 130.488937846	 302.209230769	398.6104	 414.0
12.0	 308.586638769	 43.4338461538	 131.202561231	 303.566153846	439.7892	 347.0
12.5	 297.514215385	 59.0769230769	 131.916184615	 304.923076923	429.4304	 364.0
13.0	 266.262592	 102.72	 132.629808	 306.28	398.8924	 409.0
13.5	 301.369368615	 90.3630769231	 133.343431385	 307.636923077	434.7128	 398.0
14.0	 628.734145231	 233.006153846	 134.057054769	 308.993846154	762.7912	 542.0
14.5	 679.916921846	 130.649230769	 134.770678154	 310.350769231	814.6876	 441.0
15.0	 509.100098462	 67.2923076923	 135.484301538	 311.707692308	644.5844	 379.0
15.5	 725.234075077	 206.935384615	 136.197924923	 313.064615385	861.432	 520.0
16.0	 730.264051692	 206.578461538	 136.911548308	 314.421538462	867.1756	 521.0
16.5	 573.524828308	 209.221538462	 137.625171692	 315.778461538	711.15	 525.0
17.0	 769.504004923	 255.864615385	 138.338795077	 317.135384615	907.8428	 573.0
17.5	 606.407181538	 392.507692308	 139.052418462	 318.492307692	745.4596	 711.0
18.0	 431.615158154	 247.150769231	 139.766041846	 319.849230769	571.3812	 567.0
18.5	 319.619134769	 211.793846154	 140.479665231	 321.206153846	460.0988	 533.0
19.0	 710.417911385	 169.436923077	 141.193288615	 322.563076923	851.6112	 492.0
19.5	 323.371488	 220.08	 141.906912	 323.92	465.2784	 544.0
20.0	 441.351064615	 305.723076923	 142.620535385	 325.276923077	583.9716	 631.0
20.5	 227.098641231	 271.366153846	 143.334158769	 326.633846154	370.4328	 598.0
21.0	 172.435417846	 184.009230769	 144.047782154	 327.990769231	316.4832	 512.0
21.5	 151.618994462	 159.652307692	 144.761405538	 329.347692308	296.3804	 489.0
22.0	 445.778571077	 295.295384615	 145.475028923	 330.704615385	591.2536	 626.0
22.5	 49.4217476923	 81.9384615385	 146.188652308	 332.061538462	195.6104	 414.0
23.0	 15.9893243077	 -2.41846153846	 146.902275692	 333.418461538	162.8916	 331.0
23.5	 -0.0574990769231	 9.22461538462	 147.615899077	 334.775384615	147.5584	 344.0
24.0	 -15.6167224615	 61.8676923077	 148.329522462	 336.132307692	132.7128	 398.0
24.5	 -25.3563458462	 25.5107692308	 149.043145846	 337.489230769	123.6868	 363.0
25.0	 -94.9163692308	 0.153846153846	 149.756769231	 338.846153846	54.8404	 339.0
25.5	 -67.4507926154	 -29.2030769231	 150.470392615	 340.203076923	83.0196	 311.0
26.0	 12.297184	 -24.56	 151.184016	 341.56	163.4812	 317.0
26.5	 -37.3392393846	 1.08307692308	 151.897639385	 342.916923077	114.5584	 344.0
27.0	 -35.8480627692	 -32.2738461538	 152.611262769	 344.273846154	116.7632	 312.0
27.5	 -9.76648615385	 -1.63076923077	 153.324886154	 345.630769231	143.5584	 344.0
28.0	 -34.1217095385	 -58.9876923077	 154.038509538	 346.987692308	119.9168	 288.0
28.5	 11.2158670769	 -68.3446153846	 154.752132923	 348.344615385	165.968	 280.0
29.0	 -19.0617563077	 -59.7015384615	 155.465756308	 349.701538462	136.404	 290.0
29.5	 -10.0057796923	 -25.0584615385	 156.179379692	 351.058461538	146.1736	 326.0
30.0	 49.1525969231	 -6.41538461538	 156.893003077	 352.415384615	206.0456	 346.0
30.5	 -6.02262646154	 -13.7723076923	 157.606626462	 353.772307692	151.584	 340.0
31.0	 -16.3258498462	 -1.12923076923	 158.320249846	 355.129230769	141.9944	 354.0
31.5	 -45.6286732308	 50.5138461538	 159.033873231	 356.486153846	113.4052	 407.0
32.0	 29.5289033846	 -8.84307692308	 159.747496615	 357.843076923	189.2764	 349.0
Actin association begins: 1.5
Actin association ends: 23.0
Length of actin association: 21.5
Cofilin association begins: 7.0
Cofilin association ends: 22.5
Length of cofilin association: 15.5
Delay between actin and cofilin association: 5.5
Maximum normalized actin intensity: 769.504004923
Maximum normalized cofilin intensity: 392.507692308