Time	 Int488	 Int561	 Back488	 Back561	 Raw488	 Raw561
0.0	 -16.4819499771	 5.25505355729	 63.3928	 198.0	47.7108	 203.0
0.5	 17.8480817268	 0.0313459334996	 63.0109733333	 197.970175439	79.9928	 198.0
1.0	 -29.2886696444	 -3.09034026737	 62.6291466667	 197.940350877	34.762	 195.0
1.5	 28.7294618785	 -14.6201121599	 62.24732	 197.910526316	89.5824	 184.0
2.0	 3.20611518204	 12.7375122715	 61.8654933333	 197.880701754	64.916	 210.0
2.5	 -24.6887320838	 41.1461474143	 61.4836666667	 197.850877193	37.9932	 237.0
3.0	 16.4859017774	 -7.1689993792	 61.10184	 197.821052632	76.7876	 191.0
3.5	 -15.8555616065	 18.0866036293	 60.7200133333	 197.79122807	45.634	 215.0
4.0	 2.46673615327	 9.70986387111	 60.3381866667	 197.761403509	62.6852	 207.0
4.5	 -46.4218398718	 -7.07496157871	 59.95636	 197.731578947	15.7876	 191.0
5.0	 14.8842735609	 1.36447004645	 59.5745333333	 197.701754386	73.7364	 199.0
5.5	 -4.1984794958	 7.7018802487	 59.1927066667	 197.671929825	55.198	 205.0
6.0	 -21.880025072	 0.376151201995	 58.81088	 197.642105263	37.9928	 198.0
6.5	 -16.9513874147	 -9.05159926762	 58.4290533333	 197.612280702	42.3004	 189.0
7.0	 0.48175528318	 -1.66317835392	 58.0472266667	 197.58245614	58.5056	 196.0
7.5	 -3.64427454091	 7.8272639827	 57.6654	 197.552631579	54.198	 205.0
8.0	 23.1130147848	 -4.75351862129	 57.2835733333	 197.522807018	79.2748	 193.0
8.5	 36.9079788039	 -3.67116197634	 56.9017466667	 197.492982456	92.0184	 194.0
9.0	 42.2410453829	 5.81928036028	 56.51992	 197.463157895	96.7108	 203.0
9.5	 74.2533882658	 -6.76150224371	 56.1380933333	 197.433333333	126.7876	 191.0
10.0	 52.6376993945	 25.851175745	 55.7562666667	 197.403508772	105.8392	 222.0
10.5	 133.104158501	 -3.54577824234	 55.37444	 197.373684211	182.0184	 194.0
11.0	 159.538577336	 34.3219533036	 54.9926133333	 197.343859649	206.788	 230.0
11.5	 199.581482864	 -1.38106495242	 54.6107866667	 197.314035088	244.5056	 196.0
12.0	 189.95782621	 4.95634524982	 54.22896	 197.284210526	234.9672	 202.0
12.5	 230.540110434	 8.14072331769	 53.8471333333	 197.254385965	273.198	 205.0
13.0	 227.626526567	 -7.59309142067	 53.4653066667	 197.224561404	270.044	 190.0
13.5	 228.486071154	 2.9483616274	 53.08348	 197.194736842	270.48	 200.0
14.0	 239.963346352	 -3.32635670784	 52.7016533333	 197.164912281	281.0184	 194.0
14.5	 347.91836001	 24.0312677236	 52.3198266667	 197.135087719	383.352	 220.0
15.0	 296.065513375	 18.8075600998	 51.938	 197.105263158	333.634	 215.0
15.5	 260.004733285	 9.37980963015	 51.5561733333	 197.075438596	298.9416	 206.0
16.0	 408.948744286	 -4.2519836853	 51.1743466667	 197.045614035	440.2748	 193.0
16.5	 383.883217856	 -7.37366988617	 50.79252	 197.015789474	416.044	 190.0
17.0	 462.059734824	 33.6470937942	 50.4106933333	 196.985964912	490.0444	 229.0
17.5	 510.214341022	 3.1991290954	 50.0288666667	 196.956140351	535.48	 200.0
18.0	 506.97746626	 -3.07558923984	 49.64704	 196.926315789	532.0184	 194.0
18.5	 477.088221068	 8.51687451969	 49.2652133333	 196.896491228	503.198	 205.0
19.0	 541.358605112	 5.39518831881	 48.8833866667	 196.866666667	563.9672	 202.0
19.5	 537.502054434	 13.834619944	 48.50156	 196.836842105	559.916	 210.0
20.0	 504.594306479	 4.40686947436	 48.1197333333	 196.807017544	528.2236	 201.0
20.5	 524.695334767	 5.48922611931	 47.7379066667	 196.777192982	546.9672	 202.0
21.0	 495.452671364	 -1.83650292739	 47.35608	 196.747368421	518.762	 195.0
21.5	 510.918742415	 25.521121504	 46.9742533333	 196.71754386	533.0956	 221.0
22.0	 504.609553141	 6.63427463127	 46.5924266667	 196.687719298	526.7108	 203.0
22.5	 504.013658094	 -1.74246512689	 46.2106	 196.657894737	525.762	 195.0
23.0	 582.540371832	 25.6151593045	 45.8287733333	 196.628070175	600.0956	 221.0
23.5	 600.0	 -12.1898803745	 45.4469466667	 196.598245614	616.326	 185.0
24.0	 499.342840371	 13.065722634	 45.06512	 196.568421053	520.1724	 209.0
24.5	 534.212250772	 46.7294113341	 44.6832933333	 196.538596491	552.9676	 241.0
25.0	 536.203103289	 3.6693180979	 44.3014666667	 196.50877193	554.48	 200.0
25.5	 583.064545908	 11.0577390116	 43.91964	 196.478947368	598.6852	 207.0
26.0	 520.755403906	 -2.57405430385	 43.5378133333	 196.449122807	539.0184	 194.0
26.5	 471.112622594	 16.3754844359	 43.1559866667	 196.419298246	491.4032	 212.0
27.0	 480.973022914	 16.4068303694	 42.77416	 196.389473684	500.4032	 212.0
27.5	 561.197329153	 24.8462619945	 42.3923333333	 196.359649123	576.352	 220.0
28.0	 537.721771727	 19.6225543708	 42.0105066667	 196.329824561	553.634	 215.0
28.5	 542.354024363	 15.4498574584	 41.62868	 196.3	557.6596	 211.0
29.0	 557.280716716	 3.92008556589	 41.2468533333	 196.270175439	571.48	 200.0
29.5	 404.450124158	 11.3085064796	 40.8650266667	 196.240350877	425.6852	 207.0
30.0	 474.73018745	 13.441873836	 40.4832	 196.210526316	492.1724	 209.0
30.5	 561.772610376	 23.9833268841	 40.1013733333	 196.180701754	574.6084	 219.0
31.0	 605.561738483	 18.7596192603	 39.7195466667	 196.150877193	615.8904	 214.0
31.5	 508.515431255	 13.5359116365	 39.33772	 196.121052632	523.1724	 209.0
32.0	 508.027580109	 29.3324182419	 38.9558933333	 196.09122807	522.3264	 224.0
32.5	 548.825531731	 39.8738712899	 38.5740666667	 196.061403509	560.7624	 234.0
33.0	 367.267032791	 19.9360137058	 38.19224	 196.031578947	387.634	 215.0
33.5	 278.952522553	 46.2426274257	 37.8104133333	 196.001754386	303.224	 240.0
34.0	 268.466196307	 23.1517377071	 37.4285866667	 195.971929825	292.8648	 218.0
34.5	 258.680684004	 13.7239872375	 37.04676	 195.942105263	283.1724	 209.0
35.0	 270.07724158	 20.0613974397	 36.6649333333	 195.912280702	293.634	 215.0
35.5	 400.830779591	 15.8887005274	 36.2831066667	 195.88245614	417.6596	 211.0
36.0	 352.454255985	 1.20589650051	 35.90128	 195.852631579	371.2492	 197.0
36.5	 293.702575039	 6.4922959913	 35.5194533333	 195.822807018	314.9672	 202.0
37.0	 243.655364806	 6.5236419248	 35.1376266667	 195.792982456	266.9672	 202.0
37.5	 265.29255035	 13.9120628385	 34.7558	 195.763157895	287.1724	 209.0
38.0	 317.4359524	 17.0964409064	 34.3739733333	 195.733333333	336.4032	 212.0
38.5	 277.063505968	 24.4848618201	 33.9921466667	 195.703508772	297.6084	 219.0
39.0	 279.027873014	 26.6182291765	 33.61032	 195.673684211	299.0956	 221.0
39.5	 149.10384871	 26.64957511	 33.2284933333	 195.643859649	175.0956	 221.0
40.0	 129.939957627	 4.60969610288	 32.8466666667	 195.614035088	156.48	 200.0
40.5	 196.824415511	 3.59003132493	 32.46484	 195.584210526	219.7364	 199.0
41.0	 129.422496006	 46.7128164282	 32.0830133333	 195.554385965	155.224	 240.0
41.5	 50.7550028869	 2.60171248047	 31.7011866667	 195.524561404	79.9928	 198.0
42.0	 115.02538693	 -0.519973720405	 31.31936	 195.494736842	140.762	 195.0
42.5	 61.1247510243	 26.837650711	 30.9375333333	 195.464912281	89.0956	 221.0
43.0	 85.0253932362	 9.00181454971	 30.5557066667	 195.435087719	111.4544	 204.0
43.5	 103.024400101	 10.0841711947	 30.17388	 195.405263158	128.198	 205.0
44.0	 89.4930856224	 11.1665278396	 29.7920533333	 195.375438596	114.9416	 206.0
44.5	 -4.88491561166	 40.6261736939	 29.4102266667	 195.345614035	24.7624	 234.0
45.0	 47.4199216838	 18.5862946868	 29.0284	 195.315789474	74.1468	 213.0
45.5	 58.1694770654	 2.85247994846	 28.6465733333	 195.285964912	83.9928	 198.0
46.0	 17.9588862827	 26.006061534	 28.2647466667	 195.256140351	45.352	 220.0
46.5	 -7.29540167165	 11.3232575071	 27.88292	 195.226315789	20.9416	 206.0
47.0	 44.3090420857	 16.6096569979	 27.5010933333	 195.196491228	69.6596	 211.0
47.5	 25.7383414476	 25.0490886231	 27.1192666667	 195.166666667	51.6084	 219.0
48.0	 8.08370174568	 13.5193167305	 26.73744	 195.136842105	34.4288	 208.0
48.5	 29.8285107863	 4.09156626092	 26.3556133333	 195.107017544	54.7364	 199.0
49.0	 5.03246350208	 -0.0811306514107	 25.9737866667	 195.077192982	30.762	 195.0
49.5	 -7.50165201367	 9.40931168521	 25.59196	 195.047368421	18.4544	 204.0
50.0	 -1.36014799539	 15.7467218874	 25.2101333333	 195.01754386	23.916	 210.0
50.5	 4.13435382892	 0.0129071490881	 24.8283066667	 194.987719298	28.762	 195.0
51.0	 14.264233295	 -1.00675762887	 24.44648	 194.957894737	38.0184	 194.0
51.5	 -11.1514899046	 9.5346954192	 24.0646533333	 194.928070175	13.4544	 204.0
52.0	 -10.9120416376	 -6.19911931916	 23.6828266667	 194.898245614	13.3004	 189.0
52.5	 -18.3256329671	 24.3115372466	 23.301	 194.868421053	5.8648	 218.0
53.0	 -23.071759111	 7.52671179679	 22.9191733333	 194.838596491	0.9672	 202.0
53.5	 7.40442651612	 -11.3601350759	 22.5373466667	 194.80877193	29.5824	 184.0
54.0	 16.941535941	 -1.86969273933	 22.15552	 194.778947368	38.2748	 193.0
54.5	 -19.173055897	 -2.88935751729	 21.7736933333	 194.749122807	3.5312	 192.0
55.0	 -15.4030524481	 4.49906339641	 21.3918666667	 194.719298246	6.7364	 199.0
55.5	 3.32367423348	 15.0405164445	 21.01004	 194.689473684	24.1724	 209.0
56.0	 11.7555407942	 -8.05037327408	 20.6282133333	 194.659649123	31.8132	 187.0
56.5	 13.4773345686	 -9.07003805203	 20.2463866667	 194.629824561	33.0696	 186.0
Actin association begins: 8.0
Actin association ends: 44.0
Length of actin association: 36.0
Area under actin curve during patch life: 25215.542963
Cofilin association begins: 26.5
Cofilin association ends: 41.5
Length of cofilin association: 15.0
Delay between actin and cofilin association: 18.5
Area under cofilin curve during patch life: 566.358326471
Cofilin intensity score: 336.629531709