Time	 Int488	 Int561	 Back488	 Back561	 Raw488	 Raw561
0.0	 9.57424	 -11.6	 30.31656	 264.6	39.8908	 253.0
0.5	 -12.262189697	 19.8378787879	 30.204589697	 264.162121212	17.9424	 284.0
1.0	 11.0801806061	 -15.7242424242	 30.0926193939	 263.724242424	41.1728	 248.0
1.5	 -21.6538490909	 -0.286363636364	 29.9806490909	 263.286363636	8.3268	 263.0
2.0	 14.3813212121	 12.1515151515	 29.8686787879	 262.848484848	44.25	 275.0
2.5	 23.6984915152	 19.5893939394	 29.7567084848	 262.410606061	53.4552	 282.0
3.0	 -3.70273818182	 -16.9727272727	 29.6447381818	 261.972727273	25.942	 245.0
3.5	 33.0764321212	 35.4651515152	 29.5327678788	 261.534848485	62.6092	 297.0
4.0	 25.6752024242	 -1.09696969697	 29.4207975758	 261.096969697	55.096	 260.0
4.5	 5.29997272727	 -2.65909090909	 29.3088272727	 260.659090909	34.6088	 258.0
5.0	 33.5911430303	 -30.2212121212	 29.1968569697	 260.221212121	62.788	 230.0
5.5	 8.19031333333	 -27.7833333333	 29.0848866667	 259.783333333	37.2752	 232.0
6.0	 33.8410836364	 5.65454545455	 28.9729163636	 259.345454545	62.814	 265.0
6.5	 -18.6881460606	 -10.9075757576	 28.8609460606	 258.907575758	10.1728	 248.0
7.0	 22.9366242424	 -12.4696969697	 28.7489757576	 258.46969697	51.6856	 246.0
7.5	 27.2025945455	 2.96818181818	 28.6370054545	 258.031818182	55.8396	 261.0
8.0	 17.9297648485	 -14.5939393939	 28.5250351515	 257.593939394	46.4548	 243.0
8.5	 51.3493351515	 -23.1560606061	 28.4130648485	 257.156060606	79.7624	 234.0
9.0	 65.6409054545	 -11.7181818182	 28.3010945455	 256.718181818	93.942	 245.0
9.5	 60.4196757576	 1.7196969697	 28.1891242424	 256.28030303	88.6088	 258.0
10.0	 119.660046061	 21.1575757576	 28.0771539394	 255.842424242	147.7372	 277.0
10.5	 80.7716163636	 -17.4045454545	 27.9651836364	 255.404545455	108.7368	 238.0
11.0	 98.4219866667	 -22.9666666667	 27.8532133333	 254.966666667	126.2752	 232.0
11.5	 147.22635697	 -13.5287878788	 27.7412430303	 254.528787879	174.9676	 241.0
12.0	 137.671527273	 -26.0909090909	 27.6292727273	 254.090909091	165.3008	 228.0
12.5	 152.117097576	 0.34696969697	 27.5173024242	 253.653030303	179.6344	 254.0
13.0	 170.767467879	 -5.21515151515	 27.4053321212	 253.215151515	198.1728	 248.0
13.5	 128.725838182	 19.2227272727	 27.2933618182	 252.777272727	156.0192	 272.0
14.0	 183.555808485	 24.6606060606	 27.1813915152	 252.339393939	210.7372	 277.0
14.5	 180.385378788	 -8.90151515152	 27.0694212121	 251.901515152	207.4548	 243.0
15.0	 212.471749091	 -4.46363636364	 26.9574509091	 251.463636364	239.4292	 247.0
15.5	 174.122519394	 28.9742424242	 26.8454806061	 251.025757576	200.968	 280.0
16.0	 229.593689697	 51.4121212121	 26.733510303	 250.587878788	256.3272	 302.0
16.5	 276.52566	 1.85	 26.62154	 250.15	303.1472	 252.0
17.0	 261.612030303	 6.28787878788	 26.509569697	 249.712121212	288.1216	 256.0
17.5	 238.646800606	 -20.2742424242	 26.3975993939	 249.274242424	265.0444	 229.0
18.0	 301.758770909	 -19.8363636364	 26.2856290909	 248.836363636	328.0444	 229.0
18.5	 297.179141212	 49.6015151515	 26.1736587879	 248.398484848	323.3528	 298.0
19.0	 168.342311515	 42.0393939394	 26.0616884848	 247.960606061	194.404	 290.0
19.5	 286.967081818	 40.4772727273	 25.9497181818	 247.522727273	312.9168	 288.0
20.0	 234.565852121	 3.91515151515	 25.8377478788	 247.084848485	260.4036	 251.0
20.5	 272.934622424	 42.353030303	 25.7257775758	 246.646969697	298.6604	 289.0
21.0	 317.302592727	 2.79090909091	 25.6138072727	 246.209090909	342.9164	 249.0
21.5	 329.44016303	 -0.771212121212	 25.5018369697	 245.771212121	354.942	 245.0
22.0	 292.706533333	 53.6666666667	 25.3898666667	 245.333333333	318.0964	 299.0
22.5	 329.356503636	 9.10454545455	 25.2778963636	 244.895454545	354.6344	 254.0
23.0	 348.673673939	 16.5424242424	 25.1659260606	 244.457575758	373.8396	 261.0
23.5	 320.606044242	 5.9803030303	 25.0539557576	 244.01969697	345.66	 250.0
24.0	 336.026014545	 36.4181818182	 24.9419854545	 243.581818182	360.968	 280.0
24.5	 331.471184848	 23.8560606061	 24.8300151515	 243.143939394	356.3012	 267.0
25.0	 399.531555152	 -6.70606060606	 24.7180448485	 242.706060606	424.2496	 236.0
25.5	 399.643925455	 32.7318181818	 24.6060745455	 242.268181818	424.25	 275.0
26.0	 361.806695758	 -13.8303030303	 24.4941042424	 241.83030303	386.3008	 228.0
26.5	 383.765066061	 10.6075757576	 24.3821339394	 241.392424242	408.1472	 252.0
27.0	 374.621036364	 51.0454545455	 24.2701636364	 240.954545455	398.8912	 292.0
27.5	 390.297006667	 41.4833333333	 24.1581933333	 240.516666667	414.4552	 282.0
28.0	 395.28057697	 22.9212121212	 24.0462230303	 240.078787879	419.3268	 263.0
28.5	 392.315747273	 35.3590909091	 23.9342527273	 239.640909091	416.25	 275.0
29.0	 367.632917576	 42.796969697	 23.8222824242	 239.203030303	391.4552	 282.0
29.5	 450.027287879	 77.2348484848	 23.7103121212	 238.765151515	473.7376	 316.0
30.0	 610.113258182	 42.6727272727	 23.5983418182	 238.327272727	633.7116	 281.0
30.5	 389.815228485	 68.1106060606	 23.4863715152	 237.889393939	413.3016	 306.0
31.0	 445.107198788	 118.548484848	 23.3744012121	 237.451515152	468.4816	 356.0
31.5	 458.859969091	 96.9863636364	 23.2624309091	 237.013636364	482.1224	 334.0
32.0	 402.612339394	 36.4242424242	 23.1504606061	 236.575757576	425.7628	 273.0
32.5	 475.366309697	 131.862121212	 23.038490303	 236.137878788	498.4048	 368.0
33.0	 458.65708	 65.3	 22.92652	 235.7	481.5836	 301.0
33.5	 446.359050303	 90.7378787879	 22.814549697	 235.262121212	469.1736	 326.0
34.0	 529.881820606	 144.175757576	 22.7025793939	 234.824242424	552.5844	 379.0
34.5	 525.097390909	 245.613636364	 22.5906090909	 234.386363636	547.688	 480.0
35.0	 464.926161212	 134.051515152	 22.4786387879	 233.948484848	487.4048	 368.0
35.5	 493.320131515	 129.489393939	 22.3666684848	 233.510606061	515.6868	 363.0
36.0	 459.047301818	 111.927272727	 22.2546981818	 233.072727273	481.302	 345.0
36.5	 446.902872121	 113.365151515	 22.1427278788	 232.634848485	469.0456	 346.0
37.0	 469.015242424	 152.803030303	 22.0307575758	 232.196969697	491.046	 385.0
37.5	 504.665212727	 108.240909091	 21.9187872727	 231.759090909	526.584	 340.0
38.0	 427.70038303	 120.678787879	 21.8068169697	 231.321212121	449.5072	 352.0
38.5	 476.838353333	 156.116666667	 21.6948466667	 230.883333333	498.5332	 387.0
39.0	 539.026723636	 105.554545455	 21.5828763636	 230.445454545	560.6096	 336.0
39.5	 463.523093939	 84.9924242424	 21.4709060606	 230.007575758	484.994	 315.0
40.0	 516.815064242	 135.43030303	 21.3589357576	 229.56969697	538.174	 365.0
40.5	 565.311434545	 114.868181818	 21.2469654545	 229.131818182	586.5584	 344.0
41.0	 462.346204848	 88.3060606061	 21.1349951515	 228.693939394	483.4812	 317.0
41.5	 457.407375152	 135.743939394	 21.0230248485	 228.256060606	478.4304	 364.0
42.0	 446.852145455	 84.1818181818	 20.9110545455	 227.818181818	467.7632	 312.0
42.5	 450.143715758	 95.6196969697	 20.7990842424	 227.38030303	470.9428	 323.0
43.0	 445.050886061	 128.057575758	 20.6871139394	 226.942424242	465.738	 355.0
43.5	 561.624056364	 95.4954545455	 20.5751436364	 226.504545455	582.1992	 322.0
44.0	 513.941226667	 102.933333333	 20.4631733333	 226.066666667	534.4044	 329.0
44.5	 394.02759697	 107.371212121	 20.3512030303	 225.628787879	414.3788	 333.0
45.0	 482.395967273	 106.809090909	 20.2392327273	 225.190909091	502.6352	 332.0
45.5	 436.251537576	 108.246969697	 20.1272624242	 224.753030303	456.3788	 333.0
46.0	 406.004307879	 86.6848484848	 20.0152921212	 224.315151515	426.0196	 311.0
46.5	 535.501078182	 105.122727273	 19.9033218182	 223.877272727	555.4044	 329.0
47.0	 481.305448485	 114.560606061	 19.7913515152	 223.439393939	501.0968	 338.0
47.5	 457.545018788	 55.9984848485	 19.6793812121	 223.001515152	477.2244	 279.0
48.0	 446.477789091	 84.4363636364	 19.5674109091	 222.563636364	466.0452	 307.0
48.5	 432.538559394	 92.8742424242	 19.4554406061	 222.125757576	451.994	 315.0
49.0	 333.958129697	 84.3121212121	 19.343470303	 221.687878788	353.3016	 306.0
49.5	 406.0705	 123.75	 19.2315	 221.25	425.302	 345.0
50.0	 398.592870303	 138.187878788	 19.119529697	 220.812121212	417.7124	 359.0
50.5	 356.294440606	 124.625757576	 19.0075593939	 220.374242424	375.302	 345.0
51.0	 272.457210909	 78.0636363636	 18.8955890909	 219.936363636	291.3528	 298.0
51.5	 400.286781212	 44.5015151515	 18.7836187879	 219.498484848	419.0704	 264.0
52.0	 253.296751515	 99.9393939394	 18.6716484848	 219.060606061	271.9684	 319.0
52.5	 197.946721818	 55.3772727273	 18.5596781818	 218.622727273	216.5064	 274.0
53.0	 206.776692121	 60.8151515152	 18.4477078788	 218.184848485	225.2244	 279.0
53.5	 210.042262424	 37.253030303	 18.3357375758	 217.746969697	228.378	 255.0
54.0	 255.923832727	 73.6909090909	 18.2237672727	 217.309090909	274.1476	 291.0
54.5	 152.36900303	 61.1287878788	 18.1117969697	 216.871212121	170.4808	 278.0
55.0	 43.8137733333	 9.56666666667	 17.9998266667	 216.433333333	61.8136	 226.0
55.5	 54.7977436364	 30.0045454545	 17.8878563636	 215.995454545	72.6856	 246.0
56.0	 74.2173139394	 21.4424242424	 17.7758860606	 215.557575758	91.9932	 237.0
56.5	 66.1756842424	 45.8803030303	 17.6639157576	 215.11969697	83.8396	 261.0
57.0	 121.646454545	 29.3181818182	 17.5519454545	 214.681818182	139.1984	 244.0
57.5	 55.5788248485	 18.7560606061	 17.4399751515	 214.243939394	73.0188	 233.0
58.0	 80.3059951515	 1.19393939394	 17.3280048485	 213.806060606	97.634	 215.0
58.5	 18.3411654545	 13.6318181818	 17.2160345455	 213.368181818	35.5572	 227.0
59.0	 12.9659357576	 12.0696969697	 17.1040642424	 212.93030303	30.07	 225.0
59.5	 -9.30649393939	 33.5075757576	 16.9920939394	 212.492424242	7.6856	 246.0
60.0	 22.6002763636	 26.9454545455	 16.8801236364	 212.054545455	39.4804	 239.0
60.5	 23.4814466667	 24.3833333333	 16.7681533333	 211.616666667	40.2496	 236.0
61.0	 40.0294169697	 34.8212121212	 16.6561830303	 211.178787879	56.6856	 246.0
61.5	 -0.141012727273	 1.25909090909	 16.5442127273	 210.740909091	16.4032	 212.0
62.0	 28.4069575758	 11.696969697	 16.4322424242	 210.303030303	44.8392	 222.0
62.5	 -10.3014721212	 23.1348484848	 16.3202721212	 209.865151515	6.0188	 233.0
63.0	 -10.5487018182	 1.57272727273	 16.2083018182	 209.427272727	5.6596	 211.0
63.5	 -8.23153151515	 9.01060606061	 16.0963315152	 208.989393939	7.8648	 218.0
64.0	 -17.7863612121	 -3.55151515152	 15.9843612121	 208.551515152	-1.802	 205.0
64.5	 5.24880909091	 8.88636363636	 15.8723909091	 208.113636364	21.1212	 217.0
65.0	 12.4631793939	 -6.67575757576	 15.7604206061	 207.675757576	28.2236	 201.0
65.5	 6.62634969697	 -14.2378787879	 15.648450303	 207.237878788	22.2748	 193.0
Actin association begins: 7.0
Actin association ends: 59.0
Length of actin association: 52.0
Cofilin association begins: 26.5
Cofilin association ends: 63.5
Length of cofilin association: 37.0
Delay between actin and cofilin association: 19.5
Maximum normalized actin intensity: 610.113258182
Maximum normalized cofilin intensity: 245.613636364