Time	 Int488	 Int561	 Back488	 Back561	 Raw488	 Raw561
0.0	 21.9096889027	 3.23563233683	 104.26488	 225.8	153.0188	 233.0
0.5	 -5.65473855459	 -0.272700073843	 103.653048182	 225.606818182	91.07	 225.0
1.0	 -9.04413900721	 -6.92678614533	 103.041216364	 225.413636364	82.916	 210.0
1.5	 3.11097755836	 -2.34603771392	 102.429384545	 225.220454545	109.352	 220.0
2.0	 -7.5722572109	 7.17803789876	 101.817552727	 225.027272727	84.9676	 241.0
2.5	 -6.19125705492	 -7.56512901481	 101.205720909	 224.834090909	87.4288	 208.0
3.0	 -2.59762365261	 0.610766457521	 100.593889091	 224.640909091	94.8136	 226.0
3.5	 32.0269821614	 -12.3348269356	 99.9820572727	 224.447727273	171.2492	 197.0
4.0	 9.57898821541	 9.77226332033	 99.3702254545	 224.254545455	120.6856	 246.0
4.5	 9.96916584691	 9.40968457047	 98.7583936364	 224.061363636	120.942	 245.0
5.0	 -9.3449384235	 -1.73833530217	 98.1465618182	 223.868181818	77.352	 220.0
5.5	 12.5931125125	 1.49423298888	 97.53473	 223.675	125.5572	 227.0
6.0	 22.4090466559	 2.92922775948	 96.9228981818	 223.481818182	146.788	 230.0
6.5	 5.50333138819	 1.66786224938	 96.3110663636	 223.288636364	108.5572	 227.0
7.0	 45.8663311516	 -12.6259112841	 95.6992345455	 223.095454545	197.762	 195.0
7.5	 44.7470862979	 -5.34880257197	 95.0874027273	 222.902272727	194.6596	 211.0
8.0	 25.479179667	 -6.16077470195	 94.4755709091	 222.709090909	151.1724	 209.0
8.5	 29.1073264809	 -3.37759979101	 93.8637390909	 222.515909091	158.634	 215.0
9.0	 7.28147273036	 9.29222948248	 93.2519072727	 222.322727273	109.4548	 243.0
9.5	 37.1586868768	 0.840569890534	 92.6400754545	 222.129545455	175.3264	 224.0
10.0	 63.1757916454	 -1.31958237979	 92.0282436364	 221.936363636	232.6084	 219.0
10.5	 96.0952192179	 6.40691971242	 91.4164118182	 221.743181818	305.2496	 236.0
11.0	 119.784646035	 -0.696559739179	 90.80458	 221.55	357.352	 220.0
11.5	 75.1317656627	 -2.40731862939	 90.1927481818	 221.356818182	257.3776	 216.0
12.0	 131.120173253	 17.0034113458	 89.5809163636	 221.163636364	381.3524	 259.0
12.5	 159.015382835	 2.26024443226	 88.9690845455	 220.970454545	442.8136	 226.0
13.0	 220.718995676	 6.39159948355	 88.3572527273	 220.777272727	579.506	 235.0
13.5	 147.074490052	 5.57962735357	 87.7454209091	 220.584090909	415.0188	 233.0
14.0	 233.840412187	 8.36280226452	 87.1335890909	 220.390909091	607.4804	 239.0
14.5	 203.084213187	 12.0447639357	 86.5217572727	 220.197727273	538.4292	 247.0
15.0	 222.118463858	 12.5809719461	 85.9099254545	 220.004545455	580.1728	 248.0
15.5	 241.901763415	 18.9592938979	 85.2980936364	 219.811363636	623.5832	 262.0
16.0	 274.060637631	 22.6412555691	 84.6862618182	 219.618181818	694.532	 270.0
16.5	 279.244404569	 28.1207907607	 84.07443	 219.425	705.4552	 282.0
17.0	 252.590088585	 5.28854300509	 83.4625981818	 219.231818182	645.5316	 231.0
17.5	 285.981918479	 9.41989805638	 82.8507663636	 219.038636364	719.224	 240.0
18.0	 246.410598692	 3.66459874512	 82.2389345455	 218.845454545	630.5572	 227.0
18.5	 402.348587953	 11.8404942175	 81.6271027273	 218.652272727	976.942	 245.0
19.0	 398.625198341	 22.2633565904	 81.0152709091	 218.459090909	968.0448	 268.0
19.5	 426.808558959	 15.1598771388	 80.4034390909	 218.265909091	1030.1472	 252.0
20.0	 425.40116307	 14.7972983889	 79.7916072727	 218.072727273	1026.4036	 251.0
20.5	 436.910950741	 14.8841130191	 79.1797754545	 217.879545455	1051.4036	 251.0
21.0	 475.845418828	 30.6996959534	 78.5679436364	 217.686363636	1137.4296	 286.0
21.5	 401.924266638	 20.450462841	 77.9561118182	 217.493181818	972.3268	 263.0
22.0	 526.715879268	 32.6708987344	 77.34428	 217.3	1249.404	 290.0
22.5	 600.0	 35.4540736453	 76.7324481818	 217.106818182	1411.8656	 296.0
23.0	 562.341657953	 46.7757227785	 76.1206163636	 216.913636364	1327.4556	 321.0
23.5	 421.691161294	 18.1013610813	 75.5087845455	 216.720454545	1013.8652	 257.0
24.0	 278.344663869	 24.4796830332	 74.8969527273	 216.527272727	694.2756	 271.0
24.5	 296.802792227	 27.2628579442	 74.2851209091	 216.334090909	734.7372	 277.0
25.0	 213.870943251	 38.1351136972	 73.6732890909	 216.140909091	549.5836	 301.0
25.5	 184.58929381	 4.51742481875	 73.0614572727	 215.947727273	483.8136	 226.0
26.0	 189.139236325	 3.70545268877	 72.4496254545	 215.754545455	493.3264	 224.0
26.5	 313.043746423	 31.6546568862	 71.8377936364	 215.561363636	768.4296	 286.0
27.0	 233.810584723	 26.3487509551	 71.2259618182	 215.368181818	591.5064	 274.0
27.5	 231.907418057	 -1.87621736198	 70.61413	 215.175	586.6596	 211.0
28.0	 170.811773178	 37.7572147184	 70.0022981818	 214.981818182	450.0964	 299.0
28.5	 279.609295652	 21.2164742844	 69.3904663636	 214.788636364	691.5832	 262.0
29.0	 348.468509406	 13.2142080726	 68.7786345455	 214.595454545	844.1984	 244.0
29.5	 258.392563988	 34.4225115683	 68.1668027273	 214.402272727	643.1476	 291.0
30.0	 204.463844735	 42.5984070406	 67.5549709091	 214.209090909	522.5324	 309.0
30.5	 223.428888826	 36.3937143492	 66.9431390909	 214.015909091	564.122	 295.0
31.0	 152.572959003	 38.7274958801	 66.3313072727	 213.822727273	405.84	 300.0
31.5	 232.309829402	 33.870983329	 65.7194754545	 213.629545455	582.6604	 289.0
32.0	 177.136650001	 43.3950589417	 65.1076436364	 213.436363636	459.276	 310.0
32.5	 103.699404603	 27.7531052679	 64.4958118182	 213.243181818	295.25	 275.0
33.0	 36.6226933497	 1.32571047134	 63.88398	 213.05	145.3776	 216.0
33.5	 13.8288462583	 7.25463904309	 63.2721481818	 212.856818182	94.0444	 229.0
34.0	 10.4049323941	 5.993273533	 62.6603163636	 212.663636364	85.8136	 226.0
34.5	 17.5245062568	 7.42826830359	 62.0484845455	 212.470454545	101.0444	 229.0
35.0	 31.4771963429	 12.009016735	 61.4366527273	 212.277272727	131.4804	 239.0
35.5	 26.6934181104	 -4.98111707915	 60.8248209091	 212.084090909	120.2236	 201.0
36.0	 17.0932213872	 -6.69187596936	 60.2129890909	 211.890909091	98.2492	 197.0
36.5	 -18.9519781822	 -1.66173415784	 59.6011572727	 211.697727273	17.4288	 208.0
37.0	 1.62638814287	 3.36840765368	 58.9893254545	 211.504545455	62.6084	 219.0
37.5	 -1.60176996497	 -10.9253658798	 58.3774936364	 211.311363636	54.8132	 187.0
38.0	 -5.34816851876	 3.09264353407	 57.7656618182	 211.118181818	45.8648	 218.0
38.5	 -4.26646435394	 17.560046328	 57.15383	 210.925	47.66	 250.0
39.0	 -0.673010708982	 8.20959997584	 56.5419981818	 210.731818182	55.0444	 229.0
39.5	 5.90477449465	 -11.0275007389	 55.9301663636	 210.538636364	69.0696	 186.0
40.0	 -13.7086257669	 7.03504909599	 55.3183345455	 210.345454545	24.8136	 226.0
40.5	 7.68763651001	 -10.4044780983	 54.7065027273	 210.152272727	71.8132	 187.0
41.0	 5.53137149242	 0.917171034872	 54.0946709091	 209.959090909	66.4032	 212.0
41.5	 -10.4870614856	 1.45337904524	 53.4828390909	 209.765909091	30.1468	 213.0
42.0	 15.2765854167	 3.78716057607	 52.8710072727	 209.572727273	86.8648	 218.0
42.5	 12.3365783441	 -2.86692549542	 52.2591754545	 209.379545455	79.7108	 203.0
43.0	 -4.05053696289	 2.61260969622	 51.6473436364	 209.186363636	42.634	 215.0
43.5	 -17.1998628449	 -6.28844327585	 51.0355118182	 208.993181818	12.762	 195.0
Actin association begins: 5.5
Actin association ends: 36.0
Length of actin association: 30.5
Area under actin curve during patch life: 12806.1545934
Cofilin association begins: 12.0
Cofilin association ends: 27.0
Length of cofilin association: 15.0
Delay between actin and cofilin association: 6.5
Area under cofilin curve during patch life: 571.519095208
Cofilin intensity score: 194.595820274