Time	 Int488	 Int561	 Back488	 Back561	 Raw488	 Raw561
0.0	 -27.17488	 -50.8	 98.91208	 327.8	71.7372	 277.0
0.5	 0.88034989011	 81.367032967	 98.2684501099	 326.632967033	99.1488	 408.0
1.0	 -12.4504202198	 78.5340659341	 97.6248202198	 325.465934066	85.1744	 404.0
1.5	 -5.91039032967	 -21.2989010989	 96.9811903297	 324.298901099	91.0708	 303.0
2.0	 51.0916395604	 -76.1318681319	 96.3375604396	 323.131868132	147.4292	 247.0
2.5	 -8.05993054945	 -106.964835165	 95.6939305495	 321.964835165	87.634	 215.0
3.0	 36.1488993407	 1.2021978022	 95.0503006593	 320.797802198	131.1992	 322.0
3.5	 95.5101292308	 -31.6307692308	 94.4066707692	 319.630769231	189.9168	 288.0
4.0	 42.4869591209	 -43.4637362637	 93.7630408791	 318.463736264	136.25	 275.0
4.5	 126.001789011	 -100.296703297	 93.119410989	 317.296703297	219.1212	 217.0
5.0	 231.081418901	 -89.1296703297	 92.4757810989	 316.12967033	323.5572	 227.0
5.5	 220.058648791	 -61.9626373626	 91.8321512088	 314.962637363	311.8908	 253.0
6.0	 262.804678681	 -76.7956043956	 91.1885213187	 313.795604396	353.9932	 237.0
6.5	 302.063908571	 -54.6285714286	 90.5448914286	 312.628571429	392.6088	 258.0
7.0	 456.015538462	 -23.4615384615	 89.9012615385	 311.461538462	545.9168	 288.0
7.5	 552.735968352	 -34.2945054945	 89.2576316484	 310.294505495	641.9936	 276.0
8.0	 595.943998242	 -4.12747252747	 88.6140017582	 309.127472527	684.558	 305.0
8.5	 786.972028132	 -23.9604395604	 87.9703718681	 307.96043956	874.9424	 284.0
9.0	 587.359658022	 17.2065934066	 87.326741978	 306.793406593	674.6864	 324.0
9.5	 809.849287912	 3.37362637363	 86.6831120879	 305.626373626	896.5324	 309.0
10.0	 845.390117802	 -18.4593406593	 86.0394821978	 304.459340659	931.4296	 286.0
10.5	 877.803347692	 18.7076923077	 85.3958523077	 303.292307692	963.1992	 322.0
11.0	 880.139377582	 28.8747252747	 84.7522224176	 302.125274725	964.8916	 331.0
11.5	 994.116207473	 17.0417582418	 84.1085925275	 300.958241758	1078.2248	 318.0
12.0	 1215.50383736	 58.2087912088	 83.4649626374	 299.791208791	1298.9688	 358.0
12.5	 1022.22506725	 125.375824176	 82.8213327473	 298.624175824	1105.0464	 424.0
13.0	 1011.97069714	 71.5428571429	 82.1777028571	 297.457142857	1094.1484	 369.0
13.5	 916.511927033	 88.7098901099	 81.534072967	 296.29010989	998.046	 385.0
14.0	 926.026756923	 31.8769230769	 80.8904430769	 295.123076923	1006.9172	 327.0
14.5	 1212.97838681	 63.043956044	 80.2468131868	 293.956043956	1293.2252	 357.0
15.0	 1107.4944167	 123.210989011	 79.6031832967	 292.789010989	1187.0976	 416.0
15.5	 1074.34284659	 92.378021978	 78.9595534066	 291.621978022	1153.3024	 384.0
16.0	 1243.09007648	 194.545054945	 78.3159235165	 290.454945055	1321.406	 485.0
16.5	 1170.17010637	 244.712087912	 77.6722936264	 289.287912088	1247.8424	 534.0
17.0	 938.967736264	 260.879120879	 77.0286637363	 288.120879121	1015.9964	 549.0
17.5	 848.176166154	 330.046153846	 76.3850338462	 286.953846154	924.5612	 617.0
18.0	 1130.43419604	 235.213186813	 75.741403956	 285.786813187	1206.1756	 521.0
18.5	 570.692625934	 179.38021978	 75.0977740659	 284.61978022	645.7904	 464.0
19.0	 671.567055824	 183.547252747	 74.4541441758	 283.452747253	746.0212	 467.0
19.5	 602.903085714	 193.714285714	 73.8105142857	 282.285714286	676.7136	 476.0
20.0	 473.520315604	 120.881318681	 73.1668843956	 281.118681319	546.6872	 402.0
20.5	 547.215145495	 114.048351648	 72.5232545055	 279.951648352	619.7384	 394.0
21.0	 320.039175385	 204.215384615	 71.8796246154	 278.784615385	391.9188	 483.0
21.5	 407.066805275	 145.382417582	 71.2359947253	 277.617582418	478.3028	 423.0
22.0	 190.094435165	 86.5494505495	 70.5923648352	 276.450549451	260.6868	 363.0
22.5	 210.763665055	 83.7164835165	 69.9487349451	 275.283516484	280.7124	 359.0
23.0	 197.868894945	 90.8835164835	 69.3051050549	 274.116483516	267.174	 365.0
23.5	 144.103724835	 234.050549451	 68.6614751648	 272.949450549	212.7652	 507.0
24.0	 89.9773547253	 160.217582418	 68.0178452747	 271.782417582	157.9952	 432.0
24.5	 -29.0470153846	 31.3846153846	 67.3742153846	 270.615384615	38.3272	 302.0
25.0	 -37.1465854945	 70.5516483516	 66.7305854945	 269.448351648	29.584	 340.0
25.5	 -30.1445556044	 15.7186813187	 66.0869556044	 268.281318681	35.9424	 284.0
26.0	 -20.2961257143	 -15.1142857143	 65.4433257143	 267.114285714	45.1472	 252.0
26.5	 -47.6012958242	 -21.9472527473	 64.7996958242	 265.947252747	17.1984	 244.0
27.0	 -24.9068659341	 -67.7802197802	 64.1560659341	 264.78021978	39.2492	 197.0
27.5	 -32.391236044	 -46.6131868132	 63.512436044	 263.613186813	31.1212	 217.0
28.0	 -33.5936061538	 -30.4461538462	 62.8688061538	 262.446153846	29.2752	 232.0
28.5	 -36.2063762637	 -28.2791208791	 62.2251762637	 261.279120879	26.0188	 233.0
29.0	 11.7960536264	 -44.1120879121	 61.5815463736	 260.112087912	73.3776	 216.0
29.5	 -10.9703164835	 -17.9450549451	 60.9379164835	 258.945054945	49.9676	 241.0
30.0	 1.75011340659	 -28.778021978	 60.2942865934	 257.778021978	62.0444	 229.0
30.5	 -29.3754567033	 -24.610989011	 59.6506567033	 256.610989011	30.2752	 232.0
31.0	 -46.7830268132	 -15.443956044	 59.0070268132	 255.443956044	12.224	 240.0
31.5	 -2.42139692308	 -9.27692307692	 58.3633969231	 254.276923077	55.942	 245.0
32.0	 -37.803367033	 -4.10989010989	 57.719767033	 253.10989011	19.9164	 249.0
32.5	 -19.2369371429	 -29.9428571429	 57.0761371429	 251.942857143	37.8392	 222.0
33.0	 -31.3113072527	 -33.7758241758	 56.4325072527	 250.775824176	25.1212	 217.0
33.5	 -21.4624773626	 -25.6087912088	 55.7888773626	 249.608791209	34.3264	 224.0
34.0	 8.84755252747	 -50.4417582418	 55.1452474725	 248.441758242	63.9928	 198.0
34.5	 21.1323824176	 -32.2747252747	 54.5016175824	 247.274725275	75.634	 215.0
35.0	 -20.6343876923	 -45.1076923077	 53.8579876923	 246.107692308	33.2236	 201.0
35.5	 47.1376421978	 -24.9406593407	 53.2143578022	 244.940659341	100.352	 220.0
36.0	 39.5504720879	 -26.7736263736	 52.5707279121	 243.773626374	92.1212	 217.0
36.5	 -26.215898022	 -0.606593406593	 51.927098022	 242.606593407	25.7112	 242.0
37.0	 -41.4954681319	 -11.4395604396	 51.2834681319	 241.43956044	9.788	 230.0
37.5	 14.5069617582	 -27.2725274725	 50.6398382418	 240.272527473	65.1468	 213.0
38.0	 -16.3110083516	 -32.1054945055	 49.9962083516	 239.105494505	33.6852	 207.0
38.5	 18.1790215385	 -6.93846153846	 49.3525784615	 237.938461538	67.5316	 231.0
39.0	 -24.3569485714	 -16.7714285714	 48.7089485714	 236.771428571	24.352	 220.0
39.5	 16.3378813187	 -23.6043956044	 48.0653186813	 235.604395604	64.4032	 212.0
40.0	 1.41751120879	 -12.4373626374	 47.4216887912	 234.437362637	48.8392	 222.0
40.5	 21.5227410989	 -5.27032967033	 46.7780589011	 233.27032967	68.3008	 228.0
41.0	 -37.244029011	 -18.1032967033	 46.134429011	 232.103296703	8.8904	 214.0
41.5	 2.70720087912	 -25.9362637363	 45.4907991209	 230.936263736	48.198	 205.0
42.0	 23.4280307692	 2.23076923077	 44.8471692308	 229.769230769	68.2752	 232.0
42.5	 2.66126065934	 -10.6021978022	 44.2035393407	 228.602197802	46.8648	 218.0
43.0	 -36.5155094505	 1.56483516484	 43.5599094505	 227.435164835	7.0444	 229.0
43.5	 5.69212043956	 -7.26813186813	 42.9162795604	 226.268131868	48.6084	 219.0
44.0	 -40.9206496703	 -5.1010989011	 42.2726496703	 225.101098901	1.352	 220.0
44.5	 17.9793802198	 -4.93406593407	 41.6290197802	 223.934065934	59.6084	 219.0
45.0	 44.1102101099	 -1.76703296703	 40.9853898901	 222.767032967	85.0956	 221.0
Actin association begins: 3.0
Actin association ends: 24.0
Length of actin association: 21.0
Cofilin association begins: 10.5
Cofilin association ends: 25.5
Length of cofilin association: 15.0
Delay between actin and cofilin association: 7.5
Maximum normalized actin intensity: 1243.09007648
Maximum normalized cofilin intensity: 330.046153846