Time	 Int488	 Int561	 Back488	 Back561	 Raw488	 Raw561
0.0	 16.59496	 8.6	 97.80824	 203.4	114.4032	 212.0
0.5	 5.81285594406	 -5.28671328671	 97.1799440559	 203.286713287	102.9928	 198.0
1.0	 10.9027518881	 0.826573426573	 96.5516481119	 203.173426573	107.4544	 204.0
1.5	 -23.2125521678	 -0.0601398601399	 95.9233521678	 203.06013986	72.7108	 203.0
2.0	 -3.81505622378	 -2.94685314685	 95.2950562238	 202.946853147	91.48	 200.0
2.5	 9.55683972028	 -1.83356643357	 94.6667602797	 202.833566434	104.2236	 201.0
3.0	 -13.8916643357	 10.2797202797	 94.0384643357	 202.72027972	80.1468	 213.0
3.5	 -17.0069683916	 9.39300699301	 93.4101683916	 202.606993007	76.4032	 212.0
4.0	 1.62132755245	 9.50629370629	 92.7818724476	 202.493706294	94.4032	 212.0
4.5	 -19.9555765035	 2.61958041958	 92.1535765035	 202.38041958	72.198	 205.0
5.0	 -19.0964805594	 5.73286713287	 91.5252805594	 202.267132867	72.4288	 208.0
5.5	 -33.4169846154	 -2.15384615385	 90.8969846154	 202.153846154	57.48	 200.0
6.0	 -9.71188867133	 -14.0405594406	 90.2686886713	 202.040559441	80.5568	 188.0
6.5	 -8.21159272727	 6.07272727273	 89.6403927273	 201.927272727	81.4288	 208.0
7.0	 11.1603032168	 7.18601398601	 89.0120967832	 201.813986014	100.1724	 209.0
7.5	 10.0449991608	 6.2993006993	 88.3838008392	 201.700699301	98.4288	 208.0
8.0	 9.1860951049	 4.41258741259	 87.7555048951	 201.587412587	96.9416	 206.0
8.5	 29.891191049	 -7.47412587413	 87.127208951	 201.474125874	117.0184	 194.0
9.0	 -1.07011300699	 6.63916083916	 86.498913007	 201.360839161	85.4288	 208.0
9.5	 -4.72381706294	 11.7524475524	 85.8706170629	 201.247552448	81.1468	 213.0
10.0	 -1.83912111888	 10.8657342657	 85.2423211189	 201.134265734	83.4032	 212.0
10.5	 33.2251748252	 20.979020979	 84.6140251748	 201.020979021	117.8392	 222.0
11.0	 34.4942707692	 -0.907692307692	 83.9857292308	 200.907692308	118.48	 200.0
11.5	 59.1481667133	 -4.79440559441	 83.3574332867	 200.794405594	142.5056	 196.0
12.0	 83.8024626573	 30.3188811189	 82.7291373427	 200.681118881	166.5316	 231.0
12.5	 129.661158601	 -5.56783216783	 82.1008413986	 200.567832168	211.762	 195.0
13.0	 145.776654545	 -3.45454545455	 81.4725454545	 200.454545455	227.2492	 197.0
13.5	 136.07175049	 9.65874125874	 80.8442495105	 200.341258741	216.916	 210.0
14.0	 132.494846434	 2.77202797203	 80.2159535664	 200.227972028	212.7108	 203.0
14.5	 173.097542378	 6.88531468531	 79.5876576224	 200.114685315	252.6852	 207.0
15.0	 205.264238322	 0.998601398601	 78.9593616783	 200.001398601	284.2236	 201.0
15.5	 197.072134266	 12.1118881119	 78.3310657343	 199.888111888	275.4032	 212.0
16.0	 262.70043021	 12.2251748252	 77.7027697902	 199.774825175	340.4032	 212.0
16.5	 287.533926154	 19.3384615385	 77.0744738462	 199.661538462	364.6084	 219.0
17.0	 344.033822098	 0.451748251748	 76.4461779021	 199.548251748	420.48	 200.0
17.5	 319.918518042	 -0.434965034965	 75.817881958	 199.434965035	395.7364	 199.0
18.0	 427.213613986	 12.6783216783	 75.189586014	 199.321678322	502.4032	 212.0
18.5	 379.07270993	 15.7916083916	 74.5612900699	 199.208391608	453.634	 215.0
19.0	 328.906205874	 22.9048951049	 73.9329941259	 199.095104895	402.8392	 222.0
19.5	 375.124101818	 9.01818181818	 73.3046981818	 198.981818182	448.4288	 208.0
20.0	 529.290797762	 3.13146853147	 72.6764022378	 198.868531469	601.9672	 202.0
20.5	 455.714293706	 35.2447552448	 72.0481062937	 198.755244755	527.7624	 234.0
21.0	 440.90658965	 25.358041958	 71.4198103497	 198.641958042	512.3264	 224.0
21.5	 470.458085594	 37.4713286713	 70.7915144056	 198.528671329	541.2496	 236.0
22.0	 475.137181538	 -9.41538461538	 70.1632184615	 198.415384615	545.3004	 189.0
22.5	 480.099077483	 16.6979020979	 69.5349225175	 198.302097902	549.634	 215.0
23.0	 580.214573427	 18.8111888112	 68.9066265734	 198.188811189	649.1212	 217.0
23.5	 564.894069371	 10.9244755245	 68.2783306294	 198.075524476	633.1724	 209.0
24.0	 573.496765315	 15.0377622378	 67.6500346853	 197.962237762	641.1468	 213.0
24.5	 516.817461259	 24.151048951	 67.0217387413	 197.848951049	583.8392	 222.0
25.0	 529.189357203	 25.2643356643	 66.3934427972	 197.735664336	595.5828	 223.0
25.5	 541.407253147	 11.3776223776	 65.7651468531	 197.622377622	607.1724	 209.0
26.0	 564.958749091	 23.4909090909	 65.1368509091	 197.509090909	630.0956	 221.0
26.5	 614.176645035	 9.6041958042	 64.508554965	 197.395804196	678.6852	 207.0
27.0	 525.035740979	 12.7174825175	 63.880259021	 197.282517483	588.916	 210.0
27.5	 594.740836923	 0.830769230769	 63.2519630769	 197.169230769	657.9928	 198.0
28.0	 536.523132867	 15.9440559441	 62.6236671329	 197.055944056	599.1468	 213.0
28.5	 517.843828811	 25.0573426573	 61.9953711888	 196.942657343	579.8392	 222.0
29.0	 502.523324755	 17.1706293706	 61.3670752448	 196.829370629	563.8904	 214.0
29.5	 575.459220699	 8.28391608392	 60.7387793007	 196.716083916	636.198	 205.0
30.0	 542.574716643	 10.3972027972	 60.1104833566	 196.602797203	602.6852	 207.0
30.5	 592.972212587	 7.51048951049	 59.4821874126	 196.48951049	652.4544	 204.0
31.0	 540.318508531	 12.6237762238	 58.8538914685	 196.376223776	599.1724	 209.0
31.5	 445.434004476	 14.7370629371	 58.2255955245	 196.262937063	503.6596	 211.0
32.0	 500.95990042	 30.8503496503	 57.5972995804	 196.14965035	558.5572	 227.0
32.5	 526.716196364	 10.9636363636	 56.9690036364	 196.036363636	583.6852	 207.0
33.0	 567.575292308	 14.0769230769	 56.3407076923	 195.923076923	623.916	 210.0
33.5	 540.434388252	 17.1902097902	 55.7124117483	 195.80979021	596.1468	 213.0
34.0	 506.088284196	 13.3034965035	 55.0841158042	 195.696503497	561.1724	 209.0
34.5	 501.28058014	 3.41678321678	 54.4558198601	 195.583216783	555.7364	 199.0
35.0	 458.037276084	 22.5300699301	 53.8275239161	 195.46993007	511.8648	 218.0
35.5	 417.665572028	 22.6433566434	 53.199227972	 195.356643357	470.8648	 218.0
36.0	 452.781467972	 63.7566433566	 52.570932028	 195.243356643	505.3524	 259.0
36.5	 447.383763916	 28.8699300699	 51.9426360839	 195.13006993	499.3264	 224.0
37.0	 452.47365986	 34.9832167832	 51.3143401399	 195.016783217	503.788	 230.0
37.5	 432.358355804	 34.0965034965	 50.6860441958	 194.903496503	483.0444	 229.0
38.0	 381.499451748	 32.2097902098	 50.0577482517	 194.79020979	431.5572	 227.0
38.5	 454.512547692	 50.3230769231	 49.4294523077	 194.676923077	503.942	 245.0
39.0	 405.217643636	 38.4363636364	 48.8011563636	 194.563636364	454.0188	 233.0
39.5	 386.48673958	 16.5496503497	 48.1728604196	 194.45034965	434.6596	 211.0
40.0	 357.576635524	 22.6629370629	 47.5445644755	 194.337062937	405.1212	 217.0
40.5	 277.153731469	 30.7762237762	 46.9162685315	 194.223776224	324.07	 225.0
41.0	 335.269227413	 32.8895104895	 46.2879725874	 194.11048951	381.5572	 227.0
41.5	 248.897523357	 33.0027972028	 45.6596766434	 193.997202797	294.5572	 227.0
42.0	 281.474619301	 41.1160839161	 45.0313806993	 193.883916084	326.506	 235.0
42.5	 252.436115245	 28.2293706294	 44.4030847552	 193.770629371	296.8392	 222.0
43.0	 253.218411189	 43.3426573427	 43.7747888112	 193.657342657	296.9932	 237.0
43.5	 198.795107133	 12.4559440559	 43.1464928671	 193.544055944	241.9416	 206.0
44.0	 217.269803077	 36.5692307692	 42.5181969231	 193.430769231	259.788	 230.0
44.5	 197.462099021	 26.6825174825	 41.889900979	 193.317482517	239.352	 220.0
45.0	 184.064794965	 30.7958041958	 41.261605035	 193.204195804	225.3264	 224.0
45.5	 178.052290909	 52.9090909091	 40.6333090909	 193.090909091	218.6856	 246.0
46.0	 122.577786853	 30.0223776224	 40.0050131469	 192.977622378	162.5828	 223.0
46.5	 122.206082797	 30.1356643357	 39.3767172028	 192.864335664	161.5828	 223.0
47.0	 55.8343787413	 30.248951049	 38.7484212587	 192.751048951	94.5828	 223.0
47.5	 32.0522746853	 16.3622377622	 38.1201253147	 192.637762238	70.1724	 209.0
48.0	 13.5781706294	 32.4755244755	 37.4918293706	 192.524475524	51.07	 225.0
48.5	 13.7448665734	 26.5888111888	 36.8635334266	 192.411188811	50.6084	 219.0
49.0	 8.78316251748	 1.7020979021	 36.2352374825	 192.297902098	45.0184	 194.0
49.5	 14.1294584615	 6.81538461538	 35.6069415385	 192.184615385	49.7364	 199.0
50.0	 -14.3446455944	 22.9286713287	 34.9786455944	 192.071328671	20.634	 215.0
50.5	 9.20645034965	 -3.95804195804	 34.3503496503	 191.958041958	43.5568	 188.0
51.0	 18.0655462937	 -0.844755244755	 33.7220537063	 191.844755245	51.7876	 191.0
51.5	 -4.35735776224	 7.26853146853	 33.0937577622	 191.731468531	28.7364	 199.0
52.0	 13.9633381818	 16.3818181818	 32.4654618182	 191.618181818	46.4288	 208.0
52.5	 12.1300341259	 10.4951048951	 31.8371658741	 191.504895105	43.9672	 202.0
53.0	 -6.03646993007	 17.6083916084	 31.2088699301	 191.391608392	25.1724	 209.0
53.5	 19.437826014	 2.72167832168	 30.580573986	 191.278321678	50.0184	 194.0
54.0	 3.86092195804	 -4.16503496503	 29.952278042	 191.165034965	33.8132	 187.0
54.5	 2.2328179021	 -3.05174825175	 29.3239820979	 191.051748252	31.5568	 188.0
55.0	 -14.3696861538	 -5.93846153846	 28.6956861538	 190.938461538	14.326	 185.0
55.5	 -25.0233902098	 -0.825174825175	 28.0673902098	 190.825174825	3.044	 190.0
56.0	 -24.9078942657	 1.28811188811	 27.4390942657	 190.711888112	2.5312	 192.0
56.5	 -11.2539983217	 -2.5986013986	 26.8107983217	 190.598601399	15.5568	 188.0
57.0	 -16.6257023776	 -2.48531468531	 26.1825023776	 190.485314685	9.5568	 188.0
57.5	 -18.5614064336	 7.62797202797	 25.5542064336	 190.372027972	6.9928	 198.0
58.0	 -15.9331104895	 7.74125874126	 24.9259104895	 190.258741259	8.9928	 198.0
58.5	 -21.7408145455	 -2.14545454545	 24.2976145455	 190.145454545	2.5568	 188.0
59.0	 -9.0869186014	 -6.03216783217	 23.6693186014	 190.032167832	14.5824	 184.0
59.5	 -12.4842226573	 -1.91888111888	 23.0410226573	 189.918881119	10.5568	 188.0
60.0	 -28.9583267133	 14.1944055944	 22.4127267133	 189.805594406	-6.5456	 204.0
60.5	 -1.58643076923	 15.3076923077	 21.7844307692	 189.692307692	20.198	 205.0
61.0	 -16.9069348252	 7.42097902098	 21.1561348252	 189.579020979	4.2492	 197.0
61.5	 6.25976111888	 1.53426573427	 20.5278388811	 189.465734266	26.7876	 191.0
62.0	 -4.82994293706	 -3.35244755245	 19.8995429371	 189.352447552	15.0696	 186.0
62.5	 -9.99644699301	 3.76083916084	 19.271246993	 189.239160839	9.2748	 193.0
63.0	 -11.650151049	 8.87412587413	 18.642951049	 189.125874126	6.9928	 198.0
63.5	 -10.9450551049	 -3.01258741259	 18.0146551049	 189.012587413	7.0696	 186.0
64.0	 -7.90635916084	 11.1006993007	 17.3863591608	 188.899300699	9.48	 200.0
64.5	 -2.43206321678	 -3.78601398601	 16.7580632168	 188.786013986	14.326	 185.0
65.0	 -5.31656727273	 -1.67272727273	 16.1297672727	 188.672727273	10.8132	 187.0
65.5	 6.54252867133	 1.44055944056	 15.5014713287	 188.559440559	22.044	 190.0
66.0	 -4.03437538462	 -5.44615384615	 14.8731753846	 188.446153846	10.8388	 183.0
66.5	 -10.4060794406	 -5.33286713287	 14.2448794406	 188.332867133	3.8388	 183.0
67.0	 -2.5725834965	 1.78041958042	 13.6165834965	 188.21958042	11.044	 190.0
67.5	 -8.68788755245	 0.893706293706	 12.9882875524	 188.106293706	4.3004	 189.0
68.0	 -0.982791608392	 -10.993006993	 12.3599916084	 187.993006993	11.3772	 177.0
68.5	 14.0559043357	 3.12027972028	 11.7316956643	 187.87972028	25.7876	 191.0
69.0	 4.73540027972	 -4.76643356643	 11.1033997203	 187.766433566	15.8388	 183.0
69.5	 1.62009622378	 -5.65314685315	 10.4751037762	 187.653146853	12.0952	 182.0
70.0	 -12.0592078322	 3.46013986014	 9.84680783217	 187.53986014	-2.2124	 191.0
70.5	 -7.17451188811	 2.57342657343	 9.21851188811	 187.426573427	2.044	 190.0
71.0	 3.45378405594	 2.68671328671	 8.59021594406	 187.313286713	12.044	 190.0
Actin association begins: 10.5
Actin association ends: 49.5
Length of actin association: 39.0
Cofilin association begins: 22.5
Cofilin association ends: 50.0
Length of cofilin association: 27.5
Delay between actin and cofilin association: 12.0
Maximum normalized actin intensity: 614.176645035
Maximum normalized cofilin intensity: 63.7566433566