Time	 Int488	 Int561	 Back488	 Back561	 Raw488	 Raw561
0.0	 25.99992	 -7.8	 53.14688	 220.8	79.1468	 213.0
0.5	 -24.3912908571	 6.28428571429	 52.9484908571	 220.715714286	28.5572	 227.0
1.0	 13.0378982857	 9.36857142857	 52.7501017143	 220.631428571	65.788	 230.0
1.5	 -11.1741125714	 -4.54714285714	 52.5517125714	 220.547142857	41.3776	 216.0
2.0	 -1.48852342857	 -2.46285714286	 52.3533234286	 220.462857143	50.8648	 218.0
2.5	 6.40226571429	 6.62142857143	 52.1549342857	 220.378571429	58.5572	 227.0
3.0	 -7.65574514286	 7.70571428571	 51.9565451429	 220.294285714	44.3008	 228.0
3.5	 5.619444	 -4.21	 51.758156	 220.21	57.3776	 216.0
4.0	 28.9974331429	 6.87428571429	 51.5597668571	 220.125714286	80.5572	 227.0
4.5	 17.4778222857	 1.95857142857	 51.3613777143	 220.041428571	68.8392	 222.0
5.0	 -2.75978857143	 -7.95714285714	 51.1629885714	 219.957142857	48.4032	 212.0
5.5	 2.13100057143	 1.12714285714	 50.9645994286	 219.872857143	53.0956	 221.0
6.0	 1.50898971429	 12.2114285714	 50.7662102857	 219.788571429	52.2752	 232.0
6.5	 28.5277788571	 1.29571428571	 50.5678211429	 219.704285714	79.0956	 221.0
7.0	 -9.889032	 19.38	 50.369432	 219.62	40.4804	 239.0
7.5	 1.15535714286	 4.46428571429	 50.1710428571	 219.535714286	51.3264	 224.0
8.0	 31.1229462857	 1.54857142857	 49.9726537143	 219.451428571	81.0956	 221.0
8.5	 21.9369354286	 22.6328571429	 49.7742645714	 219.367142857	71.7112	 242.0
9.0	 1.18652457143	 14.7171428571	 49.5758754286	 219.282857143	50.7624	 234.0
9.5	 54.4873137143	 -1.19857142857	 49.3774862857	 219.198571429	103.8648	 218.0
10.0	 36.0449028571	 20.8857142857	 49.1790971429	 219.114285714	85.224	 240.0
10.5	 2.525292	 15.97	 48.980708	 219.03	51.506	 235.0
11.0	 47.5184811429	 9.05428571429	 48.7823188571	 218.945714286	96.3008	 228.0
11.5	 18.5628702857	 -5.86142857143	 48.5839297143	 218.861428571	67.1468	 213.0
12.0	 35.6076594286	 18.2228571429	 48.3855405714	 218.777142857	83.9932	 237.0
12.5	 55.7032485714	 -4.69285714286	 48.1871514286	 218.692857143	103.8904	 214.0
13.0	 46.0812377143	 6.39142857143	 47.9887622857	 218.608571429	94.07	 225.0
13.5	 49.8952268571	 27.4757142857	 47.7903731429	 218.524285714	97.6856	 246.0
14.0	 32.247216	 3.56	 47.591984	 218.44	79.8392	 222.0
14.5	 63.7532051429	 -5.35571428571	 47.3935948571	 218.355714286	111.1468	 213.0
15.0	 76.9771942857	 -9.27142857143	 47.1952057143	 218.271428571	124.1724	 209.0
15.5	 74.9963834286	 18.8128571429	 46.9968165714	 218.187142857	121.9932	 237.0
16.0	 77.3739725714	 -9.10285714286	 46.7984274286	 218.102857143	124.1724	 209.0
16.5	 155.623961714	 21.9814285714	 46.6000382857	 218.018571429	202.224	 240.0
17.0	 181.539950857	 -11.9342857143	 46.4016491429	 217.934285714	227.9416	 206.0
17.5	 204.89274	 42.15	 46.20326	 217.85	251.096	 260.0
18.0	 274.424329143	 29.2342857143	 46.0048708571	 217.765714286	320.4292	 247.0
18.5	 224.853518286	 32.3185714286	 45.8064817143	 217.681428571	270.66	 250.0
19.0	 243.103107429	 24.4028571429	 45.6080925714	 217.597142857	288.7112	 242.0
19.5	 306.275896571	 28.4871428571	 45.4097034286	 217.512857143	351.6856	 246.0
20.0	 318.474685714	 67.5714285714	 45.2113142857	 217.428571429	363.686	 285.0
20.5	 339.467874857	 60.6557142857	 45.0129251429	 217.344285714	384.4808	 278.0
21.0	 394.230264	 50.74	 44.814536	 217.26	439.0448	 268.0
21.5	 370.121053143	 59.8242857143	 44.6161468571	 217.175714286	414.7372	 277.0
22.0	 400.653042286	 85.9085714286	 44.4177577143	 217.091428571	445.0708	 303.0
22.5	 429.928231429	 73.9928571429	 44.2193685714	 217.007142857	474.1476	 291.0
23.0	 413.306220571	 85.0771428571	 44.0209794286	 216.922857143	457.3272	 302.0
23.5	 425.479009714	 89.1614285714	 43.8225902857	 216.838571429	469.3016	 306.0
24.0	 440.369798857	 98.2457142857	 43.6242011429	 216.754285714	483.994	 315.0
24.5	 438.414188	 83.33	 43.425812	 216.67	481.84	 300.0
25.0	 453.150977143	 77.4142857143	 43.2274228571	 216.585714286	496.3784	 294.0
25.5	 476.503366286	 92.4985714286	 43.0290337143	 216.501428571	519.5324	 309.0
26.0	 409.830555429	 150.582857143	 42.8306445714	 216.417142857	452.6612	 367.0
26.5	 415.874944571	 135.667142857	 42.6322554286	 216.332857143	458.5072	 352.0
27.0	 404.842133714	 93.7514285714	 42.4338662857	 216.248571429	447.276	 310.0
27.5	 410.220522857	 143.835714286	 42.2354771429	 216.164285714	452.456	 360.0
28.0	 390.188512	 179.92	 42.037088	 216.08	432.2256	 396.0
28.5	 340.078501143	 111.004285714	 41.8386988571	 215.995714286	381.9172	 327.0
29.0	 340.944090286	 163.088571429	 41.6403097143	 215.911428571	382.5844	 379.0
29.5	 274.193679429	 155.172857143	 41.4419205714	 215.827142857	315.6356	 371.0
30.0	 263.392068571	 155.257142857	 41.2435314286	 215.742857143	304.6356	 371.0
30.5	 213.847657714	 232.341428571	 41.0451422857	 215.658571429	254.8928	 448.0
31.0	 202.866846857	 260.425714286	 40.8467531429	 215.574285714	243.7136	 476.0
31.5	 248.756836	 191.51	 40.648364	 215.49	289.4052	 407.0
32.0	 196.185625143	 155.594285714	 40.4499748571	 215.405714286	236.6356	 371.0
32.5	 126.512414286	 174.678571429	 40.2515857143	 215.321428571	166.764	 390.0
33.0	 67.8136034286	 197.762857143	 40.0531965714	 215.237142857	107.8668	 413.0
33.5	 51.0367925714	 115.847142857	 39.8548074286	 215.152857143	90.8916	 331.0
34.0	 65.0815817143	 139.931428571	 39.6564182857	 215.068571429	104.738	 355.0
34.5	 26.6391708571	 162.015714286	 39.4580291429	 214.984285714	66.0972	 377.0
35.0	 28.37556	 117.1	 39.25964	 214.9	67.6352	 332.0
35.5	 13.4203491429	 141.184285714	 39.0612508571	 214.815714286	52.4816	 356.0
36.0	 -5.04886171429	 50.2685714286	 38.8628617143	 214.731428571	33.814	 265.0
36.5	 14.1499274286	 89.3528571429	 38.6644725714	 214.647142857	52.8144	 304.0
37.0	 33.9635165714	 71.4371428571	 38.4660834286	 214.562857143	72.4296	 286.0
37.5	 -25.4788942857	 93.5214285714	 38.2676942857	 214.478571429	12.7888	 308.0
38.0	 6.59149485714	 113.605714286	 38.0693051429	 214.394285714	44.6608	 328.0
38.5	 -3.876116	 178.69	 37.870916	 214.31	33.9948	 393.0
39.0	 -15.5745268571	 240.774285714	 37.6725268571	 214.225714286	22.098	 455.0
39.5	 17.9054622857	 196.858571429	 37.4741377143	 214.141428571	55.3796	 411.0
40.0	 -9.74214857143	 211.942857143	 37.2757485714	 214.057142857	27.5336	 426.0
40.5	 18.7890405714	 160.027142857	 37.0773594286	 213.972857143	55.8664	 374.0
41.0	 0.421829714286	 14.1114285714	 36.8789702857	 213.888571429	37.3008	 228.0
41.5	 -2.81538114286	 43.1957142857	 36.6805811429	 213.804285714	33.8652	 257.0
42.0	 -13.128992	 123.28	 36.482192	 213.72	23.3532	 337.0
42.5	 -6.31540285714	 105.364285714	 36.2838028571	 213.635714286	29.9684	 319.0
43.0	 8.29298628571	 80.4485714286	 36.0854137143	 213.551428571	44.3784	 294.0
43.5	 10.4925754286	 197.532857143	 35.8870245714	 213.467142857	46.3796	 411.0
44.0	 -1.84703542857	 242.617142857	 35.6886354286	 213.382857143	33.8416	 456.0
44.5	 35.6577537143	 116.701428571	 35.4902462857	 213.298571429	71.148	 330.0
45.0	 9.65174285714	 187.785714286	 35.2918571429	 213.214285714	44.9436	 401.0
45.5	 -27.687868	 232.87	 35.093468	 213.13	7.4056	 446.0
46.0	 35.4073211429	 170.954285714	 34.8950788571	 213.045714286	70.3024	 384.0
46.5	 -29.4710897143	 183.038571429	 34.6966897143	 212.961428571	5.2256	 396.0
47.0	 -5.04190057143	 186.122857143	 34.4983005714	 212.877142857	29.4564	 399.0
47.5	 -6.81711142857	 260.207142857	 34.2999114286	 212.792857143	27.4828	 473.0
48.0	 -3.92672228571	 230.291428571	 34.1015222857	 212.708571429	30.1748	 443.0
48.5	 2.78286685714	 72.3757142857	 33.9031331429	 212.624285714	36.686	 285.0
49.0	 -10.839544	 44.46	 33.704744	 212.54	22.8652	 257.0
49.5	 6.51244514286	 20.5442857143	 33.5063548571	 212.455714286	40.0188	 233.0
50.0	 28.8132342857	 4.62857142857	 33.3079657143	 212.371428571	62.1212	 217.0
50.5	 16.2936234286	 -0.287142857143	 33.1095765714	 212.287142857	49.4032	 212.0
51.0	 22.2868125714	 -7.20285714286	 32.9111874286	 212.202857143	55.198	 205.0
51.5	 39.1008017143	 13.8814285714	 32.7127982857	 212.118571429	71.8136	 226.0
52.0	 12.8375908571	 7.96571428571	 32.5144091429	 212.034285714	45.352	 220.0
52.5	 -2.65642	 -0.95	 32.31602	 211.95	29.6596	 211.0
53.0	 8.54196914286	 -0.865714285714	 32.1176308571	 211.865714286	40.6596	 211.0
53.5	 24.9711582857	 2.21857142857	 31.9192417143	 211.781428571	56.8904	 214.0
54.0	 3.81034742857	 -19.6971428571	 31.7208525714	 211.697142857	35.5312	 192.0
54.5	 8.93193657143	 -7.61285714286	 31.5224634286	 211.612857143	40.4544	 204.0
55.0	 0.848325714286	 -2.52857142857	 31.3240742857	 211.528571429	32.1724	 209.0
55.5	 2.73911485714	 6.55571428571	 31.1256851429	 211.444285714	33.8648	 218.0
56.0	 -3.036896	 2.64	 30.927296	 211.36	27.8904	 214.0
56.5	 4.21269314286	 -5.27571428571	 30.7289068571	 211.275714286	34.9416	 206.0
57.0	 19.6162822857	 1.80857142857	 30.5305177143	 211.191428571	50.1468	 213.0
57.5	 -0.672528571429	 -0.107142857143	 30.3321285714	 211.107142857	29.6596	 211.0
58.0	 8.01306057143	 1.97714285714	 30.1337394286	 211.022857143	38.1468	 213.0
58.5	 -14.1473502857	 19.0614285714	 29.9353502857	 210.938571429	15.788	 230.0
59.0	 18.5894388571	 13.1457142857	 29.7369611429	 210.854285714	48.3264	 224.0
59.5	 15.249428	 19.23	 29.538572	 210.77	44.788	 230.0
60.0	 9.24261714286	 12.3142857143	 29.3401828571	 210.685714286	38.5828	 223.0
60.5	 -7.73859371429	 1.39857142857	 29.1417937143	 210.601428571	21.4032	 212.0
61.0	 4.99819542857	 -4.51714285714	 28.9434045714	 210.517142857	33.9416	 206.0
61.5	 -1.62381542857	 6.56714285714	 28.7450154286	 210.432857143	27.1212	 217.0
62.0	 -4.22022628571	 13.6514285714	 28.5466262857	 210.348571429	24.3264	 224.0
62.5	 18.3625628571	 -7.26428571429	 28.3482371429	 210.264285714	46.7108	 203.0
63.0	 12.253352	 1.82	 28.149848	 210.18	40.4032	 212.0
63.5	 -11.9070588571	 18.9042857143	 27.9514588571	 210.095714286	16.0444	 229.0
64.0	 -6.96506971429	 19.9885714286	 27.7530697143	 210.011428571	20.788	 230.0
64.5	 23.0793194286	 5.07285714286	 27.5546805714	 209.927142857	50.634	 215.0
65.0	 21.0469085714	 2.15714285714	 27.3562914286	 209.842857143	48.4032	 212.0
65.5	 18.8864977143	 19.2414285714	 27.1579022857	 209.758571429	46.0444	 229.0
66.0	 -8.32551314286	 5.32571428571	 26.9595131429	 209.674285714	18.634	 215.0
66.5	 -0.819524	 -3.59	 26.761124	 209.59	25.9416	 206.0
67.0	 10.7892651429	 10.4942857143	 26.5627348571	 209.505714286	37.352	 220.0
67.5	 6.34645428571	 -6.42142857143	 26.3643457143	 209.421428571	32.7108	 203.0
68.0	 -4.73715657143	 -1.33714285714	 26.1659565714	 209.337142857	21.4288	 208.0
68.5	 18.9484325714	 0.747142857143	 25.9675674286	 209.252857143	44.916	 210.0
69.0	 -13.3659782857	 2.83142857143	 25.7691782857	 209.168571429	12.4032	 212.0
69.5	 -10.1675891429	 2.91571428571	 25.5707891429	 209.084285714	15.4032	 212.0
Actin association begins: 7.5
Actin association ends: 35.5
Length of actin association: 28.0
Cofilin association begins: 17.5
Cofilin association ends: 50.0
Length of cofilin association: 32.5
Delay between actin and cofilin association: 10.0
Maximum normalized actin intensity: 476.503366286
Maximum normalized cofilin intensity: 260.425714286