Time	 Int488	 Int561	 Back488	 Back561	 Raw488	 Raw561
0.0	 5.55376	 -8.4	 66.38784	 214.4	71.9416	 206.0
0.5	 1.38965837838	 -8.30810810811	 66.5519416216	 214.308108108	67.9416	 206.0
1.0	 -25.5692432432	 -1.21621621622	 66.7160432432	 214.216216216	41.1468	 213.0
1.5	 21.9334551351	 11.8756756757	 66.8801448649	 214.124324324	88.8136	 226.0
2.0	 -4.94864648649	 6.96756756757	 67.0442464865	 214.032432432	62.0956	 221.0
2.5	 -59.7791481081	 33.0594594595	 67.2083481081	 213.940540541	7.4292	 247.0
3.0	 29.0051502703	 2.15135135135	 67.3724497297	 213.848648649	96.3776	 216.0
3.5	 28.0974486486	 1.24324324324	 67.5365513514	 213.756756757	95.634	 215.0
4.0	 8.80534702703	 21.3351351351	 67.700652973	 213.664864865	76.506	 235.0
4.5	 -5.30755459459	 13.427027027	 67.8647545946	 213.572972973	62.5572	 227.0
5.0	 -5.21525621622	 12.5189189189	 68.0288562162	 213.481081081	62.8136	 226.0
5.5	 5.95384216216	 -0.389189189189	 68.1929578378	 213.389189189	74.1468	 213.0
6.0	 4.58454054054	 -7.2972972973	 68.3570594595	 213.297297297	72.9416	 206.0
6.5	 6.75363891892	 -20.2054054054	 68.5211610811	 213.205405405	75.2748	 193.0
7.0	 20.5387372973	 26.8864864865	 68.6852627027	 213.113513514	89.224	 240.0
7.5	 19.3742356757	 -12.0216216216	 68.8493643243	 213.021621622	88.2236	 201.0
8.0	 1.85133405405	 5.07027027027	 69.0134659459	 212.92972973	70.8648	 218.0
8.5	 -9.92836756757	 -15.8378378378	 69.1775675676	 212.837837838	59.2492	 197.0
9.0	 1.67713081081	 20.2540540541	 69.3416691892	 212.745945946	71.0188	 233.0
9.5	 8.28222918919	 17.3459459459	 69.5057708108	 212.654054054	77.788	 230.0
10.0	 -16.1126724324	 14.4378378378	 69.6698724324	 212.562162162	53.5572	 227.0
10.5	 1.10762594595	 -6.47027027027	 69.8339740541	 212.47027027	70.9416	 206.0
11.0	 -20.1332756757	 5.62162162162	 69.9980756757	 212.378378378	49.8648	 218.0
11.5	 12.9846227027	 0.713513513514	 70.1621772973	 212.286486486	83.1468	 213.0
12.0	 -22.6922789189	 2.80540540541	 70.3262789189	 212.194594595	47.634	 215.0
12.5	 -0.805180540541	 -5.1027027027	 70.4903805405	 212.102702703	69.6852	 207.0
13.0	 44.8511178378	 -16.0108108108	 70.6544821622	 212.010810811	115.5056	 196.0
13.5	 -27.3897837838	 -3.91891891892	 70.8185837838	 211.918918919	43.4288	 208.0
14.0	 27.7025145946	 -4.82702702703	 70.9826854054	 211.827027027	98.6852	 207.0
14.5	 -49.256387027	 2.26486486486	 71.146787027	 211.735135135	21.8904	 214.0
15.0	 -13.0100886486	 16.3567567568	 71.3108886486	 211.643243243	58.3008	 228.0
15.5	 0.82580972973	 16.4486486486	 71.4749902703	 211.551351351	72.3008	 228.0
16.0	 -5.03069189189	 7.54054054054	 71.6390918919	 211.459459459	66.6084	 219.0
16.5	 -19.4767935135	 12.6324324324	 71.8031935135	 211.367567568	52.3264	 224.0
17.0	 -15.5896951351	 4.72432432432	 71.9672951351	 211.275675676	56.3776	 216.0
17.5	 -39.8049967568	 12.8162162162	 72.1313967568	 211.183783784	32.3264	 224.0
18.0	 41.1845016216	 -11.0918918919	 72.2954983784	 211.091891892	113.48	 200.0
18.5	 7.4564	 -1.0	 72.4596	 211.0	79.916	 210.0
19.0	 10.0870983784	 -7.90810810811	 72.6237016216	 210.908108108	82.7108	 203.0
19.5	 -14.0514032432	 -11.8162162162	 72.7878032432	 210.816216216	58.7364	 199.0
20.0	 33.2716951351	 -9.72432432432	 72.9519048649	 210.724324324	106.2236	 201.0
20.5	 43.7743935135	 3.36756756757	 73.1160064865	 210.632432432	116.8904	 214.0
21.0	 20.4050918919	 -3.54054054054	 73.2801081081	 210.540540541	93.6852	 207.0
21.5	 60.0361902703	 28.5513513514	 73.4442097297	 210.448648649	133.4804	 239.0
22.0	 128.102488649	 -7.35675675676	 73.6083113514	 210.356756757	201.7108	 203.0
22.5	 141.117987027	 3.73513513514	 73.772412973	 210.264864865	214.8904	 214.0
23.0	 141.210685405	 41.827027027	 73.9365145946	 210.172972973	215.1472	 252.0
23.5	 168.046583784	 41.9189189189	 74.1006162162	 210.081081081	242.1472	 252.0
24.0	 200.472082162	 28.0108108108	 74.2647178378	 209.989189189	274.7368	 238.0
24.5	 226.948780541	 6.1027027027	 74.4288194595	 209.897297297	301.3776	 216.0
25.0	 213.835878919	 -1.80540540541	 74.5929210811	 209.805405405	288.4288	 208.0
25.5	 330.030977297	 20.2864864865	 74.7570227027	 209.713513514	404.788	 230.0
26.0	 291.943675676	 8.37837837838	 74.9211243243	 209.621621622	366.8648	 218.0
26.5	 408.856374054	 -3.52972972973	 75.0852259459	 209.52972973	483.9416	 206.0
27.0	 369.923072432	 -0.437837837838	 75.2493275676	 209.437837838	445.1724	 209.0
27.5	 392.759370811	 38.6540540541	 75.4134291892	 209.345945946	468.1728	 248.0
28.0	 414.441269189	 23.7459459459	 75.5775308108	 209.254054054	490.0188	 233.0
28.5	 416.995167568	 28.8378378378	 75.7416324324	 209.162162162	492.7368	 238.0
29.0	 567.523465946	 37.9297297297	 75.9057340541	 209.07027027	643.4292	 247.0
29.5	 394.231364324	 58.0216216216	 76.0698356757	 208.978378378	470.3012	 267.0
30.0	 558.169262703	 3.11351351351	 76.2339372973	 208.886486486	634.4032	 212.0
30.5	 520.928361081	 15.2054054054	 76.3980389189	 208.794594595	597.3264	 224.0
31.0	 577.815859459	 46.2972972973	 76.5621405405	 208.702702703	654.378	 255.0
31.5	 636.882157838	 10.3891891892	 76.7262421622	 208.610810811	713.6084	 219.0
32.0	 597.641256216	 22.4810810811	 76.8903437838	 208.518918919	674.5316	 231.0
32.5	 599.015554595	 16.572972973	 77.0544454054	 208.427027027	676.07	 225.0
33.0	 636.005452973	 31.6648648649	 77.218547027	 208.335135135	713.224	 240.0
33.5	 574.482551351	 48.7567567568	 77.3826486486	 208.243243243	651.8652	 257.0
34.0	 799.75444973	 58.8486486486	 77.5467502703	 208.151351351	877.3012	 267.0
34.5	 774.256748108	 32.9405405405	 77.7108518919	 208.059459459	851.9676	 241.0
35.0	 739.400646486	 63.0324324324	 77.8749535135	 207.967567568	817.2756	 271.0
35.5	 738.774544865	 18.1243243243	 78.0390551351	 207.875675676	816.8136	 226.0
36.0	 801.406043243	 89.2162162162	 78.2031567568	 207.783783784	879.6092	 297.0
36.5	 878.113541622	 70.3081081081	 78.3672583784	 207.691891892	956.4808	 278.0
37.0	 907.02664	 97.4	 78.53136	 207.6	985.558	 305.0
37.5	 948.426138378	 48.4918918919	 78.6954616216	 207.508108108	1027.1216	 256.0
38.0	 853.338836757	 36.5837837838	 78.8595632432	 207.416216216	932.1984	 244.0
38.5	 911.995535135	 64.6756756757	 79.0236648649	 207.324324324	991.0192	 272.0
39.0	 799.959433514	 44.7675675676	 79.1877664865	 207.232432432	879.1472	 252.0
39.5	 773.487731892	 53.8594594595	 79.3518681081	 207.140540541	852.8396	 261.0
40.0	 766.01603027	 62.9513513514	 79.5159697297	 207.048648649	845.532	 270.0
40.5	 762.211128649	 85.0432432432	 79.6800713514	 206.956756757	841.8912	 292.0
41.0	 745.047027027	 85.1351351351	 79.844172973	 206.864864865	824.8912	 292.0
41.5	 741.754525405	 66.227027027	 80.0082745946	 206.772972973	821.7628	 273.0
42.0	 682.770023784	 77.3189189189	 80.1723762162	 206.681081081	762.9424	 284.0
42.5	 633.733922162	 57.4108108108	 80.3364778378	 206.589189189	714.0704	 264.0
43.0	 707.698220541	 76.5027027027	 80.5005794595	 206.497297297	788.1988	 283.0
43.5	 571.636918919	 99.5945945946	 80.6646810811	 206.405405405	652.3016	 306.0
44.0	 567.780017297	 51.6864864865	 80.8287827027	 206.313513514	648.6088	 258.0
44.5	 535.590715676	 94.7783783784	 80.9928843243	 206.221621622	616.5836	 301.0
45.0	 531.863014054	 143.87027027	 81.1569859459	 206.12972973	613.02	 350.0
45.5	 549.262512432	 94.9621621622	 81.3210875676	 206.037837838	630.5836	 301.0
46.0	 624.637210811	 128.054054054	 81.4851891892	 205.945945946	706.1224	 334.0
46.5	 429.575109189	 73.1459459459	 81.6492908108	 205.854054054	511.2244	 279.0
47.0	 481.206207568	 105.237837838	 81.8133924324	 205.762162162	563.0196	 311.0
47.5	 612.939705946	 121.32972973	 81.9774940541	 205.67027027	694.9172	 327.0
48.0	 509.185604324	 96.4216216216	 82.1415956757	 205.578378378	591.3272	 302.0
48.5	 472.047102703	 92.5135135135	 82.3056972973	 205.486486486	554.3528	 298.0
49.0	 465.627401081	 171.605405405	 82.4697989189	 205.394594595	548.0972	 377.0
49.5	 476.821699459	 115.697297297	 82.6339005405	 205.302702703	559.4556	 321.0
50.0	 511.863197838	 161.789189189	 82.7980021622	 205.210810811	594.6612	 367.0
50.5	 526.211096216	 81.8810810811	 82.9621037838	 205.118918919	609.1732	 287.0
51.0	 510.586194595	 153.972972973	 83.1262054054	 205.027027027	593.7124	 359.0
51.5	 480.960492973	 148.064864865	 83.290307027	 204.935135135	564.2508	 353.0
52.0	 457.462791351	 122.156756757	 83.4544086486	 204.843243243	540.9172	 327.0
52.5	 558.73428973	 93.2486486486	 83.6185102703	 204.751351351	642.3528	 298.0
53.0	 451.749788108	 104.340540541	 83.7826118919	 204.659459459	535.5324	 309.0
53.5	 351.482886486	 81.4324324324	 83.9467135135	 204.567567568	435.4296	 286.0
54.0	 392.600784865	 76.5243243243	 84.1108151351	 204.475675676	476.7116	 281.0
54.5	 284.565083243	 95.6162162162	 84.2749167568	 204.383783784	368.84	 300.0
55.0	 235.810981622	 70.7081081081	 84.4390183784	 204.291891892	320.25	 275.0
55.5	 174.26248	 91.8	 84.60312	 204.2	258.8656	 296.0
56.0	 168.687578378	 38.8918918919	 84.7672216216	 204.108108108	253.4548	 243.0
56.5	 140.087876757	 67.9837837838	 84.9313232432	 204.016216216	225.0192	 272.0
57.0	 175.821375135	 84.0756756757	 85.0954248649	 203.924324324	260.9168	 288.0
57.5	 254.810873514	 60.1675675676	 85.2595264865	 203.832432432	340.0704	 264.0
58.0	 111.134371892	 101.259459459	 85.4236281081	 203.740540541	196.558	 305.0
58.5	 124.40587027	 72.3513513514	 85.5877297297	 203.648648649	209.9936	 276.0
59.0	 131.292968649	 64.4432432432	 85.7518313514	 203.556756757	217.0448	 268.0
59.5	 47.513667027	 82.5351351351	 85.915932973	 203.464864865	133.4296	 286.0
60.0	 74.7851654054	 53.627027027	 86.0800345946	 203.372972973	160.8652	 257.0
60.5	 32.5442637838	 65.7189189189	 86.2441362162	 203.281081081	118.7884	 269.0
61.0	 -7.69703783784	 38.8108108108	 86.4082378378	 203.189189189	78.7112	 242.0
61.5	 23.1132605405	 42.9027027027	 86.5723394595	 203.097297297	109.6856	 246.0
62.0	 40.8463589189	 19.9945945946	 86.7364410811	 203.005405405	127.5828	 223.0
62.5	 -13.9845427027	 7.08648648649	 86.9005427027	 202.913513514	72.916	 210.0
63.0	 -47.1486443243	 7.17837837838	 87.0646443243	 202.821621622	39.916	 210.0
63.5	 -19.5691459459	 8.27027027027	 87.2287459459	 202.72972973	67.6596	 211.0
64.0	 -26.4768475676	 7.36216216216	 87.3928475676	 202.637837838	60.916	 210.0
64.5	 -34.1793491892	 13.4540540541	 87.5569491892	 202.545945946	53.3776	 216.0
65.0	 33.2461491892	 -0.454054054054	 87.7210508108	 202.454054054	120.9672	 202.0
65.5	 6.05644756757	 3.63783783784	 87.8851524324	 202.362162162	93.9416	 206.0
66.0	 -33.5436540541	 -6.27027027027	 88.0492540541	 202.27027027	54.5056	 196.0
66.5	 -31.7333556757	 -2.17837837838	 88.2133556757	 202.178378378	56.48	 200.0
67.0	 -21.1538572973	 -1.08648648649	 88.3774572973	 202.086486486	67.2236	 201.0
67.5	 -30.2923589189	 -4.99459459459	 88.5415589189	 201.994594595	58.2492	 197.0
68.0	 14.7487394595	 2.0972972973	 88.7056605405	 201.902702703	103.4544	 204.0
68.5	 28.3282378378	 3.18918918919	 88.8697621622	 201.810810811	117.198	 205.0
69.0	 29.2153362162	 -4.71891891892	 89.0338637838	 201.718918919	118.2492	 197.0
69.5	 -20.0255654054	 7.37297297297	 89.1979654054	 201.627027027	69.1724	 209.0
70.0	 -8.95886702703	 10.4648648649	 89.362067027	 201.535135135	80.4032	 212.0
70.5	 4.38983135135	 8.55675675676	 89.5261686486	 201.443243243	93.916	 210.0
71.0	 5.02052972973	 1.64864864865	 89.6902702703	 201.351351351	94.7108	 203.0
71.5	 4.65122810811	 -5.25945945946	 89.8543718919	 201.259459459	94.5056	 196.0
72.0	 -27.6152735135	 10.8324324324	 90.0184735135	 201.167567568	62.4032	 212.0
72.5	 5.04102486486	 -0.0756756756757	 90.1825751351	 201.075675676	95.2236	 201.0
73.0	 27.3641232432	 2.01621621622	 90.3466767568	 200.983783784	117.7108	 203.0
73.5	 -6.97957837838	 -8.89189189189	 90.5107783784	 200.891891892	83.5312	 192.0
Actin association begins: 20.0
Actin association ends: 60.5
Length of actin association: 40.5
Cofilin association begins: 27.5
Cofilin association ends: 64.5
Length of cofilin association: 37.0
Delay between actin and cofilin association: 7.5
Maximum normalized actin intensity: 948.426138378
Maximum normalized cofilin intensity: 171.605405405