Time	 Int488	 Int561	 Back488	 Back561	 Raw488	 Raw561
0.0	 -1.85375859549	 -14.3790161757	 251.60008	 407.8	248.7896	 386.0
0.5	 30.9419626773	 1.02666290206	 250.237747246	 406.443478261	297.1488	 408.0
1.0	 -28.5370799649	 5.87893561234	 248.875414493	 405.086956522	205.6104	 414.0
1.5	 -1.77949014528	 -14.3331318002	 247.513081739	 403.730434783	244.8152	 382.0
2.0	 10.2141480013	 30.7540026862	 246.150748986	 402.373913043	261.6364	 449.0
2.5	 -10.0283851071	 -14.5224048492	 244.788416232	 401.017391304	229.5844	 379.0
3.0	 -40.0119761279	 -6.37219264908	 243.426083478	 399.660869565	182.764	 390.0
3.5	 -7.43629337786	 -8.1157989185	 242.063750725	 398.304347826	230.7896	 386.0
4.0	 -46.7725769567	 -7.22105359604	 240.701417971	 396.947826087	169.7896	 386.0
4.5	 -18.864665843	 -1.04960508981	 239.339085217	 395.591304348	210.7384	 394.0
5.0	 43.1215136072	 -37.7513699516	 237.976752464	 394.234782609	303.3532	 337.0
5.5	 -18.1840598421	 -30.9203335474	 236.61441971	 392.87826087	209.0456	 346.0
6.0	 4.34583538668	 -8.91877548994	 235.252086957	 391.52173913	241.8408	 378.0
6.5	 57.7407505482	 -17.2582607391	 233.889754203	 390.165217391	321.4304	 364.0
7.0	 19.6392155144	 -3.17175745719	 232.527421449	 388.808695652	262.3024	 384.0
7.5	 69.7361911861	 -11.5112427063	 231.165088696	 387.452173913	336.892	 370.0
8.0	 98.9120940748	 -48.8725954661	 229.802755942	 386.095652174	379.7632	 312.0
8.5	 139.065122597	 2.15083010208	 228.440423188	 384.739130435	439.2768	 388.0
9.0	 149.587352061	 45.2592008946	 227.078090435	 383.382608696	453.8672	 452.0
9.5	 253.465541922	 -18.485667784	 225.715757681	 382.026086957	609.9944	 354.0
10.0	 255.446899612	 19.3459998248	 224.353424928	 380.669565217	611.636	 410.0
10.5	 315.065422344	 -8.12153446544	 222.991092174	 379.313043478	700.6612	 367.0
11.0	 372.858469609	 69.2854070215	 221.62875942	 377.956521739	786.9188	 483.0
11.5	 361.61377077	 60.9459217724	 220.266426667	 376.6	768.5084	 469.0
12.0	 350.690159319	 28.2016842984	 218.904093913	 375.243478261	750.5848	 418.0
12.5	 424.567125559	 117.481207949	 217.541761159	 373.886956522	861.2272	 552.0
13.0	 432.230701073	 117.716365373	 216.179428406	 372.530434783	871.4836	 551.0
13.5	 472.907178551	 86.9508915933	 214.817095652	 371.173913043	931.7908	 503.0
14.0	 479.995857253	 99.7182190792	 213.454762899	 369.817391304	941.1756	 521.0
14.5	 403.570154665	 72.9102726869	 212.092430145	 368.460869565	823.9444	 479.0
15.0	 476.635036285	 134.487104623	 210.730097391	 367.104347826	933.3556	 571.0
15.5	 432.698259036	 107.019570332	 209.367764638	 365.747826087	865.3808	 528.0
16.0	 544.070422758	 212.129203534	 208.005431884	 364.391304348	1032.8696	 686.0
16.5	 483.254527364	 142.448043774	 206.64309913	 363.034782609	939.3044	 579.0
17.0	 472.415343165	 96.5120483404	 205.280766377	 361.67826087	921.5088	 508.0
17.5	 411.414763159	 158.748468174	 203.918433623	 360.32173913	827.6636	 601.0
18.0	 409.523020713	 183.388377823	 202.55610087	 358.965217391	823.4332	 637.0
18.5	 405.009812125	 205.389935881	 201.193768116	 357.608695652	815.2284	 669.0
19.0	 466.860907974	 189.794983754	 199.831435362	 356.252173913	907.6384	 644.0
19.5	 600.0	 346.352472997	 198.469102609	 354.895652174	1108.128	 880.0
20.0	 507.710680796	 350.54515781	 197.106769855	 353.539130435	966.846	 885.0
20.5	 462.066098561	 358.035782112	 195.744437101	 352.182608696	896.282	 895.0
21.0	 489.99115896	 387.292807047	 194.382104348	 350.826086957	937.2568	 938.0
21.5	 428.854176178	 342.016399512	 193.019771594	 349.469565217	843.2048	 868.0
22.0	 446.074124993	 420.742516795	 191.657438841	 348.113043478	867.9496	 986.0
22.5	 523.670903142	 418.339322627	 190.295106087	 346.756521739	984.2316	 981.0
23.0	 381.184570386	 355.913629745	 188.932773333	 345.4	766.846	 885.0
23.5	 393.125705336	 228.848322861	 187.57044058	 344.043478261	783.5876	 691.0
24.0	 252.500201958	 210.615019142	 186.208107826	 342.686956522	569.0232	 662.0
24.5	 263.850609987	 201.615945995	 184.845775072	 341.330434783	584.8692	 647.0
25.0	 242.746127413	 213.723685583	 183.483442319	 339.973913043	551.5104	 664.0
25.5	 220.898157361	 290.471039172	 182.121109565	 338.617391304	517.0244	 779.0
26.0	 250.142129721	 294.004136086	 180.758776812	 337.260869565	559.9988	 783.0
26.5	 295.554448306	 296.218057205	 179.396444058	 335.904347826	627.486	 785.0
27.0	 176.56026196	 299.091566221	 178.034111304	 334.547826087	445.7168	 788.0
27.5	 204.805618242	 226.772054869	 176.671778551	 333.191304348	487.1772	 677.0
28.0	 175.12622916	 213.155866436	 175.309445797	 331.834782609	440.818	 655.0
28.5	 97.9562475885	 173.815749982	 173.947113043	 330.47826087	322.4584	 594.0
29.0	 -5.85211466538	 19.707339282	 172.58478029	 329.12173913	163.7124	 359.0
29.5	 12.787267306	 -20.2923650697	 171.222447536	 327.765217391	190.6092	 297.0
30.0	 44.7202476083	 -24.674322931	 169.860114783	 326.408695652	237.6604	 289.0
30.5	 -20.5766241292	 -12.5665833431	 168.497782029	 325.052173913	137.3016	 306.0
31.0	 -27.0010546103	 -1.11843165308	 167.135449275	 323.695652174	126.1992	 322.0
31.5	 -3.00027836904	 -28.5859659433	 165.773116522	 322.339130435	161.2244	 279.0
32.0	 5.35665594335	 -33.6275117026	 164.410783768	 320.982608696	172.532	 270.0
32.5	 -10.9104089864	 21.3534412534	 163.048451014	 319.626086957	146.5072	 352.0
33.0	 -28.7174797404	 -17.9866752003	 161.686118261	 318.269565217	118.1476	 291.0
33.5	 0.594298255316	 0.716943367359	 160.323785507	 316.913043478	161.2248	 318.0
34.0	 20.1982615687	 16.1226224452	 158.961452754	 315.556521739	189.584	 340.0
Actin association begins: 6.0
Actin association ends: 28.5
Length of actin association: 22.5
Area under actin curve during patch life: 15176.1373847
Cofilin association begins: 11.0
Cofilin association ends: 29.0
Length of cofilin association: 18.0
Delay between actin and cofilin association: 5.0
Area under cofilin curve during patch life: 7730.40457749
Cofilin intensity score: 168.686298937