Time	 Int488	 Int561	 Back488	 Back561	 Raw488	 Raw561
0.0	 66.35928	 29.8	 114.76432	 421.2	181.1236	 451.0
0.5	 25.6129341538	 -54.3046153846	 113.561065846	 419.304615385	139.174	 365.0
1.0	 -18.2090116923	 -9.40923076923	 112.357811692	 417.409230769	94.1488	 408.0
1.5	 -34.0313575385	 -3.51384615385	 111.154557538	 415.513846154	77.1232	 412.0
2.0	 -27.6993033846	 56.3815384615	 109.951303385	 413.618461538	82.252	 470.0
2.5	 -26.4712492308	 -23.7230769231	 108.748049231	 411.723076923	82.2768	 388.0
3.0	 -21.3699950769	 33.1723076923	 107.544795077	 409.827692308	86.1748	 443.0
3.5	 -7.67994092308	 -1.93230769231	 106.341540923	 407.932307692	98.6616	 406.0
4.0	 -44.5278867692	 7.96307692308	 105.138286769	 406.036923077	60.6104	 414.0
4.5	 14.9061673846	 12.8584615385	 103.935032615	 404.141538462	118.8412	 417.0
5.0	 -14.8909784615	 -24.2461538462	 102.731778462	 402.246153846	87.8408	 378.0
5.5	 39.7738756923	 -16.3507692308	 101.528524308	 400.350769231	141.3024	 384.0
6.0	 17.1571298462	 35.5446153846	 100.325270154	 398.455384615	117.4824	 434.0
6.5	 69.795584	 -30.56	 99.122016	 396.56	168.9176	 366.0
7.0	 115.973638154	 14.3353846154	 97.9187618462	 394.664615385	213.8924	 409.0
7.5	 120.792892308	 76.2307692308	 96.7155076923	 392.769230769	217.5084	 469.0
8.0	 236.636546462	 17.1261538462	 95.5122535385	 390.873846154	332.1488	 408.0
8.5	 277.583400615	 20.0215384615	 94.3089993846	 388.978461538	371.8924	 409.0
9.0	 270.377054769	 85.9169230769	 93.1057452308	 387.083076923	363.4828	 473.0
9.5	 309.092708923	 46.8123076923	 91.9024910769	 385.187692308	400.9952	 432.0
10.0	 289.321963077	 83.7076923077	 90.6992369231	 383.292307692	380.0212	 467.0
10.5	 408.730817231	 131.603076923	 89.4959827692	 381.396923077	498.2268	 513.0
11.0	 409.293271385	 155.498461538	 88.2927286154	 379.501538462	497.586	 535.0
11.5	 367.394125538	 173.393846154	 87.0894744615	 377.606153846	454.4836	 551.0
12.0	 523.315379692	 180.289230769	 85.8862203077	 375.710769231	609.2016	 556.0
12.5	 531.083433846	 250.184615385	 84.6829661538	 373.815384615	615.7664	 624.0
13.0	 611.646688	 352.08	 83.479712	 371.92	695.1264	 724.0
13.5	 541.849942154	 353.975384615	 82.2764578462	 370.024615385	624.1264	 724.0
14.0	 691.413996308	 533.870769231	 81.0732036923	 368.129230769	772.4872	 902.0
14.5	 636.694050462	 523.766153846	 79.8699495385	 366.233846154	716.564	 890.0
15.0	 690.230504615	 512.661538462	 78.6666953846	 364.338461538	768.8972	 877.0
15.5	 645.100958769	 566.556923077	 77.4634412308	 362.443076923	722.5644	 929.0
16.0	 726.355812923	 599.452307692	 76.2601870769	 360.547692308	802.616	 960.0
16.5	 659.430667077	 582.347692308	 75.0569329231	 358.652307692	734.4876	 941.0
17.0	 745.326721231	 632.243076923	 73.8536787692	 356.756923077	819.1804	 989.0
17.5	 674.684375385	 688.138461538	 72.6504246154	 354.861538462	747.3348	 1043.0
18.0	 602.579229538	 621.033846154	 71.4471704615	 352.966153846	674.0264	 974.0
18.5	 493.679283692	 560.929230769	 70.2439163077	 351.070769231	563.9232	 912.0
19.0	 613.704537846	 707.824615385	 69.0406621538	 349.175384615	682.7452	 1057.0
19.5	 360.548592	 687.72	 67.837408	 347.28	428.386	 1035.0
20.0	 506.726646154	 732.615384615	 66.6341538462	 345.384615385	573.3608	 1078.0
20.5	 498.033500308	 835.510769231	 65.4308996923	 343.489230769	563.4644	 1179.0
21.0	 479.849954462	 624.406153846	 64.2276455385	 341.593846154	544.0776	 966.0
21.5	 379.387208615	 691.301538462	 63.0243913846	 339.698461538	442.4116	 1031.0
22.0	 491.539262769	 701.196923077	 61.8211372308	 337.803076923	553.3604	 1039.0
22.5	 441.896116923	 679.092307692	 60.6178830769	 335.907692308	502.514	 1015.0
23.0	 340.921371077	 825.987692308	 59.4146289231	 334.012307692	400.336	 1160.0
23.5	 278.555025231	 291.883076923	 58.2113747692	 332.116923077	336.7664	 624.0
24.0	 135.763079385	 761.778461538	 57.0081206154	 330.221538462	192.7712	 1092.0
24.5	 92.8347335385	 432.673846154	 55.8048664615	 328.326153846	148.6396	 761.0
25.0	 12.9315876923	 60.5692307692	 54.6016123077	 326.430769231	67.5332	 387.0
25.5	 40.3660418462	 104.464615385	 53.3983581538	 324.535384615	93.7644	 429.0
26.0	 -23.149904	 -15.64	 52.195104	 322.64	29.0452	 307.0
26.5	 -17.6642498462	 20.2553846154	 50.9918498462	 320.744615385	33.3276	 341.0
27.0	 -23.3329956923	 2.15076923077	 49.7885956923	 318.849230769	26.4556	 321.0
27.5	 -26.6681415385	 10.0461538462	 48.5853415385	 316.953846154	21.9172	 327.0
28.0	 -6.95248738462	 -29.0584615385	 47.3820873846	 315.058461538	40.4296	 286.0
28.5	 -29.0308332308	 16.8369230769	 46.1788332308	 313.163076923	17.148	 330.0
29.0	 -25.2379790769	 4.73230769231	 44.9755790769	 311.267692308	19.7376	 316.0
29.5	 -21.7015249231	 -6.37230769231	 43.7723249231	 309.372307692	22.0708	 303.0
30.0	 -7.26787076923	 -40.4769230769	 42.5690707692	 307.476923077	35.3012	 267.0
30.5	 -2.96181661538	 -15.5815384615	 41.3658166154	 305.581538462	38.404	 290.0
31.0	 11.7546375385	 23.3138461538	 40.1625624615	 303.686153846	51.9172	 327.0
31.5	 -17.2477083077	 -20.7907692308	 38.9593083077	 301.790769231	21.7116	 281.0
32.0	 -2.32605415385	 25.1046153846	 37.7560541538	 299.895384615	35.43	 325.0
Actin association begins: 5.5
Actin association ends: 25.5
Length of actin association: 20.0
Cofilin association begins: 7.0
Cofilin association ends: 25.5
Length of cofilin association: 18.5
Delay between actin and cofilin association: 1.5
Maximum normalized actin intensity: 745.326721231
Maximum normalized cofilin intensity: 835.510769231