Time	 Int488	 Int561	 Back488	 Back561	 Raw488	 Raw561
0.0	 -5.28216	 -10.6	 110.81376	 241.6	105.5316	 231.0
0.5	 29.4122863158	 -7.34736842105	 110.350113684	 241.347368421	139.7624	 234.0
1.0	 0.106732631579	 -4.09473684211	 109.886467368	 241.094736842	109.9932	 237.0
1.5	 -18.0704210526	 18.1578947368	 109.422821053	 240.842105263	91.3524	 259.0
2.0	 -1.52997473684	 6.41052631579	 108.959174737	 240.589473684	107.4292	 247.0
2.5	 26.2668715789	 -6.33684210526	 108.495528421	 240.336842105	134.7624	 234.0
3.0	 48.8077178947	 20.9157894737	 108.031882105	 240.084210526	156.8396	 261.0
3.5	 50.5273642105	 -18.8315789474	 107.568235789	 239.831578947	158.0956	 221.0
4.0	 -11.0345894737	 -14.5789473684	 107.104589474	 239.578947368	96.07	 225.0
4.5	 11.7110568421	 -19.3263157895	 106.640943158	 239.326315789	118.352	 220.0
5.0	 39.7387031579	 -29.0736842105	 106.177296842	 239.073684211	145.916	 210.0
5.5	 43.2279494737	 -32.8210526316	 105.713650526	 238.821052632	148.9416	 206.0
6.0	 20.8199957895	 -13.5684210526	 105.250004211	 238.568421053	126.07	 225.0
6.5	 40.0016421053	 -8.31578947368	 104.786357895	 238.315789474	144.788	 230.0
7.0	 5.28568842105	 -19.0631578947	 104.322711579	 238.063157895	109.6084	 219.0
7.5	 44.8521347368	 4.18947368421	 103.859065263	 237.810526316	148.7112	 242.0
8.0	 71.9053810526	 -9.55789473684	 103.395418947	 237.557894737	175.3008	 228.0
8.5	 71.2150273684	 -24.3052631579	 102.931772632	 237.305263158	174.1468	 213.0
9.0	 55.5762736842	 -8.05263157895	 102.468126316	 237.052631579	158.0444	 229.0
9.5	 70.83472	 -14.8	 102.00448	 236.8	172.8392	 222.0
10.0	 53.8367663158	 -20.5473684211	 101.540833684	 236.547368421	155.3776	 216.0
10.5	 40.4800126316	 -9.29473684211	 101.077187368	 236.294736842	141.5572	 227.0
11.0	 10.6872589474	 -8.04210526316	 100.613541053	 236.042105263	111.3008	 228.0
11.5	 -0.567094736842	 -12.7894736842	 100.149894737	 235.789473684	99.5828	 223.0
12.0	 15.2297515789	 -25.5368421053	 99.6862484211	 235.536842105	114.916	 210.0
12.5	 37.8473978947	 -10.2842105263	 99.2226021053	 235.284210526	137.07	 225.0
13.0	 80.0546442105	 -9.03157894737	 98.7589557895	 235.031578947	178.8136	 226.0
13.5	 79.1078905263	 -22.7789473684	 98.2953094737	 234.778947368	177.4032	 212.0
14.0	 112.905136842	 3.47368421053	 97.8316631579	 234.526315789	210.7368	 238.0
14.5	 120.753183158	 -17.2736842105	 97.3680168421	 234.273684211	218.1212	 217.0
15.0	 130.216829474	 -17.0210526316	 96.9043705263	 234.021052632	227.1212	 217.0
15.5	 224.860475789	 33.2315789474	 96.4407242105	 233.768421053	321.3012	 267.0
16.0	 249.041722105	 -0.515789473684	 95.9770778947	 233.515789474	345.0188	 233.0
16.5	 202.889768421	 -21.2631578947	 95.5134315789	 233.263157895	298.4032	 212.0
17.0	 254.148214737	 -28.0105263158	 95.0497852632	 233.010526316	349.198	 205.0
17.5	 223.560661053	 -19.7578947368	 94.5861389474	 232.757894737	318.1468	 213.0
18.0	 292.793907368	 16.4947368421	 94.1224926316	 232.505263158	386.9164	 249.0
18.5	 294.000753684	 -21.2526315789	 93.6588463158	 232.252631579	387.6596	 211.0
19.0	 311.362	 -5.0	 93.1952	 232.0	404.5572	 227.0
19.5	 306.440846316	 -22.7473684211	 92.7315536842	 231.747368421	399.1724	 209.0
20.0	 245.545692632	 -5.49473684211	 92.2679073684	 231.494736842	337.8136	 226.0
20.5	 341.291338947	 -10.2421052632	 91.8042610526	 231.242105263	433.0956	 221.0
21.0	 379.216585263	 -3.98947368421	 91.3406147368	 230.989473684	470.5572	 227.0
21.5	 319.039431579	 18.2631578947	 90.8769684211	 230.736842105	409.9164	 249.0
22.0	 407.093077895	 43.5157894737	 90.4133221053	 230.484210526	497.5064	 274.0
22.5	 354.607924211	 35.7684210526	 89.9496757895	 230.231578947	444.5576	 266.0
23.0	 444.482370526	 89.0210526316	 89.4860294737	 229.978947368	533.9684	 319.0
23.5	 331.304416842	 33.2736842105	 89.0223831579	 229.726315789	420.3268	 263.0
24.0	 425.126863158	 16.5263157895	 88.5587368421	 229.473684211	513.6856	 246.0
24.5	 358.001309474	 69.7789473684	 88.0950905263	 229.221052632	446.0964	 299.0
25.0	 344.310555789	 16.0315789474	 87.6314442105	 228.968421053	431.942	 245.0
25.5	 425.287402105	 53.2842105263	 87.1677978947	 228.715789474	512.4552	 282.0
26.0	 381.186648421	 24.5368421053	 86.7041515789	 228.463157895	467.8908	 253.0
26.5	 332.829894737	 35.7894736842	 86.2405052632	 228.210526316	419.0704	 264.0
27.0	 313.395941053	 20.0421052632	 85.7768589474	 227.957894737	399.1728	 248.0
27.5	 275.987587368	 0.294736842105	 85.3132126316	 227.705263158	361.3008	 228.0
28.0	 183.169233684	 5.54736842105	 84.8495663158	 227.452631579	268.0188	 233.0
28.5	 315.70968	 -6.2	 84.38592	 227.2	400.0956	 221.0
29.0	 249.558126316	 12.0526315789	 83.9222736842	 226.947368421	333.4804	 239.0
29.5	 222.765372632	 13.3052631579	 83.4586273684	 226.694736842	306.224	 240.0
30.0	 149.049418947	 2.55789473684	 82.9949810526	 226.442105263	232.0444	 229.0
30.5	 251.308265263	 34.8105263158	 82.5313347368	 226.189473684	333.8396	 261.0
31.0	 230.310311579	 29.0631578947	 82.0676884211	 225.936842105	312.378	 255.0
31.5	 240.312757895	 62.3157894737	 81.6040421053	 225.684210526	321.9168	 288.0
32.0	 149.314404211	 17.5684210526	 81.1403957895	 225.431578947	230.4548	 243.0
32.5	 187.752450526	 21.8210526316	 80.6767494737	 225.178947368	268.4292	 247.0
33.0	 241.370096842	 37.0736842105	 80.2131031579	 224.926315789	321.5832	 262.0
33.5	 115.988143158	 91.3263157895	 79.7494568421	 224.673684211	195.7376	 316.0
34.0	 130.502589474	 44.5789473684	 79.2858105263	 224.421052632	209.7884	 269.0
34.5	 349.505035789	 77.8315789474	 78.8221642105	 224.168421053	428.3272	 302.0
35.0	 145.019482105	 31.0842105263	 78.3585178947	 223.915789474	223.378	 255.0
35.5	 202.765528421	 65.3368421053	 77.8948715789	 223.663157895	280.6604	 289.0
36.0	 202.152774737	 116.589473684	 77.4312252632	 223.410526316	279.584	 340.0
36.5	 130.640821053	 -4.15789473684	 76.9675789474	 223.157894737	207.6084	 219.0
37.0	 32.8992673684	 -10.9052631579	 76.5039326316	 222.905263158	109.4032	 212.0
37.5	 11.4397136842	 -22.6526315789	 76.0402863158	 222.652631579	87.48	 200.0
38.0	 18.74936	 -37.4	 75.57664	 222.4	94.326	 185.0
38.5	 5.08500631579	 -17.1473684211	 75.1129936842	 222.147368421	80.198	 205.0
39.0	 15.8562526316	 -25.8947368421	 74.6493473684	 221.894736842	90.5056	 196.0
39.5	 39.1918989474	 -5.64210526316	 74.1857010526	 221.642105263	113.3776	 216.0
40.0	 -11.0624547368	 -10.3894736842	 73.7220547368	 221.389473684	62.6596	 211.0
40.5	 -11.0092084211	 -24.1368421053	 73.2584084211	 221.136842105	62.2492	 197.0
41.0	 29.5060378947	 7.11578947368	 72.7947621053	 220.884210526	102.3008	 228.0
41.5	 7.37968421053	 -17.6315789474	 72.3311157895	 220.631578947	79.7108	 203.0
42.0	 -9.72066947368	 -7.37894736842	 71.8674694737	 220.378947368	62.1468	 213.0
42.5	 14.0249768421	 -12.1263157895	 71.4038231579	 220.126315789	85.4288	 208.0
43.0	 4.51422315789	 -15.8736842105	 70.9401768421	 219.873684211	75.4544	 204.0
43.5	 -6.25293052632	 -18.6210526316	 70.4765305263	 219.621052632	64.2236	 201.0
44.0	 -5.86608421053	 -6.36842105263	 70.0128842105	 219.368421053	64.1468	 213.0
44.5	 11.8795621053	 -11.1157894737	 69.5492378947	 219.115789474	81.4288	 208.0
45.0	 5.47160842105	 8.13684210526	 69.0855915789	 218.863157895	74.5572	 227.0
45.5	 2.47365473684	 2.38947368421	 68.6219452632	 218.610526316	71.0956	 221.0
46.0	 3.19370105263	 1.64210526316	 68.1582989474	 218.357894737	71.352	 220.0
46.5	 -0.804252631579	 -4.10526315789	 67.6946526316	 218.105263158	66.8904	 214.0
47.0	 -17.2894063158	 -11.8526315789	 67.2310063158	 217.852631579	49.9416	 206.0
Actin association begins: 12.0
Actin association ends: 39.5
Length of actin association: 27.5
Cofilin association begins: 29.0
Cofilin association ends: 36.0
Length of cofilin association: 7.0
Delay between actin and cofilin association: 17.0
Maximum normalized actin intensity: 444.482370526
Maximum normalized cofilin intensity: 91.3263157895