Time	 Int488	 Int561	 Back488	 Back561	 Raw488	 Raw561
0.0	 11.3742334172	 -9.58530367229	 47.48016	 215.6	57.6852	 207.0
0.5	 0.306236857023	 -2.58923229788	 46.8720421978	 215.323076923	47.1468	 213.0
1.0	 -22.6506570533	 -10.0825734514	 46.2639243956	 215.046153846	25.9416	 206.0
1.5	 27.6116859064	 35.9234547289	 45.6558065934	 214.769230769	70.4292	 247.0
2.0	 -9.86359935686	 -10.5798432304	 45.0476887912	 214.492307692	36.198	 205.0
2.5	 19.4787068811	 -4.69834205046	 44.439570989	 214.215384615	61.916	 210.0
3.0	 -21.1967323245	 13.4434312685	 43.8314531868	 213.938461538	24.8136	 226.0
3.5	 41.9255215389	 9.29380069836	 43.2233353846	 213.661538462	80.8392	 222.0
4.0	 36.8873497307	 -11.5743827885	 42.6152175824	 213.384615385	75.7108	 203.0
4.5	 73.8314705229	 -17.9531537476	 42.0070997802	 213.107692308	108.2492	 197.0
5.0	 143.298303761	 -12.0716525676	 41.398981978	 212.830769231	169.9672	 202.0
5.5	 71.4719651049	 -2.84644080429	 40.7908641758	 212.553846154	104.916	 210.0
6.0	 123.477050021	 -11.4543521522	 40.1827463736	 212.276923077	150.9672	 202.0
6.5	 168.96635758	 -3.34371058336	 39.5746285714	 212.0	191.1724	 209.0
7.0	 176.674410515	 -13.0661921257	 38.9665107692	 211.723076923	197.48	 200.0
7.5	 182.410565863	 -19.4449630848	 38.358392967	 211.446153846	202.0184	 194.0
8.0	 249.93403451	 -14.6780320993	 37.7502751648	 211.169230769	261.9928	 198.0
8.5	 248.8971697	 -7.68196072484	 37.1421573626	 210.892307692	260.4544	 204.0
9.0	 381.408551417	 -12.9461614894	 36.5340395604	 210.615384615	378.7364	 199.0
9.5	 365.768142091	 11.8830329962	 35.9259217582	 210.338461538	364.0956	 221.0
10.0	 407.71356226	 7.73340242612	 35.317803956	 210.061538462	401.1212	 217.0
10.5	 476.694442894	 2.46920166156	 34.7096861538	 209.784615385	462.4032	 212.0
11.0	 435.418473267	 -16.1698414364	 34.1015683516	 209.507692308	424.762	 195.0
11.5	 380.053444727	 -10.2883402565	 33.4934505495	 209.230769231	374.48	 200.0
12.0	 371.500364353	 -4.40683907653	 32.8853327473	 208.953846154	366.198	 205.0
12.5	 472.032498051	 23.7660659925	 32.2772149451	 208.676923077	455.788	 230.0
13.0	 600.0	 31.8767075613	 31.6690971429	 208.4	569.9932	 237.0
13.5	 424.947074042	 17.6959452412	 31.0609793407	 208.123076923	412.3264	 224.0
14.0	 496.414337866	 15.7754550599	 30.4528615385	 207.846153846	475.8392	 222.0
14.5	 490.319107685	 29.4589476011	 29.8447437363	 207.569230769	469.7624	 234.0
15.0	 579.333718822	 28.6530276143	 29.2366259341	 207.292307692	549.0188	 233.0
15.5	 454.493517608	 5.5557037385	 28.6285081319	 207.015384615	436.4032	 212.0
16.0	 474.348156523	 57.134582891	 28.0203903297	 206.738461538	453.6088	 258.0
16.5	 521.380029231	 -1.62898720728	 27.4122725275	 206.461538462	495.198	 205.0
17.0	 443.580485989	 -16.9243197219	 26.8041547253	 206.184615385	424.7876	 191.0
17.5	 459.7481267	 1.21745359702	 26.1960369231	 205.907692308	438.6852	 207.0
18.0	 413.871211311	 4.86981438807	 25.5879191209	 205.630769231	396.916	 210.0
18.5	 462.246809846	 -2.6235267654	 24.9798013187	 205.353846154	439.7108	 203.0
19.0	 353.525522785	 24.4348081092	 24.3716835165	 205.076923077	341.5572	 227.0
19.5	 444.854873301	 10.254045789	 23.7635657143	 204.8	422.8904	 214.0
20.0	 419.240398219	 26.166678719	 23.1554479121	 204.523076923	399.3008	 228.0
20.5	 370.334081041	 24.2461885378	 22.5473301099	 204.246153846	354.8136	 226.0
21.0	 361.209449072	 32.3568301066	 21.9392123077	 203.969230769	346.0188	 233.0
21.5	 365.916633216	 12.6032168142	 21.3310945055	 203.692307692	349.634	 215.0
22.0	 331.385150751	 -14.9523878394	 20.7229767033	 203.415384615	318.044	 190.0
22.5	 330.891750367	 37.7410615075	 20.1148589011	 203.138461538	316.9932	 237.0
23.0	 275.011790397	 -6.53309606287	 19.5067410989	 202.861538462	266.2492	 197.0
23.5	 275.489403567	 -18.4847179942	 18.8986232967	 202.584615385	266.0696	 186.0
24.0	 181.20046304	 17.490178436	 18.2905054945	 202.307692308	180.8648	 218.0
24.5	 255.754194646	 12.2259776715	 17.6823876923	 202.030769231	247.1468	 213.0
25.0	 154.320413344	 32.5968913793	 17.0742698901	 201.753846154	155.5316	 231.0
25.5	 174.945889005	 7.27042711458	 16.4661520879	 201.476923077	173.4288	 208.0
26.0	 185.140325131	 0.891656155562	 15.8580342857	 201.2	181.9672	 202.0
26.5	 153.438959303	 53.5851055025	 15.2499164835	 200.923076923	152.9164	 249.0
27.0	 207.844382589	 18.2275094877	 14.6417986813	 200.646153846	201.1212	 217.0
27.5	 103.952751095	 30.7964318344	 14.0336808791	 200.369230769	107.3008	 228.0
28.0	 164.702753756	 5.4699675697	 13.4255630769	 200.092307692	161.198	 205.0
28.5	 147.262090652	 50.3614255555	 12.8174452747	 199.815384615	144.942	 245.0
29.0	 129.02072032	 46.2117949854	 12.2093274725	 199.538461538	127.9676	 241.0
29.5	 110.036154583	 27.5727518874	 11.6012096703	 199.261538462	110.3264	 224.0
30.0	 81.2776998966	 12.2774193727	 10.9930918681	 198.984615385	83.916	 210.0
30.5	 61.9502923674	 3.66950802481	 10.3849740659	 198.707692308	65.9672	 202.0
31.0	 93.8645807861	 -0.480122545303	 9.77685626374	 198.430769231	93.9928	 198.0
31.5	 64.391909519	 8.74508921801	 9.16873846154	 198.153846154	66.9416	 206.0
32.0	 62.6978941223	 31.3451433148	 8.56062065934	 197.876923077	64.8136	 226.0
32.5	 96.0695945272	 17.1643809946	 7.95250285714	 197.6	94.1468	 213.0
33.0	 86.4304769563	 18.5876013967	 7.34438505495	 197.323076923	84.8904	 214.0
33.5	 75.9340319919	 23.3545323822	 6.73626725275	 197.046153846	74.8648	 218.0
34.0	 64.8945684287	 25.8923229788	 6.12814945055	 196.769230769	64.352	 220.0
34.5	 42.3090493071	 3.90956929746	 5.52003164835	 196.492307692	43.48	 200.0
35.0	 22.4390690073	 36.5407551443	 4.91191384615	 196.215384615	25.0444	 229.0
35.5	 65.3559485576	 11.2142908796	 4.30379604396	 195.938461538	62.9416	 206.0
36.0	 68.8914965132	 0.377239142738	 3.69567824176	 195.661538462	65.5056	 196.0
36.5	 51.1360787863	 7.37331051715	 3.08756043956	 195.384615385	48.9672	 202.0
37.0	 25.9219573181	 47.8064877251	 2.47944263736	 195.107692308	25.7368	 238.0
37.5	 35.4873300257	 9.10518112699	 1.87132483516	 194.830769231	33.7108	 203.0
38.0	 5.72888296075	 19.4449630848	 1.26320703297	 194.553846154	6.4032	 212.0
38.5	 14.2942632899	 6.37877095902	 0.655089230769	 194.276923077	13.48	 200.0
39.0	 12.771445875	 2.22914038891	 0.0469714285714	 194.0	11.5056	 196.0
39.5	 -6.98440243688	 17.0272031245	 -0.561146373626	 193.723076923	-6.8276	 209.0
40.0	 14.2416036451	 28.4815552767	 -1.16926417582	 193.446153846	11.6084	 219.0
40.5	 -0.770633919204	 -1.30318976582	 -1.77738197802	 193.169230769	-2.4688	 192.0
41.0	 -9.55242409652	 -3.22367994703	 -2.38549978022	 192.892307692	-10.956	 190.0
41.5	 -15.0190366874	 -0.685889350432	 -2.99361758242	 192.615384615	-16.4688	 192.0
42.0	 13.0085225492	 -7.06466030945	 -3.60173538462	 192.338461538	8.0696	 186.0
42.5	 -6.204307164	 9.96254281503	 -4.20985318681	 192.061538462	-9.7764	 201.0
43.0	 -4.89789959729	 -0.874508921801	 -4.81797098901	 191.784615385	-9.2124	 191.0
43.5	 -8.19243779327	 10.5798432304	 -5.42608879121	 191.507692308	-12.7764	 201.0
44.0	 -9.0581046215	 -9.17377006203	 -6.03420659341	 191.230769231	-14.1612	 183.0
44.5	 11.9391916566	 -5.52140927098	 -6.6423243956	 190.953846154	4.0696	 186.0
45.0	 0.0424006998018	 0.360091908977	 -7.2504421978	 190.676923077	-7.2124	 191.0
Actin association begins: 3.5
Actin association ends: 39.0
Length of actin association: 35.5
Area under actin curve during patch life: 17156.3709739
Cofilin intensity score: 230.45183176