Time	 Int488	 Int561	 Back488	 Back561	 Raw488	 Raw561
0.0	 -4.69598946328	 -0.112496034441	 62.80392	 282.2	54.4552	 282.0
0.5	 -16.6779936029	 -0.102134557584	 63.1060115789	 282.181578947	33.4552	 282.0
1.0	 17.564172825	 -15.8412179024	 63.4081031579	 282.163157895	94.6344	 254.0
1.5	 -10.6717083547	 19.0429142511	 63.7101947368	 282.144736842	44.7376	 316.0
2.0	 12.7823133624	 -2.88345098803	 64.0122863158	 282.126315789	86.7372	 277.0
2.5	 14.2998333557	 -2.87308951118	 64.3143778947	 282.107894737	89.7372	 277.0
3.0	 -16.3450379056	 -9.05000992856	 64.6164694737	 282.089473684	35.5576	 266.0
3.5	 18.7914719961	 -10.7270889683	 64.9185610526	 282.071052632	98.3268	 263.0
4.0	 11.8861888988	 -12.9666481803	 65.2206526316	 282.052631579	86.3524	 259.0
4.5	 8.05317250195	 10.1054003569	 65.5227442105	 282.034210526	79.84	 300.0
5.0	 -2.29921408277	 -2.8212821269	 65.8248357895	 282.015789474	61.7372	 277.0
5.5	 8.26141213505	 12.3760439995	 66.1269273684	 281.997368421	80.8144	 304.0
6.0	 -9.3165947418	 7.88656409869	 66.4290189474	 281.978947368	49.8656	 296.0
6.5	 -5.56355355213	 10.1468462644	 66.7311105263	 281.960526316	56.84	 300.0
7.0	 4.05930572259	 -3.90479656388	 67.0332021053	 281.942105263	74.25	 275.0
7.5	 12.0669469348	 -7.26931612025	 67.3352936842	 281.923684211	88.7884	 269.0
8.0	 -3.24628977668	 29.8647367221	 67.6373852632	 281.905263158	61.866	 335.0
8.5	 -23.233061743	 6.25093096636	 67.9394768421	 281.886842105	26.6348	 293.0
9.0	 -5.15837540072	 11.8860941653	 68.2415684211	 281.868421053	59.0708	 303.0
9.5	 31.607977048	 19.2086978808	 68.54366	 281.85	124.7376	 316.0
10.0	 31.0488202455	 36.0934645237	 68.8457515789	 281.831578947	124.0456	 346.0
10.5	 11.2067181795	 55.7906320277	 69.1478431579	 281.813157895	89.0716	 381.0
11.0	 28.3582620631	 51.8636322992	 69.4499347368	 281.794736842	119.8664	 374.0
11.5	 25.2893187322	 43.436791193	 69.7520263158	 281.776315789	114.7124	 359.0
12.0	 67.8102933268	 52.4468354251	 70.0541178947	 281.757894737	190.61	 375.0
12.5	 54.3282670639	 45.1449546633	 70.3562094737	 281.739473684	166.9432	 362.0
13.0	 78.5324123387	 37.8430739015	 70.6583010526	 281.721052632	210.2764	 349.0
13.5	 85.9629488942	 14.791748318	 70.9603926316	 281.702631579	223.7888	 308.0
14.0	 75.380170431	 37.8637968552	 71.2624842105	 281.684210526	205.2764	 349.0
14.5	 136.26094783	 34.4992772988	 71.5645757895	 281.665789474	313.8148	 343.0
15.0	 195.713700569	 12.5729120597	 71.8666673684	 281.647368421	419.8144	 304.0
15.5	 188.231537807	 12.5832735366	 72.1687589474	 281.628947368	406.8144	 304.0
16.0	 207.272790077	 42.9675643125	 72.4708505263	 281.610526316	440.9688	 358.0
16.5	 250.327220867	 34.5407232063	 72.7729421053	 281.592105263	517.8148	 343.0
17.0	 274.747808512	 37.3634855441	 73.0750336842	 281.573684211	561.5328	 348.0
17.5	 356.512574737	 44.6860892596	 73.3771252632	 281.555263158	707.1996	 361.0
18.0	 421.850220029	 70.0080584857	 73.6792168421	 281.536842105	823.6616	 406.0
18.5	 452.515462545	 41.8944113523	 73.9813084211	 281.518421053	878.4816	 356.0
19.0	 459.412542906	 36.2799711072	 74.2834	 281.5	891.0456	 346.0
19.5	 525.716304141	 42.4776144782	 74.5854915789	 281.481578947	1009.2252	 357.0
20.0	 490.312175647	 54.8625397436	 74.8875831579	 281.463157895	946.5844	 379.0
20.5	 493.445363687	 88.0592313805	 75.1896747368	 281.444736842	952.4568	 438.0
21.0	 470.573743413	 31.8215756369	 75.4917663158	 281.426315789	912.0968	 338.0
21.5	 593.039349907	 73.4554698569	 75.7938578947	 281.407894737	1130.1232	 412.0
22.0	 598.407609159	 65.0286287507	 76.0959494737	 281.389473684	1139.9692	 397.0
22.5	 538.109458195	 12.1658540404	 76.3980410526	 281.371052632	1033.0708	 303.0
23.0	 600.0	 26.8006999945	 76.7001326316	 281.352631579	1143.4044	 329.0
23.5	 552.653967466	 37.4981847433	 77.0022242105	 281.334210526	1059.5328	 348.0
24.0	 480.659378809	 10.5094979543	 77.3043157895	 281.315789474	931.84	 300.0
24.5	 397.545457116	 29.0817051139	 77.6064073684	 281.297368421	784.3788	 333.0
25.0	 368.876691196	 43.7165510681	 77.9084989474	 281.278947368	733.7124	 359.0
25.5	 329.75096889	 0.415939285235	 78.2105905263	 281.260526316	664.4552	 282.0
26.0	 335.696782783	 55.5493576381	 78.5126821053	 281.242105263	675.328	 380.0
26.5	 377.914693061	 45.9975561875	 78.8147736842	 281.223684211	750.6868	 363.0
27.0	 384.264142726	 82.0066486854	 79.1168652632	 281.205263158	762.2772	 427.0
27.5	 377.70489743	 69.6424463737	 79.4189568421	 281.186842105	750.918	 405.0
28.0	 362.376811242	 65.152966473	 79.7210484211	 281.168421053	723.9692	 397.0
28.5	 300.089280405	 103.41197966	 80.02314	 281.15	613.534	 465.0
29.0	 266.026104642	 82.0480945928	 80.3252315789	 281.131578947	553.2772	 427.0
29.5	 267.385230218	 106.807583647	 80.6273231579	 281.113157895	555.9956	 471.0
30.0	 269.148216559	 134.379473561	 80.9294147368	 281.094736842	559.432	 520.0
30.5	 243.695487271	 129.889993661	 81.2315063158	 281.076315789	514.4832	 512.0
31.0	 195.743551095	 125.40051376	 81.5335978947	 281.057894737	429.5344	 504.0
31.5	 239.388811058	 68.6003778442	 81.8356894737	 281.039473684	507.4308	 403.0
32.0	 -1.60969509929	 16.3000833061	 82.1377810526	 281.021052632	79.276	 310.0
32.5	 -3.61150104748	 -5.06380176081	 82.4398726316	 281.002631579	76.0192	 272.0
33.0	 25.1217345739	 27.0079295317	 82.7419642105	 280.984210526	127.4044	 329.0
33.5	 6.92342456315	 9.5814056702	 83.0440557895	 280.965789474	95.3528	 298.0
34.0	 2.93156376571	 13.5291283525	 83.3461473684	 280.947368421	88.558	 305.0
34.5	 -25.6942286694	 -0.522514475758	 83.6482389474	 280.928947368	37.968	 280.0
35.0	 3.75988154065	 6.80008923975	 83.9503305263	 280.910526316	90.6348	 293.0
35.5	 -3.8665011375	 7.37293088881	 84.2524221053	 280.892105263	77.3784	 294.0
36.0	 30.707528592	 5.69585184905	 84.5545136842	 280.873684211	139.1476	 291.0
36.5	 -10.1774067002	 -4.41842977376	 84.8566052632	 280.855263158	66.7628	 273.0
37.0	 1.753196225	 -5.53302864131	 85.1586968421	 280.836842105	88.2756	 271.0
37.5	 -15.8680091291	 -3.27274647564	 85.4607884211	 280.818421053	57.25	 275.0
Actin association begins: 9.5
Actin association ends: 31.5
Length of actin association: 22.0
Area under actin curve during patch life: 13490.8944703
Cofilin association begins: 8.0
Cofilin association ends: 32.0
Length of cofilin association: 24.0
Delay between actin and cofilin association: -1.5
Area under cofilin curve during patch life: 2410.96172254
Cofilin intensity score: 249.39650363