Time	 Int488	 Int561	 Back488	 Back561	 Raw488	 Raw561
0.0	 -12.4852462784	 -3.66107624382	 89.6596	 211.0	79.4288	 208.0
0.5	 18.1819001545	 3.84457544242	 88.9915842336	 210.849635036	103.8904	 214.0
1.0	 65.4644750124	 -10.6162303343	 88.3235684672	 210.699270073	141.9672	 202.0
1.5	 -59.4484983251	 -5.55129614392	 87.6555527007	 210.548905109	38.9416	 206.0
2.0	 -3.56044172022	 17.8190192656	 86.9875369343	 210.398540146	84.07	 225.0
2.5	 24.2588755385	 -6.40465649467	 86.3195211679	 210.248175182	106.198	 205.0
3.0	 -15.6673383054	 -28.187614759	 85.6515054015	 210.097810219	72.8132	 187.0
3.5	 -40.7920649673	 20.8102343572	 84.983489635	 209.947445255	51.5572	 227.0
4.0	 13.8439035622	 1.46799358876	 84.3154738686	 209.797080292	95.6596	 211.0
4.5	 -0.360564879657	 12.6347215188	 83.6474581022	 209.646715328	83.352	 220.0
5.0	 -1.7044046922	 16.4792969612	 82.9794423358	 209.496350365	81.5828	 223.0
5.5	 16.3208013991	 -2.86294380721	 82.3114265693	 209.345985401	95.6852	 207.0
6.0	 6.65362678208	 14.4055778626	 81.6434108029	 209.195620438	87.0956	 221.0
6.5	 -5.26681822711	 2.38548958174	 80.9753950365	 209.045255474	76.6596	 211.0
7.0	 11.4130643804	 2.56898878034	 80.3073792701	 208.894890511	89.6596	 211.0
7.5	 10.4758481027	 -9.45109950047	 79.6393635036	 208.744525547	88.2236	 201.0
8.0	 23.2129956674	 -12.9286765457	 78.9713477372	 208.594160584	97.9928	 198.0
8.5	 -5.26039539885	 -12.7451773471	 78.3033319708	 208.44379562	73.9928	 198.0
9.0	 -12.5180937039	 9.40477931442	 77.6353162044	 208.293430657	67.3776	 216.0
9.5	 -31.5727559536	 15.6900722527	 76.967300438	 208.143065693	51.0956	 221.0
10.0	 -2.87722111379	 -2.43180976779	 76.2992846715	 207.99270073	73.9416	 206.0
10.5	 36.5828541698	 13.616353154	 75.6312689051	 207.842335766	105.6084	 219.0
11.0	 -37.3879517372	 19.9016460923	 74.9632531387	 207.691970803	44.3264	 224.0
11.5	 74.3232191465	 -3.10167091995	 74.2952373723	 207.541605839	135.198	 205.0
12.0	 16.5924593136	 -7.79960671312	 73.6272216058	 207.391240876	87.2236	 201.0
12.5	 57.7107580639	 -12.4975425063	 72.9592058394	 207.240875912	120.2492	 197.0
13.0	 6.67635075274	 -14.7547608036	 72.291190073	 207.090510949	77.762	 195.0
13.5	 45.1040025356	 19.5987833374	 71.6231743066	 206.940145985	108.5828	 223.0
14.0	 25.9863697745	 -11.9470449105	 70.9551585401	 206.789781022	92.2492	 197.0
14.5	 -6.39851515061	 -20.3060569475	 70.2871427737	 206.639416058	65.044	 190.0
15.0	 80.3426513197	 -3.03753527772	 69.6191270073	 206.489051095	135.4544	 204.0
15.5	 52.1196778685	 5.68847515646	 68.9511112409	 206.338686131	111.6596	 211.0
16.0	 94.7399941658	 4.65161560711	 68.2830954745	 206.188321168	145.916	 210.0
16.5	 98.8409069431	 15.8183435372	 67.615079708	 206.037956204	148.6084	 219.0
17.0	 113.768354389	 3.79825525636	 66.9470639416	 205.887591241	160.1724	 209.0
17.5	 118.651273052	 -11.8829092683	 66.2790481752	 205.737226277	163.5056	 196.0
18.0	 193.282575594	 -9.25869257379	 65.6110324088	 205.586861314	223.9928	 198.0
18.5	 99.0352650185	 18.9930578274	 64.9430166423	 205.43649635	146.0956	 221.0
19.0	 189.468748917	 31.3801445054	 64.2750008759	 205.286131387	219.5316	 231.0
19.5	 226.049265699	 -27.0135761971	 63.6069851095	 205.135766423	248.8388	 183.0
20.0	 182.024599036	 19.5435554232	 62.9389693431	 204.98540146	212.0956	 221.0
20.5	 303.122769408	 -40.0705240273	 62.2709535766	 204.835036496	310.6592	 172.0
21.0	 271.020031426	 2.82553134925	 61.6029378102	 204.684671533	283.6852	 207.0
21.5	 234.786623153	 23.7551292628	 60.9349220438	 204.534306569	253.3264	 224.0
22.0	 330.946030297	 -0.468546497385	 60.2669062774	 204.383941606	331.4544	 204.0
22.5	 268.083906	 33.8849976435	 59.5988905109	 204.233576642	279.2752	 232.0
23.0	 263.235195864	 13.3223981272	 58.9308747445	 204.083211679	274.634	 215.0
23.5	 321.469758269	 3.74302734222	 58.2628589781	 203.932846715	321.6852	 207.0
24.0	 367.782391994	 -2.17526719888	 57.5948432117	 203.782481752	358.9672	 202.0
24.5	 316.403843516	 1.66930824353	 56.9268274453	 203.632116788	316.198	 205.0
25.0	 374.92006472	 -4.24898629757	 56.2588116788	 203.481751825	363.48	 200.0
25.5	 438.756073779	 16.680611616	 55.5907959124	 203.331386861	415.1212	 217.0
26.0	 343.037498697	 -11.204140388	 54.922780146	 203.181021898	336.0184	 194.0
26.5	 347.10717029	 4.8440225338	 54.2547643796	 203.030656934	338.6852	 207.0
27.0	 415.699161461	 -2.29463075525	 53.5867486131	 202.880291971	394.2236	 201.0
27.5	 350.615007956	 -2.11113155666	 52.9187328467	 202.729927007	340.2236	 201.0
28.0	 425.590451666	 -5.58870860188	 52.2507170803	 202.579562044	400.9928	 198.0
28.5	 519.497076561	 -11.507003143	 51.5827013139	 202.42919708	477.2748	 193.0
29.0	 392.049662176	 8.20223602266	 50.9146855474	 202.278832117	372.1724	 209.0
29.5	 525.101490556	 -12.3603634937	 50.246669781	 202.128467153	480.5312	 192.0
30.0	 371.212807251	 -8.51578805132	 49.5786540146	 201.97810219	353.762	 195.0
30.5	 549.230462202	 0.210222382857	 48.9106382482	 201.827737226	498.9672	 202.0
31.0	 470.471944855	 -8.14878965413	 48.2426224818	 201.677372263	433.762	 195.0
31.5	 458.051152759	 10.3400907636	 47.5746067153	 201.527007299	422.916	 210.0
32.0	 458.021395246	 -0.459638769297	 46.9065909489	 201.376642336	422.2236	 201.0
32.5	 366.621425701	 11.9274479087	 46.2385751825	 201.226277372	346.6596	 211.0
33.0	 532.435493173	 20.6534583429	 45.5705594161	 201.075912409	481.8648	 218.0
33.5	 502.17842576	 13.5148050538	 44.9025436496	 200.925547445	456.4032	 212.0
34.0	 501.491627098	 10.0372280086	 44.2345278832	 200.775182482	455.1724	 209.0
34.5	 556.065113259	 0.45785722368	 43.5665121168	 200.624817518	499.2236	 201.0
35.0	 600.0	 32.3706838687	 42.8984963504	 200.474452555	534.5572	 227.0
35.5	 541.330540218	 31.3338243194	 42.2304805839	 200.324087591	485.8136	 226.0
36.0	 473.054416373	 5.88978981123	 41.5624648175	 200.173722628	429.198	 205.0
36.5	 453.843548203	 36.5822577083	 40.8944490511	 200.023357664	412.788	 230.0
37.0	 534.60788567	 34.3250394111	 40.2264332847	 199.872992701	478.3008	 228.0
37.5	 493.555524773	 45.4917673411	 39.5584175182	 199.722627737	443.9932	 237.0
38.0	 479.538503435	 27.3698853206	 38.8904017518	 199.572262774	431.8392	 222.0
38.5	 390.579251386	 39.7569719986	 38.2223859854	 199.42189781	358.2752	 232.0
39.0	 476.318747396	 22.855448726	 37.554370219	 199.271532847	427.8648	 218.0
39.5	 520.785222407	 19.3778716808	 36.8863544526	 199.121167883	463.634	 215.0
40.0	 340.86238186	 39.0871108464	 36.2183386861	 198.97080292	315.5316	 231.0
40.5	 362.048317109	 50.2538387765	 35.5503229197	 198.820437956	332.224	 240.0
41.0	 309.66809817	 19.9283692766	 34.8823071533	 198.670072993	288.634	 215.0
41.5	 325.690939628	 27.4340209628	 34.2142913869	 198.519708029	301.0956	 221.0
42.0	 372.316473336	 20.2953676738	 33.5462756204	 198.369343066	338.634	 215.0
42.5	 321.970348359	 5.83456189709	 32.878259854	 198.218978102	296.7108	 203.0
43.0	 340.152248513	 9.67913733951	 32.2102440876	 198.068613139	310.9416	 206.0
43.5	 289.493223553	 -3.56130968925	 31.5422283212	 197.918248175	268.762	 195.0
44.0	 302.418306365	 11.2664944846	 30.8742125547	 197.767883212	278.6852	 207.0
44.5	 274.16409173	 24.8739399106	 30.2061967883	 197.617518248	254.8648	 218.0
45.0	 316.221090429	 16.5149278736	 29.5381810219	 197.467153285	288.6596	 211.0
45.5	 162.332407124	 20.359503316	 28.8701652555	 197.316788321	161.8904	 214.0
46.0	 173.754984245	 -16.0677599236	 28.2021494891	 197.166423358	170.5824	 184.0
46.5	 162.492068529	 12.1839904776	 27.5341337226	 197.016058394	160.6852	 207.0
47.0	 216.596448788	 28.2321533994	 26.8661179562	 196.865693431	204.352	 220.0
47.5	 197.447574843	 1.56776014334	 26.1981021898	 196.715328467	187.9928	 198.0
48.0	 177.547936196	 -3.13017564983	 25.5300864234	 196.564963504	171.0184	 194.0
48.5	 220.262464189	 28.7826509952	 24.8620706569	 196.41459854	205.352	 220.0
49.0	 162.844604339	 22.8643564541	 24.1940548905	 196.264233577	157.634	 215.0
49.5	 131.304695811	 25.4885731486	 23.5260391241	 196.113868613	131.1212	 217.0
50.0	 97.8556580576	 -7.27761384721	 22.8580233577	 195.96350365	103.044	 190.0
50.5	 115.067617079	 5.10947283079	 22.1900075912	 195.813138686	116.48	 200.0
51.0	 207.409742059	 5.29297202939	 21.5219918248	 195.662773723	191.48	 200.0
51.5	 143.827606102	 9.13754747181	 20.8539760584	 195.512408759	138.7108	 203.0
52.0	 162.791512142	 -13.8657695405	 20.185960292	 195.362043796	153.5824	 184.0
52.5	 188.890123566	 -7.58047660217	 19.5179445255	 195.211678832	174.3004	 189.0
53.0	 140.985204228	 25.5527087908	 18.8499287591	 195.061313869	134.3776	 216.0
53.5	 101.52858443	 25.7362079894	 18.1819129927	 194.910948905	101.3776	 216.0
54.0	 141.019412754	 -10.6910552502	 17.5138972263	 194.760583942	133.0696	 186.0
54.5	 152.098336852	 6.57746641956	 16.8458814599	 194.610218978	141.48	 200.0
55.0	 124.876545718	 1.87953062639	 16.1778656934	 194.459854015	118.5056	 196.0
55.5	 136.956652133	 5.72410606881	 15.509849927	 194.309489051	127.7364	 199.0
56.0	 68.1489400166	 15.6704752509	 14.8418341606	 194.159124088	70.6852	 207.0
56.5	 83.107628646	 -1.23104802165	 14.1738183942	 194.008759124	82.2748	 193.0
57.0	 171.288330295	 29.4614198755	 13.5058026277	 193.858394161	153.8648	 218.0
57.5	 30.9797991374	 8.89882035907	 12.8377868613	 193.708029197	38.2236	 201.0
58.0	 69.0315804259	 6.64160206179	 12.1697710949	 193.557664234	68.7364	 199.0
58.5	 17.9659319307	 9.26581875626	 11.5017553285	 193.40729927	26.2236	 201.0
59.0	 72.4769357244	 9.44931795486	 10.833739562	 193.256934307	70.2236	 201.0
59.5	 57.1145909026	 10.8531759014	 10.1657237956	 193.106569343	56.9672	 202.0
60.0	 32.7088996149	 -4.82798862324	 9.4977080292	 192.95620438	36.3004	 189.0
60.5	 122.82948353	 8.7794568027	 8.82969226277	 192.805839416	109.48	 200.0
61.0	 74.8928348646	 -0.799913982227	 8.16167649635	 192.655474453	69.5312	 192.0
61.5	 60.9075428539	 23.7907601752	 7.49366072993	 192.505109489	57.4032	 212.0
62.0	 69.2011201456	 -0.432915585036	 6.8256449635	 192.354744526	63.5312	 192.0
62.5	 27.7733768982	 21.7170410765	 6.15762919708	 192.204379562	28.916	 210.0
63.0	 26.6482253733	 -8.60842842343	 5.48961343066	 192.054014599	27.326	 185.0
63.5	 31.0307969496	 6.21937575045	 4.82159766423	 191.903649635	30.2492	 197.0
64.0	 -21.0047926784	 17.3861036805	 4.15358189781	 191.753284672	-13.0584	 206.0
64.5	 9.53690087527	 -3.17649583588	 3.48556613139	 191.602919708	11.3004	 189.0
65.0	 -17.8098549949	 11.651308338	 2.81755036496	 191.452554745	-11.7764	 201.0
65.5	 21.4622850415	 9.39409004072	 2.14953459854	 191.302189781	19.7364	 199.0
66.0	 1.96926992961	 -11.1685094757	 1.48151883212	 191.151824818	3.0952	 182.0
66.5	 -15.614615957	 3.6592946982	 0.813503065693	 191.001459854	-11.9816	 194.0
67.0	 -4.41072712324	 1.40207640092	 0.14548729927	 190.851094891	-3.4688	 192.0
67.5	 -12.4196782735	 -2.07550064431	 -0.522528467153	 190.700729927	-10.6996	 189.0
68.0	 18.2474681594	 5.43015104193	 -1.19054423358	 190.550364964	13.762	 195.0
Actin association begins: 15.0
Actin association ends: 63.5
Length of actin association: 48.5
Area under actin curve during patch life: 25875.9427225
Cofilin intensity score: 256.885078306