Time	 Int488	 Int561	 Back488	 Back561	 Raw488	 Raw561
0.0	 1.32832	 11.2	 16.04968	 243.8	17.378	 255.0
0.5	 2.92869533333	 -18.8716666667	 16.1413046667	 243.871666667	19.07	 225.0
1.0	 -28.1881293333	 24.0566666667	 16.2329293333	 243.943333333	-11.9552	 268.0
1.5	 13.514646	 -22.015	 16.324554	 244.015	29.8392	 222.0
2.0	 9.50022133333	 4.91333333333	 16.4161786667	 244.086666667	25.9164	 249.0
2.5	 -14.0530033333	 -1.15833333333	 16.5078033333	 244.158333333	2.4548	 243.0
3.0	 -7.759828	 16.77	 16.599428	 244.23	8.8396	 261.0
3.5	 -19.1078526667	 17.6983333333	 16.6910526667	 244.301666667	-2.4168	 262.0
4.0	 -5.40467733333	 10.6266666667	 16.7826773333	 244.373333333	11.378	 255.0
4.5	 15.144498	 -11.445	 16.874302	 244.445	32.0188	 233.0
5.0	 -23.9471266667	 -11.5166666667	 16.9659266667	 244.516666667	-6.9812	 233.0
5.5	 6.83324866667	 8.41166666667	 17.0575513333	 244.588333333	23.8908	 253.0
6.0	 -12.207176	 0.34	 17.149176	 244.66	4.942	 245.0
6.5	 32.4447993333	 1.26833333333	 17.2408006667	 244.731666667	49.6856	 246.0
7.0	 -22.2112253333	 -27.8033333333	 17.3324253333	 244.803333333	-4.8788	 217.0
7.5	 -6.68685	 32.125	 17.42405	 244.875	10.7372	 277.0
8.0	 -1.75327466667	 -10.9466666667	 17.5156746667	 244.946666667	15.7624	 234.0
8.5	 3.00110066667	 -26.0183333333	 17.6072993333	 245.018333333	20.6084	 219.0
9.0	 5.653076	 -25.09	 17.698924	 245.09	23.352	 220.0
9.5	 -7.79734866667	 -8.16166666667	 17.7905486667	 245.161666667	9.9932	 237.0
10.0	 9.70062666667	 -22.2333333333	 17.8821733333	 245.233333333	27.5828	 223.0
10.5	 -15.339798	 -30.305	 17.973798	 245.305	2.634	 215.0
11.0	 0.568977333333	 8.62333333333	 18.0654226667	 245.376666667	18.6344	 254.0
11.5	 -12.0094473333	 45.5516666667	 18.1570473333	 245.448333333	6.1476	 291.0
12.0	 -12.947472	 21.48	 18.248672	 245.52	5.3012	 267.0
12.5	 -14.0386966667	 60.4083333333	 18.3402966667	 245.591666667	4.3016	 306.0
13.0	 27.1768786667	 12.3366666667	 18.4319213333	 245.663333333	45.6088	 258.0
13.5	 3.777654	 21.265	 18.523546	 245.735	22.3012	 267.0
14.0	 -11.3655706667	 -9.80666666667	 18.6151706667	 245.806666667	7.2496	 236.0
14.5	 -26.6875953333	 26.1216666667	 18.7067953333	 245.878333333	-7.9808	 272.0
15.0	 -19.65122	 6.05	 18.79842	 245.95	-0.8528	 252.0
15.5	 37.1035553333	 29.9783333333	 18.8900446667	 246.021666667	55.9936	 276.0
16.0	 -13.3988693333	 -23.0933333333	 18.9816693333	 246.093333333	5.5828	 223.0
16.5	 6.689106	 -12.165	 19.073294	 246.165	25.7624	 234.0
17.0	 21.9822813333	 5.76333333333	 19.1649186667	 246.236666667	41.1472	 252.0
17.5	 -5.49374333333	 26.6916666667	 19.2565433333	 246.308333333	13.7628	 273.0
18.0	 10.875832	 -6.38	 19.348168	 246.38	30.224	 240.0
18.5	 -3.83099266667	 11.5483333333	 19.4397926667	 246.451666667	15.6088	 258.0
19.0	 -9.07661733333	 -3.52333333333	 19.5314173333	 246.523333333	10.4548	 243.0
19.5	 -15.424642	 -2.595	 19.623042	 246.595	4.1984	 244.0
20.0	 9.45813333333	 1.33333333333	 19.7146666667	 246.666666667	29.1728	 248.0
20.5	 -5.53109133333	 -14.7383333333	 19.8062913333	 246.738333333	14.2752	 232.0
21.0	 3.146884	 21.19	 19.897916	 246.81	23.0448	 268.0
21.5	 3.23445933333	 -6.88166666667	 19.9895406667	 246.881666667	23.224	 240.0
22.0	 -3.88276533333	 -2.95333333333	 20.0811653333	 246.953333333	16.1984	 244.0
22.5	 3.82041	 -10.025	 20.17279	 247.025	23.9932	 237.0
23.0	 -6.60441466667	 2.90333333333	 20.2644146667	 247.096666667	13.66	 250.0
23.5	 18.0727606667	 -39.1683333333	 20.3560393333	 247.168333333	38.4288	 208.0
24.0	 17.366336	 17.76	 20.447664	 247.24	37.814	 265.0
24.5	 -10.8792886667	 2.68833333333	 20.5392886667	 247.311666667	9.66	 250.0
25.0	 -0.509313333333	 8.61666666667	 20.6309133333	 247.383333333	20.1216	 256.0
25.5	 15.655462	 7.545	 20.722538	 247.455	36.378	 255.0
26.0	 12.4102373333	 31.4733333333	 20.8141626667	 247.526666667	33.2244	 279.0
26.5	 -2.52778733333	 7.40166666667	 20.9057873333	 247.598333333	18.378	 255.0
27.0	 28.252188	 -11.67	 20.997412	 247.67	49.2496	 236.0
27.5	 24.5193633333	 -28.7416666667	 21.0890366667	 247.741666667	45.6084	 219.0
28.0	 11.4281386667	 10.1866666667	 21.1806613333	 247.813333333	32.6088	 258.0
28.5	 14.798114	 16.115	 21.272286	 247.885	36.0704	 264.0
29.0	 26.6804893333	 -18.9566666667	 21.3639106667	 247.956666667	48.0444	 229.0
29.5	 38.3836646667	 -26.0283333333	 21.4555353333	 248.028333333	59.8392	 222.0
30.0	 12.03604	 13.9	 21.54716	 248.1	33.5832	 262.0
30.5	 9.89281533333	 -17.1716666667	 21.6387846667	 248.171666667	31.5316	 231.0
31.0	 -8.50600933333	 30.7566666667	 21.7304093333	 248.243333333	13.2244	 279.0
31.5	 7.145566	 -7.315	 21.822034	 248.315	28.9676	 241.0
32.0	 37.5155413333	 -1.38666666667	 21.9136586667	 248.386666667	59.4292	 247.0
32.5	 51.8599166667	 8.54166666667	 22.0052833333	 248.458333333	73.8652	 257.0
33.0	 28.716692	 -22.53	 22.096908	 248.53	50.8136	 226.0
33.5	 53.6510673333	 12.3983333333	 22.1885326667	 248.601666667	75.8396	 261.0
34.0	 0.0462426666667	 -24.6733333333	 22.2801573333	 248.673333333	22.3264	 224.0
34.5	 17.929018	 -20.745	 22.371782	 248.745	40.3008	 228.0
35.0	 27.9405933333	 41.1833333333	 22.4634066667	 248.816666667	50.404	 290.0
35.5	 31.5409686667	 11.1116666667	 22.5550313333	 248.888333333	54.096	 260.0
36.0	 8.731344	 6.04	 22.646656	 248.96	31.378	 255.0
36.5	 47.4089193333	 2.96833333333	 22.7382806667	 249.031666667	70.1472	 252.0
37.0	 4.88129466667	 -7.10333333333	 22.8299053333	 249.103333333	27.7112	 242.0
37.5	 56.43087	 9.825	 22.92153	 249.175	79.3524	 259.0
38.0	 34.7240453333	 27.7533333333	 23.0131546667	 249.246666667	57.7372	 277.0
38.5	 34.5296206667	 4.68166666667	 23.1047793333	 249.318333333	57.6344	 254.0
39.0	 10.027996	 29.61	 23.196404	 249.39	33.2244	 279.0
39.5	 41.0899713333	 5.53833333333	 23.2880286667	 249.461666667	64.378	 255.0
40.0	 65.8703466667	 25.4666666667	 23.3796533333	 249.533333333	89.25	 275.0
40.5	 39.753122	 29.395	 23.471278	 249.605	63.2244	 279.0
41.0	 23.3534973333	 -0.676666666667	 23.5629026667	 249.676666667	46.9164	 249.0
41.5	 34.9550726667	 86.2516666667	 23.6545273333	 249.748333333	58.6096	 336.0
42.0	 22.580648	 13.18	 23.746152	 249.82	46.3268	 263.0
42.5	 38.0274233333	 7.10833333333	 23.8377766667	 249.891666667	61.8652	 257.0
43.0	 61.1413986667	 53.0366666667	 23.9294013333	 249.963333333	85.0708	 303.0
43.5	 61.306174	 51.965	 24.021026	 250.035	85.3272	 302.0
44.0	 14.9577493333	 13.8933333333	 24.1126506667	 250.106666667	39.0704	 264.0
44.5	 8.81492466667	 21.8216666667	 24.2042753333	 250.178333333	33.0192	 272.0
45.0	 67.1333	 -3.25	 24.2959	 250.25	91.4292	 247.0
45.5	 62.2984753333	 34.6783333333	 24.3875246667	 250.321666667	86.686	 285.0
46.0	 70.6428506667	 44.6066666667	 24.4791493333	 250.393333333	95.122	 295.0
46.5	 64.550826	 5.535	 24.570774	 250.465	89.1216	 256.0
47.0	 67.0492013333	 30.4633333333	 24.6623986667	 250.536666667	91.7116	 281.0
47.5	 53.3163766667	 13.3916666667	 24.7540233333	 250.608333333	78.0704	 264.0
48.0	 96.429952	 20.32	 24.845648	 250.68	121.2756	 271.0
48.5	 147.287127333	 28.2483333333	 24.9372726667	 250.751666667	172.2244	 279.0
49.0	 125.247102667	 59.1766666667	 25.0288973333	 250.823333333	150.276	 310.0
49.5	 32.488678	 46.105	 25.120522	 250.895	57.6092	 297.0
50.0	 70.2434533333	 70.0333333333	 25.2121466667	 250.966666667	95.4556	 321.0
50.5	 93.8946286667	 -7.03833333333	 25.3037713333	 251.038333333	119.1984	 244.0
51.0	 83.342204	 64.89	 25.395396	 251.11	108.7376	 316.0
51.5	 86.2757793333	 21.8183333333	 25.4870206667	 251.181666667	111.7628	 273.0
52.0	 100.107754667	 72.7466666667	 25.5786453333	 251.253333333	125.6864	 324.0
52.5	 80.55453	 66.675	 25.67027	 251.325	106.2248	 318.0
53.0	 101.565305333	 50.6033333333	 25.7618946667	 251.396666667	127.3272	 302.0
53.5	 129.832880667	 72.5316666667	 25.8535193333	 251.468333333	155.6864	 324.0
54.0	 95.716056	 115.46	 25.945144	 251.54	121.6612	 367.0
54.5	 85.4184313333	 30.3883333333	 26.0367686667	 251.611666667	111.4552	 282.0
55.0	 115.404406667	 96.3166666667	 26.1283933333	 251.683333333	141.5328	 348.0
55.5	 89.953582	 74.245	 26.220018	 251.755	116.1736	 326.0
56.0	 177.271957333	 49.1733333333	 26.3116426667	 251.826666667	203.5836	 301.0
56.5	 180.872732667	 58.1016666667	 26.4032673333	 251.898333333	207.276	 310.0
57.0	 122.730308	 105.03	 26.494892	 251.97	149.2252	 357.0
57.5	 104.331083333	 113.958333333	 26.5865166667	 252.041666667	130.9176	 366.0
58.0	 190.982658667	 75.8866666667	 26.6781413333	 252.113333333	217.6608	 328.0
58.5	 146.865434	 79.815	 26.769766	 252.185	173.6352	 332.0
59.0	 109.389409333	 100.743333333	 26.8613906667	 252.256666667	136.2508	 353.0
59.5	 112.861784667	 90.6716666667	 26.9530153333	 252.328333333	139.8148	 343.0
60.0	 139.77016	 90.6	 27.04464	 252.4	166.8148	 343.0
60.5	 117.345335333	 103.528333333	 27.1362646667	 252.471666667	144.4816	 356.0
61.0	 107.330510667	 91.4566666667	 27.2278893333	 252.543333333	134.5584	 344.0
61.5	 146.546486	 82.385	 27.319514	 252.615	173.866	 335.0
62.0	 164.044461333	 68.3133333333	 27.4111386667	 252.686666667	191.4556	 321.0
62.5	 118.261236667	 137.241666667	 27.5027633333	 252.758333333	145.764	 390.0
63.0	 82.246412	 125.17	 27.594388	 252.83	109.8408	 378.0
63.5	 99.9751873333	 114.098333333	 27.6860126667	 252.901666667	127.6612	 367.0
64.0	 122.344762667	 81.0266666667	 27.7776373333	 252.973333333	150.1224	 334.0
64.5	 118.920338	 132.955	 27.869262	 253.045	146.7896	 386.0
65.0	 159.033113333	 61.8833333333	 27.9608866667	 253.116666667	186.994	 315.0
65.5	 142.609088667	 152.811666667	 28.0525113333	 253.188333333	170.6616	 406.0
66.0	 160.619464	 97.74	 28.144136	 253.26	188.7636	 351.0
66.5	 146.373839333	 82.6683333333	 28.2357606667	 253.331666667	174.6096	 336.0
67.0	 111.257414667	 164.596666667	 28.3273853333	 253.403333333	139.5848	 418.0
67.5	 147.11459	 172.525	 28.41901	 253.475	175.5336	 426.0
68.0	 141.253765333	 175.453333333	 28.5106346667	 253.546666667	169.7644	 429.0
68.5	 98.2389406667	 163.381666667	 28.6022593333	 253.618333333	126.8412	 417.0
69.0	 145.481316	 228.31	 28.693884	 253.69	174.1752	 482.0
69.5	 122.209691333	 178.238333333	 28.7855086667	 253.761666667	150.9952	 432.0
70.0	 82.8352666667	 105.166666667	 28.8771333333	 253.833333333	111.7124	 359.0
70.5	 135.744042	 144.095	 28.968758	 253.905	164.7128	 398.0
71.0	 185.755217333	 167.023333333	 29.0603826667	 253.976666667	214.8156	 421.0
71.5	 219.202392667	 199.951666667	 29.1520073333	 254.048333333	248.3544	 454.0
72.0	 139.161968	 191.88	 29.243632	 254.12	168.4056	 446.0
72.5	 171.070743333	 230.808333333	 29.3352566667	 254.191666667	200.406	 485.0
73.0	 201.209518667	 194.736666667	 29.4268813333	 254.263333333	230.6364	 449.0
73.5	 110.810294	 203.665	 29.518506	 254.335	140.3288	 458.0
74.0	 189.129069333	 217.593333333	 29.6101306667	 254.406666667	218.7392	 472.0
74.5	 154.498644667	 184.521666667	 29.7017553333	 254.478333333	184.2004	 439.0
75.0	 138.15102	 224.45	 29.79338	 254.55	167.9444	 479.0
75.5	 163.444195333	 242.378333333	 29.8850046667	 254.621666667	193.3292	 497.0
76.0	 91.6345706667	 237.306666667	 29.9766293333	 254.693333333	121.6112	 492.0
76.5	 124.362946	 187.235	 30.068254	 254.765	154.4312	 442.0
77.0	 183.348521333	 214.163333333	 30.1598786667	 254.836666667	213.5084	 469.0
77.5	 128.026096667	 211.091666667	 30.2515033333	 254.908333333	158.2776	 466.0
78.0	 164.293272	 194.02	 30.343128	 254.98	194.6364	 449.0
78.5	 138.381247333	 204.948333333	 30.4347526667	 255.051666667	168.816	 460.0
79.0	 170.314822667	 161.876666667	 30.5263773333	 255.123333333	200.8412	 417.0
79.5	 149.915598	 170.805	 30.618002	 255.195	180.5336	 426.0
80.0	 229.387973333	 160.733333333	 30.7096266667	 255.266666667	260.0976	 416.0
80.5	 133.937548667	 177.661666667	 30.8012513333	 255.338333333	164.7388	 433.0
81.0	 144.538724	 225.59	 30.892876	 255.41	175.4316	 481.0
81.5	 139.446299333	 147.518333333	 30.9845006667	 255.481666667	170.4308	 403.0
82.0	 118.560674667	 232.446666667	 31.0761253333	 255.553333333	149.6368	 488.0
82.5	 213.16065	 163.375	 31.16775	 255.625	244.3284	 419.0
83.0	 115.326625333	 279.303333333	 31.2593746667	 255.696666667	146.586	 535.0
83.5	 152.696200667	 246.231666667	 31.3509993333	 255.768333333	184.0472	 502.0
84.0	 161.476576	 266.16	 31.442624	 255.84	192.9192	 522.0
84.5	 85.6925513333	 257.088333333	 31.5342486667	 255.911666667	117.2268	 513.0
85.0	 59.0881266667	 259.016666667	 31.6258733333	 255.983333333	90.714	 515.0
85.5	 69.073702	 285.945	 31.717498	 256.055	100.7912	 542.0
86.0	 132.852877333	 188.873333333	 31.8091226667	 256.126666667	164.662	 445.0
86.5	 75.8132526667	 258.801666667	 31.9007473333	 256.198333333	107.714	 515.0
87.0	 77.311228	 244.73	 31.992372	 256.27	109.3036	 501.0
87.5	 36.5276033333	 274.658333333	 32.0839966667	 256.341666667	68.6116	 531.0
88.0	 36.6659786667	 199.586666667	 32.1756213333	 256.413333333	68.8416	 456.0
88.5	 69.446754	 258.515	 32.267246	 256.485	101.714	 515.0
89.0	 70.3303293333	 340.443333333	 32.3588706667	 256.556666667	102.6892	 597.0
89.5	 58.7519046667	 377.371666667	 32.4504953333	 256.628333333	91.2024	 634.0
90.0	 43.42948	 374.3	 32.54212	 256.7	75.9716	 631.0
90.5	 22.6178553333	 174.228333333	 32.6337446667	 256.771666667	55.2516	 431.0
91.0	 -7.01376933333	 24.1566666667	 32.7253693333	 256.843333333	25.7116	 281.0
91.5	 -10.874994	 -11.915	 32.816994	 256.915	21.942	 245.0
92.0	 7.03378133333	 27.0133333333	 32.9086186667	 256.986666667	39.9424	 284.0
92.5	 21.5061566667	 16.9416666667	 33.0002433333	 257.058333333	54.5064	 274.0
93.0	 -21.969868	 37.87	 33.091868	 257.13	11.122	 295.0
93.5	 -7.83109266667	 1.79833333333	 33.1834926667	 257.201666667	25.3524	 259.0
94.0	 16.9488826667	 -17.2733333333	 33.2751173333	 257.273333333	50.224	 240.0
94.5	 12.242058	 0.655	 33.366742	 257.345	45.6088	 258.0
95.0	 -23.6443666667	 7.58333333333	 33.4583666667	 257.416666667	9.814	 265.0
95.5	 -5.04399133333	 -22.4883333333	 33.5499913333	 257.488333333	28.506	 235.0
96.0	 -51.930416	 -15.56	 33.641616	 257.56	-18.2888	 242.0
96.5	 -28.5348406667	 -13.6316666667	 33.7332406667	 257.631666667	5.1984	 244.0
97.0	 -28.0876653333	 19.2966666667	 33.8248653333	 257.703333333	5.7372	 277.0
97.5	 -28.02529	 34.225	 33.91649	 257.775	5.8912	 292.0
98.0	 -18.7585146667	 -21.8466666667	 34.0081146667	 257.846666667	15.2496	 236.0
98.5	 -34.8497393333	 17.0816666667	 34.0997393333	 257.918333333	-0.75	 275.0
99.0	 8.775836	 -55.99	 34.191364	 257.99	42.9672	 202.0
99.5	 10.4538113333	 -20.0616666667	 34.2829886667	 258.061666667	44.7368	 238.0
100.0	 -13.0994133333	 -26.1333333333	 34.3746133333	 258.133333333	21.2752	 232.0
100.5	 -28.396238	 -33.205	 34.466238	 258.205	6.07	 225.0
101.0	 -29.1542626667	 -7.27666666667	 34.5578626667	 258.276666667	5.4036	 251.0
101.5	 -15.4254873333	 -18.3483333333	 34.6494873333	 258.348333333	19.224	 240.0
102.0	 -0.440312	 -30.42	 34.741112	 258.42	34.3008	 228.0
102.5	 -28.1471366667	 -12.4916666667	 34.8327366667	 258.491666667	6.6856	 246.0
103.0	 -43.4695613333	 -15.5633333333	 34.9243613333	 258.563333333	-8.5452	 243.0
103.5	 -39.765986	 16.365	 35.015986	 258.635	-4.75	 275.0
104.0	 -0.191210666667	 -9.70666666667	 35.1076106667	 258.706666667	34.9164	 249.0
104.5	 -8.61643533333	 -35.7783333333	 35.1992353333	 258.778333333	26.5828	 223.0
105.0	 -20.83606	 -15.85	 35.29086	 258.85	14.4548	 243.0
105.5	 -24.6200846667	 -24.9216666667	 35.3824846667	 258.921666667	10.7624	 234.0
106.0	 -21.0193093333	 -15.9933333333	 35.4741093333	 258.993333333	14.4548	 243.0
106.5	 -38.316134	 -23.065	 35.565734	 259.065	-2.7504	 236.0
107.0	 -27.6641586667	 -22.1366666667	 35.6573586667	 259.136666667	7.9932	 237.0
107.5	 -24.5761833333	 -11.2083333333	 35.7489833333	 259.208333333	11.1728	 248.0
108.0	 -32.642608	 -54.28	 35.840608	 259.28	3.198	 205.0
108.5	 -21.1954326667	 -21.3516666667	 35.9322326667	 259.351666667	14.7368	 238.0
109.0	 -26.9538573333	 -34.4233333333	 36.0238573333	 259.423333333	9.07	 225.0
109.5	 -16.404282	 -17.495	 36.115482	 259.495	19.7112	 242.0
110.0	 -41.4191066667	 -29.5666666667	 36.2071066667	 259.566666667	-5.212	 230.0
110.5	 -23.0999313333	 23.3616666667	 36.2987313333	 259.638333333	13.1988	 283.0
111.0	 -31.089556	 -31.71	 36.390356	 259.71	5.3008	 228.0
111.5	 0.536819333333	 -26.7816666667	 36.4819806667	 259.781666667	37.0188	 233.0
112.0	 -42.4264053333	 -7.85333333333	 36.5736053333	 259.853333333	-5.8528	 252.0
112.5	 -33.03083	 -5.925	 36.66523	 259.925	3.6344	 254.0
113.0	 -33.7124546667	 -30.9966666667	 36.7568546667	 259.996666667	3.0444	 229.0
113.5	 21.9395206667	 -30.0683333333	 36.8484793333	 260.068333333	58.788	 230.0
114.0	 -19.511304	 -52.14	 36.940104	 260.14	17.4288	 208.0
114.5	 -24.5257286667	 -25.2116666667	 37.0317286667	 260.211666667	12.506	 235.0
115.0	 -30.6941533333	 -13.2833333333	 37.1233533333	 260.283333333	6.4292	 247.0
115.5	 -36.016578	 -16.355	 37.214978	 260.355	1.1984	 244.0
116.0	 -17.9542026667	 -1.42666666667	 37.3066026667	 260.426666667	19.3524	 259.0
116.5	 -2.84102733333	 -33.4983333333	 37.3982273333	 260.498333333	34.5572	 227.0
117.0	 -15.188652	 6.43	 37.489852	 260.57	22.3012	 267.0
117.5	 46.0529233333	 -6.64166666667	 37.5814766667	 260.641666667	83.6344	 254.0
118.0	 2.08969866667	 12.2866666667	 37.6731013333	 260.713333333	39.7628	 273.0
118.5	 20.049274	 4.215	 37.764726	 260.785	57.814	 265.0
119.0	 -25.4527506667	 -9.85666666667	 37.8563506667	 260.856666667	12.4036	 251.0
119.5	 -41.3647753333	 1.07166666667	 37.9479753333	 260.928333333	-3.4168	 262.0
Actin association begins: 31.5
Actin association ends: 90.5
Length of actin association: 59.0
Cofilin association begins: 51.0
Cofilin association ends: 91.0
Length of cofilin association: 40.0
Delay between actin and cofilin association: 19.5
Maximum normalized actin intensity: 229.387973333
Maximum normalized cofilin intensity: 377.371666667