Time	 Int488	 Int561	 Back488	 Back561	 Raw488	 Raw561
0.0	 -8.846	 15.0	 67.1724	 209.0	58.3264	 224.0
0.5	 -12.1605905155	 2.21855670103	 66.8201905155	 208.781443299	54.6596	 211.0
1.0	 11.9352189691	 3.43711340206	 66.4679810309	 208.562886598	78.4032	 212.0
1.5	 6.85142845361	 -6.34432989691	 66.1157715464	 208.344329897	72.9672	 202.0
2.0	 5.74203793814	 -12.1257731959	 65.7635620619	 208.125773196	71.5056	 196.0
2.5	 10.8378474227	 -10.9072164948	 65.4113525773	 207.907216495	76.2492	 197.0
3.0	 11.6260569072	 -0.688659793814	 65.0591430928	 207.688659794	76.6852	 207.0
3.5	 4.51666639175	 -6.47010309278	 64.7069336082	 207.470103093	69.2236	 201.0
4.0	 5.99687587629	 -26.2515463918	 64.3547241237	 207.251546392	70.3516	 181.0
4.5	 -12.7277146392	 -14.0329896907	 64.0025146392	 207.032989691	51.2748	 193.0
5.0	 -15.4267051546	 -5.81443298969	 63.6503051546	 206.81443299	48.2236	 201.0
5.5	 -15.6640956701	 8.40412371134	 63.2980956701	 206.595876289	47.634	 215.0
6.0	 11.9957138144	 -0.377319587629	 62.9458861856	 206.377319588	74.9416	 206.0
6.5	 -11.934076701	 4.8412371134	 62.593676701	 206.158762887	50.6596	 211.0
7.0	 -13.0178672165	 -4.94020618557	 62.2414672165	 205.940206186	49.2236	 201.0
7.5	 -12.434857732	 -1.72164948454	 61.889257732	 205.721649485	49.4544	 204.0
8.0	 -19.3646482474	 3.49690721649	 61.5370482474	 205.503092784	42.1724	 209.0
8.5	 2.75676123711	 0.715463917526	 61.1848387629	 205.284536082	63.9416	 206.0
9.0	 2.59617072165	 2.93402061856	 60.8326292784	 205.065979381	63.4288	 208.0
9.5	 10.7943802062	 -11.8474226804	 60.4804197938	 204.84742268	71.2748	 193.0
10.0	 36.5313896907	 6.37113402062	 60.1282103093	 204.628865979	96.6596	 211.0
10.5	 44.1655991753	 1.58969072165	 59.7760008247	 204.410309278	103.9416	 206.0
11.0	 28.2102086598	 10.8082474227	 59.4237913402	 204.191752577	87.634	 215.0
11.5	 109.639218144	 -0.973195876289	 59.0715818557	 203.973195876	168.7108	 203.0
12.0	 86.8118276289	 -11.7546391753	 58.7193723711	 203.754639175	145.5312	 192.0
12.5	 142.061637113	 4.46391752577	 58.3671628866	 203.536082474	200.4288	 208.0
13.0	 163.157446598	 5.6824742268	 58.0149534021	 203.317525773	221.1724	 209.0
13.5	 109.304456082	 -1.09896907216	 57.6627439175	 203.098969072	166.9672	 202.0
14.0	 205.143865567	 1.11958762887	 57.310534433	 202.880412371	262.4544	 204.0
14.5	 236.111675052	 22.3381443299	 56.9583249485	 202.66185567	293.07	 225.0
15.0	 217.848284536	 1.55670103093	 56.6061154639	 202.443298969	274.4544	 204.0
15.5	 279.456894021	 0.775257731959	 56.2539059794	 202.224742268	335.7108	 203.0
16.0	 212.809103505	 0.99381443299	 55.9016964948	 202.006185567	268.7108	 203.0
16.5	 285.64851299	 3.21237113402	 55.5494870103	 201.787628866	341.198	 205.0
17.0	 275.744322474	 4.43092783505	 55.1972775258	 201.569072165	330.9416	 206.0
17.5	 269.609331959	 2.64948453608	 54.8450680412	 201.350515464	324.4544	 204.0
18.0	 268.910341443	 10.8680412371	 54.4928585567	 201.131958763	323.4032	 212.0
18.5	 210.724150928	 17.0865979381	 54.1406490722	 200.913402062	264.8648	 218.0
19.0	 271.922360412	 2.30515463918	 53.7884395876	 200.694845361	325.7108	 203.0
19.5	 286.992569897	 7.52371134021	 53.4362301031	 200.47628866	340.4288	 208.0
20.0	 236.498379381	 -16.2577319588	 53.0840206186	 200.257731959	289.5824	 184.0
20.5	 230.132988866	 17.9608247423	 52.731811134	 200.039175258	282.8648	 218.0
21.0	 235.818398351	 5.1793814433	 52.3796016495	 199.820618557	288.198	 205.0
21.5	 244.145007835	 9.39793814433	 52.0273921649	 199.602061856	296.1724	 209.0
22.0	 183.42041732	 21.6164948454	 51.6751826804	 199.383505155	235.0956	 221.0
22.5	 173.105826804	 8.83505154639	 51.3229731959	 199.164948454	224.4288	 208.0
23.0	 143.483636289	 5.05360824742	 50.9707637113	 198.946391753	194.4544	 204.0
23.5	 123.066645773	 8.27216494845	 50.6185542268	 198.727835052	173.6852	 207.0
24.0	 143.931655258	 6.49072164948	 50.2663447423	 198.509278351	194.198	 205.0
24.5	 134.976264742	 15.7092783505	 49.9141352577	 198.290721649	184.8904	 214.0
25.0	 127.687274227	 -1.07216494845	 49.5619257732	 198.072164948	177.2492	 197.0
25.5	 113.065083711	 -4.85360824742	 49.2097162887	 197.853608247	162.2748	 193.0
26.0	 153.289293196	 15.3649484536	 48.8575068041	 197.635051546	202.1468	 213.0
26.5	 82.8467026804	 22.5835051546	 48.5052973196	 197.416494845	131.352	 220.0
27.0	 82.8141121649	 4.80206185567	 48.1530878351	 197.197938144	130.9672	 202.0
27.5	 52.2175216495	 -2.9793814433	 47.8008783505	 196.979381443	100.0184	 194.0
28.0	 82.698131134	 16.2391752577	 47.448668866	 196.760824742	130.1468	 213.0
28.5	 47.0503406186	 16.4577319588	 47.0964593814	 196.542268041	94.1468	 213.0
29.0	 44.1461501031	 17.6762886598	 46.7442498969	 196.32371134	90.8904	 214.0
29.5	 52.7547595876	 16.8948453608	 46.3920404124	 196.105154639	99.1468	 213.0
30.0	 71.9273690722	 6.11340206186	 46.0398309278	 195.886597938	117.9672	 202.0
30.5	 28.7667785567	 8.33195876289	 45.6876214433	 195.668041237	74.4544	 204.0
31.0	 42.6317880412	 6.55051546392	 45.3354119588	 195.449484536	87.9672	 202.0
31.5	 22.0351975258	 -1.23092783505	 44.9832024742	 195.230927835	67.0184	 194.0
32.0	 173.33660701	 45.987628866	 44.6309929897	 195.012371134	217.9676	 241.0
32.5	 85.1500164948	 13.206185567	 44.2787835052	 194.793814433	129.4288	 208.0
33.0	 83.0406259794	 7.42474226804	 43.9265740206	 194.575257732	126.9672	 202.0
33.5	 2.26443546392	 -11.3567010309	 43.5743645361	 194.356701031	45.8388	 183.0
34.0	 -22.5113550515	 8.8618556701	 43.2221550515	 194.13814433	20.7108	 203.0
34.5	 18.122854433	 4.08041237113	 42.869945567	 193.919587629	60.9928	 198.0
35.0	 41.9878639175	 2.29896907216	 42.5177360825	 193.701030928	84.5056	 196.0
35.5	 -1.83952659794	 -8.4824742268	 42.1655265979	 193.482474227	40.326	 185.0
36.0	 -13.0257171134	 -2.26391752577	 41.8133171134	 193.263917526	28.7876	 191.0
36.5	 -23.2631076289	 11.9546391753	 41.4611076289	 193.045360825	18.198	 205.0
37.0	 -2.80849814433	 -3.82680412371	 41.1088981443	 192.826804124	38.3004	 189.0
37.5	 -24.4818886598	 0.39175257732	 40.7566886598	 192.608247423	16.2748	 193.0
38.0	 -20.2320791753	 16.6103092784	 40.4044791753	 192.389690722	20.1724	 209.0
38.5	 -14.7518696907	 -3.17113402062	 40.0522696907	 192.171134021	25.3004	 189.0
39.0	 -9.22006020619	 8.04742268041	 39.7000602062	 191.95257732	30.48	 200.0
39.5	 -33.1754507216	 17.2659793814	 39.3478507216	 191.734020619	6.1724	 209.0
40.0	 -15.2848412371	 11.4845360825	 38.9956412371	 191.515463918	23.7108	 203.0
40.5	 -17.6762317526	 10.7030927835	 38.6434317526	 191.296907216	20.9672	 202.0
41.0	 -16.272822268	 2.92164948454	 38.291222268	 191.078350515	22.0184	 194.0
41.5	 -7.38221278351	 -2.85979381443	 37.9390127835	 190.859793814	30.5568	 188.0
42.0	 -19.106803299	 9.3587628866	 37.586803299	 190.641237113	18.48	 200.0
42.5	 4.52740618557	 4.57731958763	 37.2345938144	 190.422680412	41.762	 195.0
43.0	 -17.3767843299	 5.79587628866	 36.8823843299	 190.204123711	19.5056	 196.0
43.5	 -5.71697484536	 -2.98556701031	 36.5301748454	 189.98556701	30.8132	 187.0
44.0	 -22.9031653608	 3.23298969072	 36.1779653608	 189.767010309	13.2748	 193.0
44.5	 -3.29455587629	 2.45154639175	 35.8257558763	 189.548453608	32.5312	 192.0
45.0	 -22.4039463918	 -3.32989690722	 35.4735463918	 189.329896907	13.0696	 186.0
45.5	 -17.3593369072	 5.88865979381	 35.1213369072	 189.111340206	17.762	 195.0
46.0	 -14.6739274227	 -6.89278350515	 34.7691274227	 188.892783505	20.0952	 182.0
46.5	 -1.83451793814	 -4.67422680412	 34.4169179381	 188.674226804	32.5824	 184.0
47.0	 -11.5079084536	 -0.455670103093	 34.0647084536	 188.455670103	22.5568	 188.0
47.5	 0.0751010309278	 2.76288659794	 33.7124989691	 188.237113402	33.7876	 191.0
48.0	 22.6581105155	 5.98144329897	 33.3602894845	 188.018556701	56.0184	 194.0
Actin association begins: 8.5
Actin association ends: 33.5
Length of actin association: 25.0
Cofilin association begins: 14.0
Cofilin association ends: 19.5
Length of cofilin association: 5.5
Delay between actin and cofilin association: 5.5
Maximum normalized actin intensity: 286.992569897
Maximum normalized cofilin intensity: 22.3381443299