Time	 Int488	 Int561	 Back488	 Back561	 Raw488	 Raw561
0.0	 -2.35888	 9.2	 71.50608	 242.8	69.1472	 252.0
0.5	 4.70995240506	 -7.48860759494	 70.7960475949	 242.488607595	75.506	 235.0
1.0	 6.49678481013	 -19.1772151899	 70.0860151899	 242.17721519	76.5828	 223.0
1.5	 -4.81838278481	 24.1341772152	 69.3759827848	 241.865822785	64.5576	 266.0
2.0	 3.07084962025	 -3.55443037975	 68.6659503797	 241.55443038	71.7368	 238.0
2.5	 -38.2703179747	 4.75696202532	 67.9559179747	 241.243037975	29.6856	 246.0
3.0	 26.0037144304	 -4.93164556962	 67.2458855696	 240.93164557	93.2496	 236.0
3.5	 -4.69625316456	 20.3797468354	 66.5358531646	 240.620253165	61.8396	 261.0
4.0	 71.0649792405	 12.6911392405	 65.8258207595	 240.308860759	136.8908	 253.0
4.5	 66.4670116456	 -16.9974683544	 65.1157883544	 239.997468354	131.5828	 223.0
5.0	 83.4590440506	 -21.6860759494	 64.4057559494	 239.686075949	147.8648	 218.0
5.5	 136.913076456	 18.6253164557	 63.6957235443	 239.374683544	200.6088	 258.0
6.0	 183.545908861	 -8.06329113924	 62.9856911392	 239.063291139	246.5316	 231.0
6.5	 210.820341266	 21.2481012658	 62.2756587342	 238.751898734	273.096	 260.0
7.0	 217.965973671	 -7.44050632911	 61.5656263291	 238.440506329	279.5316	 231.0
7.5	 333.086006076	 -32.1291139241	 60.8555939241	 238.129113924	393.9416	 206.0
8.0	 317.078438481	 2.18227848101	 60.145561519	 237.817721519	377.224	 240.0
8.5	 298.250070886	 8.49367088608	 59.4355291139	 237.506329114	357.6856	 246.0
9.0	 312.678103291	 13.8050632911	 58.7254967089	 237.194936709	371.4036	 251.0
9.5	 347.542135696	 29.1164556962	 58.0154643038	 236.883544304	405.5576	 266.0
10.0	 424.174968101	 2.42784810127	 57.3054318987	 236.572151899	481.4804	 239.0
10.5	 452.987800506	 25.7392405063	 56.5953994937	 236.260759494	509.5832	 262.0
11.0	 466.133832911	 36.0506329114	 55.8853670886	 235.949367089	522.0192	 272.0
11.5	 463.561865316	 41.3620253165	 55.1753346835	 235.637974684	518.7372	 277.0
12.0	 442.349497722	 107.673417722	 54.4653022785	 235.326582278	496.8148	 343.0
12.5	 545.084730127	 64.9848101266	 53.7552698734	 235.015189873	598.84	 300.0
13.0	 513.051162532	 64.2962025316	 53.0452374684	 234.703797468	566.0964	 299.0
13.5	 591.786794937	 60.6075949367	 52.3352050633	 234.392405063	644.122	 295.0
14.0	 559.676427342	 71.9189873418	 51.6251726582	 234.081012658	611.3016	 306.0
14.5	 536.924859747	 66.2303797468	 50.9151402532	 233.769620253	587.84	 300.0
15.0	 514.840092152	 73.5417721519	 50.2051078481	 233.458227848	565.0452	 307.0
15.5	 535.191324557	 90.853164557	 49.495075443	 233.146835443	584.6864	 324.0
16.0	 572.209356962	 121.164556962	 48.785043038	 232.835443038	620.9944	 354.0
16.5	 500.226589367	 73.4759493671	 48.0750106329	 232.524050633	548.3016	 306.0
17.0	 525.859821772	 85.7873417722	 47.3649782278	 232.212658228	573.2248	 318.0
17.5	 566.134254177	 115.098734177	 46.6549458228	 231.901265823	612.7892	 347.0
18.0	 493.536286582	 85.4101265823	 45.9449134177	 231.589873418	539.4812	 317.0
18.5	 482.117918987	 66.7215189873	 45.2348810127	 231.278481013	527.3528	 298.0
19.0	 419.161551392	 93.0329113924	 44.5248486076	 230.967088608	463.6864	 324.0
19.5	 388.589183797	 59.3443037975	 43.8148162025	 230.655696203	432.404	 290.0
20.0	 291.684016203	 77.6556962025	 43.1047837975	 230.344303797	334.7888	 308.0
20.5	 358.214848608	 105.967088608	 42.3947513924	 230.032911392	400.6096	 336.0
21.0	 185.668481013	 107.278481013	 41.6847189873	 229.721518987	227.3532	 337.0
21.5	 200.122113418	 108.589873418	 40.9746865823	 229.410126582	241.0968	 338.0
22.0	 235.216545823	 87.9012658228	 40.2646541772	 229.098734177	275.4812	 317.0
22.5	 192.464978228	 82.2126582278	 39.5546217722	 228.787341772	232.0196	 311.0
23.0	 216.534610633	 143.524050633	 38.8445893671	 228.475949367	255.3792	 372.0
23.5	 195.706243038	 149.835443038	 38.134556962	 228.164556962	233.8408	 378.0
24.0	 206.544275443	 130.146835443	 37.424524557	 227.853164557	243.9688	 358.0
24.5	 186.382707848	 149.458227848	 36.7144921519	 227.541772152	223.0972	 377.0
25.0	 213.297140253	 78.7696202532	 36.0044597468	 227.230379747	249.3016	 306.0
25.5	 105.571572658	 108.081012658	 35.2944273418	 226.918987342	140.866	 335.0
26.0	 119.358805063	 135.392405063	 34.5843949367	 226.607594937	153.9432	 362.0
26.5	 20.3504374684	 91.7037974684	 33.8743625316	 226.296202532	54.2248	 318.0
27.0	 24.5996698734	 164.015189873	 33.1643301266	 225.984810127	57.764	 390.0
27.5	 18.2065022785	 102.326582278	 32.4542977215	 225.673417722	50.6608	 328.0
28.0	 -1.31386531646	 138.637974684	 31.7442653165	 225.362025316	30.4304	 364.0
28.5	 6.60056708861	 67.9493670886	 31.0342329114	 225.050632911	37.6348	 293.0
29.0	 28.2073994937	 6.26075949367	 30.3242005063	 224.739240506	58.5316	 231.0
29.5	 -26.5953681013	 8.57215189873	 29.6141681013	 224.427848101	3.0188	 233.0
30.0	 5.8066643038	 -21.1164556962	 28.9041356962	 224.116455696	34.7108	 203.0
30.5	 -17.5345032911	 -12.8050632911	 28.1941032911	 223.805063291	10.6596	 211.0
31.0	 -0.747670886076	 -24.4936708861	 27.4840708861	 223.493670886	26.7364	 199.0
31.5	 -21.037238481	 14.817721519	 26.774038481	 223.182278481	5.7368	 238.0
32.0	 -10.9684060759	 -1.87088607595	 26.0640060759	 222.870886076	15.0956	 221.0
32.5	 14.8696263291	 -21.5594936709	 25.3539736709	 222.559493671	40.2236	 201.0
33.0	 -13.1639412658	 -22.2481012658	 24.6439412658	 222.248101266	11.48	 200.0
33.5	 -37.5051088608	 -13.9367088608	 23.9339088608	 221.936708861	-13.5712	 208.0
34.0	 -9.3846764557	 0.374683544304	 23.2238764557	 221.625316456	13.8392	 222.0
34.5	 -24.1362440506	 -5.31392405063	 22.5138440506	 221.313924051	-1.6224	 216.0
35.0	 1.59938835443	 -9.00253164557	 21.8038116456	 221.002531646	23.4032	 212.0
35.5	 18.4378207595	 10.3088607595	 21.0937792405	 220.691139241	39.5316	 231.0
36.0	 5.04505316456	 -12.3797468354	 20.3837468354	 220.379746835	25.4288	 208.0
36.5	 11.7806855696	 -16.0683544304	 19.6737144304	 220.06835443	31.4544	 204.0
37.0	 1.87551797468	 2.24303797468	 18.9636820253	 219.756962025	20.8392	 222.0
37.5	 8.91875037975	 -10.4455696203	 18.2536496203	 219.44556962	27.1724	 209.0
38.0	 -17.1404172152	 -7.13417721519	 17.5436172152	 219.134177215	0.4032	 212.0
38.5	 -15.5839848101	 17.1772151899	 16.8335848101	 218.82278481	1.2496	 236.0
39.0	 11.2796475949	 -6.51139240506	 16.1235524051	 218.511392405	27.4032	 212.0
Actin association begins: 4.0
Actin association ends: 27.5
Length of actin association: 23.5
Cofilin association begins: 8.0
Cofilin association ends: 29.5
Length of cofilin association: 21.5
Delay between actin and cofilin association: 4.0
Maximum normalized actin intensity: 591.786794937
Maximum normalized cofilin intensity: 164.015189873