Time	 Int488	 Int561	 Back488	 Back561	 Raw488	 Raw561
0.0	 -34.66664	 2.6	 126.27544	 255.4	91.6088	 258.0
0.5	 1.28157568627	 -7.15490196078	 125.891224314	 255.154901961	127.1728	 248.0
1.0	 -14.4110086275	 5.09019607843	 125.507008627	 254.909803922	111.096	 260.0
1.5	 13.5628070588	 -8.66470588235	 125.122792941	 254.664705882	138.6856	 246.0
2.0	 38.0754227451	 10.5803921569	 124.738577255	 254.419607843	162.814	 265.0
2.5	 33.7928384314	 -2.17450980392	 124.354361569	 254.174509804	158.1472	 252.0
3.0	 -2.31014588235	 -3.92941176471	 123.970145882	 253.929411765	121.66	 250.0
3.5	 3.79246980392	 40.3156862745	 123.585930196	 253.684313725	127.3784	 294.0
4.0	 -17.4133145098	 15.5607843137	 123.20171451	 253.439215686	105.7884	 269.0
4.5	 17.7913011765	 4.80588235294	 122.817498824	 253.194117647	140.6088	 258.0
5.0	 31.8423168627	 18.0509803922	 122.433283137	 252.949019608	154.2756	 271.0
5.5	 42.251732549	 -24.7039215686	 122.049067451	 252.703921569	164.3008	 228.0
6.0	 57.2515482353	 -3.45882352941	 121.664851765	 252.458823529	178.9164	 249.0
6.5	 52.5845639216	 4.7862745098	 121.280636078	 252.21372549	173.8652	 257.0
7.0	 8.02037960784	 36.031372549	 120.896420392	 251.968627451	128.9168	 288.0
7.5	 36.8401952941	 7.27647058824	 120.512204706	 251.723529412	157.3524	 259.0
8.0	 83.0448109804	 -3.47843137255	 120.12798902	 251.478431373	203.1728	 248.0
8.5	 30.9418266667	 -5.23333333333	 119.743773333	 251.233333333	150.6856	 246.0
9.0	 62.0444423529	 39.0117647059	 119.359557647	 250.988235294	181.404	 290.0
9.5	 94.2230580392	 -6.7431372549	 118.975341961	 250.743137255	213.1984	 244.0
10.0	 131.735673725	 12.5019607843	 118.591126275	 250.498039216	250.3268	 263.0
10.5	 107.941089412	 79.7470588235	 118.206910588	 250.252941176	226.148	 330.0
11.0	 97.350505098	 36.9921568627	 117.822694902	 250.007843137	215.1732	 287.0
11.5	 145.631920784	 14.237254902	 117.438479216	 249.762745098	263.0704	 264.0
12.0	 63.8113364706	 46.4823529412	 117.054263529	 249.517647059	180.8656	 296.0
12.5	 121.349552157	 61.7274509804	 116.670047843	 249.27254902	238.0196	 311.0
13.0	 140.272167843	 55.9725490196	 116.285832157	 249.02745098	256.558	 305.0
13.5	 126.015183529	 39.2176470588	 115.901616471	 248.782352941	241.9168	 288.0
14.0	 129.963399216	 29.462745098	 115.517400784	 248.537254902	245.4808	 278.0
14.5	 141.399214902	 60.7078431373	 115.133185098	 248.292156863	256.5324	 309.0
15.0	 141.860230588	 48.9529411765	 114.748969412	 248.047058824	256.6092	 297.0
15.5	 137.064846275	 38.1980392157	 114.364753725	 247.801960784	251.4296	 286.0
16.0	 202.603061961	 53.4431372549	 113.980538039	 247.556862745	316.5836	 301.0
16.5	 181.987277647	 53.6882352941	 113.596322353	 247.311764706	295.5836	 301.0
17.0	 173.346293333	 96.9333333333	 113.212106667	 247.066666667	286.5584	 344.0
17.5	 213.08970902	 119.178431373	 112.82789098	 246.821568627	325.9176	 366.0
18.0	 261.319924706	 104.423529412	 112.443675294	 246.576470588	373.7636	 351.0
18.5	 236.934140392	 29.668627451	 112.059459608	 246.331372549	348.9936	 276.0
19.0	 236.908356078	 54.9137254902	 111.675243922	 246.08627451	348.5836	 301.0
19.5	 241.113371765	 83.1588235294	 111.291028235	 245.841176471	352.4044	 329.0
20.0	 339.523187451	 79.4039215686	 110.906812549	 245.596078431	450.43	 325.0
20.5	 347.830203137	 52.6490196078	 110.522596863	 245.350980392	458.3528	 298.0
21.0	 463.753218824	 85.8941176471	 110.138381176	 245.105882353	573.8916	 331.0
21.5	 357.98383451	 110.139215686	 109.75416549	 244.860784314	467.738	 355.0
22.0	 455.675650196	 101.384313725	 109.369949804	 244.615686275	565.0456	 346.0
22.5	 565.906265882	 125.629411765	 108.985734118	 244.370588235	674.892	 370.0
23.0	 653.880081569	 111.874509804	 108.601518431	 244.125490196	762.4816	 356.0
23.5	 482.495097255	 115.119607843	 108.217302745	 243.880392157	590.7124	 359.0
24.0	 495.648512941	 112.364705882	 107.833087059	 243.635294118	603.4816	 356.0
24.5	 388.724728627	 82.6098039216	 107.448871373	 243.390196078	496.1736	 326.0
25.0	 523.750144314	 99.8549019608	 107.064655686	 243.145098039	630.8148	 343.0
25.5	 487.98036	 85.1	 106.68044	 242.9	594.6608	 328.0
26.0	 680.928975686	 114.345098039	 106.296224314	 242.654901961	787.2252	 357.0
26.5	 603.133991373	 142.590196078	 105.912008627	 242.409803922	709.046	 385.0
27.0	 558.313807059	 213.835294118	 105.527792941	 242.164705882	663.8416	 456.0
27.5	 587.569222745	 156.080392157	 105.143577255	 241.919607843	692.7128	 398.0
28.0	 521.799838431	 180.325490196	 104.759361569	 241.674509804	626.5592	 422.0
28.5	 466.286054118	 125.570588235	 104.375145882	 241.429411765	570.6612	 367.0
29.0	 542.311469804	 142.815686275	 103.990930196	 241.184313725	646.3024	 384.0
29.5	 576.20848549	 141.060784314	 103.60671451	 240.939215686	679.8152	 382.0
30.0	 401.464701176	 161.305882353	 103.222498824	 240.694117647	504.6872	 402.0
30.5	 510.592116863	 123.550980392	 102.838283137	 240.449019608	613.4304	 364.0
31.0	 546.668732549	 132.796078431	 102.454067451	 240.203921569	649.1228	 373.0
31.5	 555.668548235	 154.041176471	 102.069851765	 239.958823529	657.7384	 394.0
32.0	 526.231963922	 126.28627451	 101.685636078	 239.71372549	627.9176	 366.0
32.5	 430.308179608	 96.531372549	 101.301420392	 239.468627451	531.6096	 336.0
33.0	 608.641595294	 143.776470588	 100.917204706	 239.223529412	709.5588	 383.0
33.5	 552.87261098	 207.021568627	 100.53298902	 238.978431373	653.4056	 446.0
34.0	 536.667226667	 221.266666667	 100.148773333	 238.733333333	636.816	 460.0
34.5	 486.563842353	 180.511764706	 99.7645576471	 238.488235294	586.3284	 419.0
35.0	 504.564458039	 279.756862745	 99.3803419608	 238.243137255	603.9448	 518.0
35.5	 444.385473725	 368.001960784	 98.9961262745	 237.998039216	543.3816	 606.0
36.0	 414.179289412	 304.247058824	 98.6119105882	 237.752941176	512.7912	 542.0
36.5	 357.845505098	 299.492156863	 98.227694902	 237.507843137	456.0732	 537.0
37.0	 502.024920784	 331.737254902	 97.8434792157	 237.262745098	599.8684	 569.0
37.5	 532.126336471	 258.982352941	 97.4592635294	 237.017647059	629.5856	 496.0
38.0	 376.048952157	 253.22745098	 97.0750478431	 236.77254902	473.124	 490.0
38.5	 297.792367843	 275.47254902	 96.6908321569	 236.52745098	394.4832	 512.0
39.0	 331.483383529	 188.717647059	 96.3066164706	 236.282352941	427.79	 425.0
39.5	 109.277599216	 163.962745098	 95.9224007843	 236.037254902	205.2	 400.0
40.0	 48.045414902	 65.2078431373	 95.538185098	 235.792156863	143.5836	 301.0
40.5	 26.9436305882	 180.452941176	 95.1539694118	 235.547058824	122.0976	 416.0
41.0	 6.50704627451	 152.698039216	 94.7697537255	 235.301960784	101.2768	 388.0
41.5	 8.07006196078	 85.9431372549	 94.3855380392	 235.056862745	102.4556	 321.0
42.0	 -18.6993223529	 110.188235294	 94.0013223529	 234.811764706	75.302	 345.0
42.5	 10.7616933333	 98.4333333333	 93.6171066667	 234.566666667	104.3788	 333.0
43.0	 -10.3680909804	 -16.3215686275	 93.2328909804	 234.321568627	82.8648	 218.0
43.5	 -43.6758752941	 13.9235294118	 92.8486752941	 234.076470588	49.1728	 248.0
44.0	 -44.8812596078	 28.168627451	 92.4644596078	 233.831372549	47.5832	 262.0
44.5	 -15.5226439216	 32.4137254902	 92.0802439216	 233.58627451	76.5576	 266.0
45.0	 -7.65122823529	 34.6588235294	 91.6960282353	 233.341176471	84.0448	 268.0
45.5	 -42.780212549	 -2.09607843137	 91.311812549	 233.096078431	48.5316	 231.0
46.0	 -8.57559686275	 -12.8509803922	 90.9275968627	 232.850980392	82.352	 220.0
46.5	 -34.2425811765	 -4.60588235294	 90.5433811765	 232.605882353	56.3008	 228.0
47.0	 -45.6275654902	 -1.36078431373	 90.1591654902	 232.360784314	44.5316	 231.0
47.5	 -54.4485498039	 -8.11568627451	 89.7749498039	 232.115686275	35.3264	 224.0
48.0	 -18.2179341176	 16.1294117647	 89.3907341176	 231.870588235	71.1728	 248.0
48.5	 -37.9617184314	 36.3745098039	 89.0065184314	 231.625490196	51.0448	 268.0
49.0	 -1.7063027451	 -21.3803921569	 88.6223027451	 231.380392157	86.916	 210.0
49.5	 19.2679129412	 3.86470588235	 88.2380870588	 231.135294118	107.506	 235.0
50.0	 10.5749286275	 -22.8901960784	 87.8538713725	 230.890196078	98.4288	 208.0
50.5	 4.06194431373	 0.354901960784	 87.4696556863	 230.645098039	91.5316	 231.0
Actin association begins: 4.5
Actin association ends: 41.5
Length of actin association: 37.0
Cofilin association begins: 10.0
Cofilin association ends: 42.5
Length of cofilin association: 32.5
Delay between actin and cofilin association: 5.5
Maximum normalized actin intensity: 680.928975686
Maximum normalized cofilin intensity: 368.001960784