Time	 Int488	 Int561	 Back488	 Back561	 Raw488	 Raw561
0.0	 -18.87176	 3.4	 62.68536	 222.6	43.8136	 226.0
0.5	 -29.1750297143	 -8.25428571429	 62.0654297143	 222.254285714	32.8904	 214.0
1.0	 16.9321005714	 -5.90857142857	 61.4454994286	 221.908571429	78.3776	 216.0
1.5	 28.4752308571	 6.43714285714	 60.8255691429	 221.562857143	89.3008	 228.0
2.0	 8.83876114286	 7.78285714286	 60.2056388571	 221.217142857	69.0444	 229.0
2.5	 -14.1825085714	 -8.87142857143	 59.5857085714	 220.871428571	45.4032	 212.0
3.0	 38.5402217143	 14.4742857143	 58.9657782857	 220.525714286	97.506	 235.0
3.5	 23.006152	 -0.18	 58.345848	 220.18	81.352	 220.0
4.0	 16.7028822857	 -11.8342857143	 57.7259177143	 219.834285714	74.4288	 208.0
4.5	 -2.72838742857	 -3.48857142857	 57.1059874286	 219.488571429	54.3776	 216.0
5.0	 7.68674285714	 28.8571428571	 56.4860571429	 219.142857143	64.1728	 248.0
5.5	 25.6650731429	 -26.7971428571	 55.8661268571	 218.797142857	81.5312	 192.0
6.0	 -27.9965965714	 17.5485714286	 55.2461965714	 218.451428571	27.2496	 236.0
6.5	 0.212933714286	 3.89428571429	 54.6262662857	 218.105714286	54.8392	 222.0
7.0	 66.704464	 -14.76	 54.006336	 217.76	120.7108	 203.0
7.5	 61.2987942857	 -10.4142857143	 53.3864057143	 217.414285714	114.6852	 207.0
8.0	 93.9187245714	 -10.0685714286	 52.7664754286	 217.068571429	146.6852	 207.0
8.5	 131.871854857	 -22.7228571429	 52.1465451429	 216.722857143	184.0184	 194.0
9.0	 108.363785143	 -2.37714285714	 51.5266148571	 216.377142857	159.8904	 214.0
9.5	 172.342515429	 -19.0314285714	 50.9066845714	 216.031428571	223.2492	 197.0
10.0	 142.116845714	 35.3142857143	 50.2867542857	 215.685714286	192.4036	 251.0
10.5	 166.633976	 12.66	 49.666824	 215.34	216.3008	 228.0
11.0	 213.740706286	 -23.9942857143	 49.0468937143	 214.994285714	262.7876	 191.0
11.5	 205.027836571	 28.3514285714	 48.4269634286	 214.648571429	253.4548	 243.0
12.0	 267.570566857	 1.69714285714	 47.8070331429	 214.302857143	315.3776	 216.0
12.5	 220.780497143	 27.0428571429	 47.1871028571	 213.957142857	267.9676	 241.0
13.0	 267.990027429	 13.3885714286	 46.5671725714	 213.611428571	314.5572	 227.0
13.5	 254.353557714	 14.7342857143	 45.9472422857	 213.265714286	300.3008	 228.0
14.0	 328.383888	 29.08	 45.327312	 212.92	373.7112	 242.0
14.5	 351.080618286	 17.4257142857	 44.7073817143	 212.574285714	395.788	 230.0
15.0	 362.931748571	 59.7714285714	 44.0874514286	 212.228571429	407.0192	 272.0
15.5	 418.243678857	 30.1171428571	 43.4675211429	 211.882857143	461.7112	 242.0
16.0	 361.735609143	 50.4628571429	 42.8475908571	 211.537142857	404.5832	 262.0
16.5	 443.585939429	 14.8085714286	 42.2276605714	 211.191428571	485.8136	 226.0
17.0	 317.359869714	 30.1542857143	 41.6077302857	 210.845714286	358.9676	 241.0
17.5	 380.9286	 38.5	 40.9878	 210.5	421.9164	 249.0
18.0	 499.804930286	 37.8457142857	 40.3678697143	 210.154285714	540.1728	 248.0
18.5	 513.501660571	 26.1914285714	 39.7479394286	 209.808571429	553.2496	 236.0
19.0	 358.429590857	 56.5371428571	 39.1280091429	 209.462857143	397.5576	 266.0
19.5	 461.997921143	 25.8828571429	 38.5080788571	 209.117142857	500.506	 235.0
20.0	 687.028251429	 40.2285714286	 37.8881485714	 208.771428571	724.9164	 249.0
20.5	 698.442981714	 33.5742857143	 37.2682182857	 208.425714286	735.7112	 242.0
21.0	 356.986112	 45.92	 36.648288	 208.08	393.6344	 254.0
21.5	 334.195642286	 32.2657142857	 36.0283577143	 207.734285714	370.224	 240.0
22.0	 564.815572571	 32.6114285714	 35.4084274286	 207.388571429	600.224	 240.0
22.5	 465.231102857	 103.957142857	 34.7884971429	 207.042857143	500.0196	 311.0
23.0	 543.363433143	 63.3028571429	 34.1685668571	 206.697142857	577.532	 270.0
23.5	 473.598963429	 84.6485714286	 33.5486365714	 206.351428571	507.1476	 291.0
24.0	 402.500893714	 79.9942857143	 32.9287062857	 206.005714286	435.4296	 286.0
24.5	 456.916024	 112.34	 32.308776	 205.66	489.2248	 318.0
25.0	 445.433154286	 89.6857142857	 31.6888457143	 205.314285714	477.122	 295.0
25.5	 495.925084571	 110.031428571	 31.0689154286	 204.968571429	526.994	 315.0
26.0	 319.082614857	 26.3771428571	 30.4489851429	 204.622857143	349.5316	 231.0
26.5	 105.471745143	 23.7228571429	 29.8290548571	 204.277142857	135.3008	 228.0
27.0	 42.6812754286	 10.0685714286	 29.2091245714	 203.931428571	71.8904	 214.0
27.5	 3.63440571429	 -2.58571428571	 28.5891942857	 203.585714286	32.2236	 201.0
28.0	 31.049136	 -9.24	 27.969264	 203.24	59.0184	 194.0
28.5	 18.6178662857	 -0.894285714286	 27.3493337143	 202.894285714	45.9672	 202.0
29.0	 16.1609965714	 11.4514285714	 26.7294034286	 202.548571429	42.8904	 214.0
29.5	 2.34492685714	 1.79714285714	 26.1094731429	 202.202857143	28.4544	 204.0
30.0	 26.2724571429	 -6.85714285714	 25.4895428571	 201.857142857	51.762	 195.0
30.5	 18.2259874286	 19.4885714286	 24.8696125714	 201.511428571	43.0956	 221.0
31.0	 -7.69248228571	 25.8342857143	 24.2496822857	 201.165714286	16.5572	 227.0
31.5	 26.183448	 -13.82	 23.629752	 200.82	49.8132	 187.0
32.0	 -8.63222171429	 15.5257142857	 23.0098217143	 200.474285714	14.3776	 216.0
32.5	 -17.3714914286	 -6.12857142857	 22.3898914286	 200.128571429	5.0184	 194.0
33.0	 -11.3155611429	 4.21714285714	 21.7699611429	 199.782857143	10.4544	 204.0
33.5	 -5.51603085714	 15.5628571429	 21.1500308571	 199.437142857	15.634	 215.0
34.0	 10.6934994286	 1.90857142857	 20.5301005714	 199.091428571	31.2236	 201.0
34.5	 14.2106297143	 -20.7457142857	 19.9101702857	 198.745714286	34.1208	 178.0
Actin association begins: 6.5
Actin association ends: 30.5
Length of actin association: 24.0
Cofilin association begins: 11.5
Cofilin association ends: 27.0
Length of cofilin association: 15.5
Delay between actin and cofilin association: 5.0
Maximum normalized actin intensity: 698.442981714
Maximum normalized cofilin intensity: 112.34