Time	 Int488	 Int561	 Back488	 Back561	 Raw488	 Raw561
0.0	 38.71272	 -9.8	 93.35928	 429.8	132.072	 420.0
0.5	 -37.4814014545	 -0.278181818182	 92.5022014545	 428.278181818	55.0208	 428.0
1.0	 27.1452770909	 37.2436363636	 91.6451229091	 426.756363636	118.7904	 464.0
1.5	 -27.5104443636	 40.7654545455	 90.7880443636	 425.234545455	63.2776	 466.0
2.0	 7.70463418182	 -52.7127272727	 89.9309658182	 423.712727273	97.6356	 371.0
2.5	 -14.1042872727	 13.8090909091	 89.0738872727	 422.190909091	74.9696	 436.0
3.0	 17.6503912727	 31.3309090909	 88.2168087273	 420.669090909	105.8672	 452.0
3.5	 -36.9545301818	 -12.1472727273	 87.3597301818	 419.147272727	50.4052	 407.0
4.0	 18.2881483636	 85.3745454545	 86.5026516364	 417.625454545	104.7908	 503.0
4.5	 -17.8031730909	 117.896363636	 85.6455730909	 416.103636364	67.8424	 534.0
5.0	 21.7711054545	 46.4181818182	 84.7884945455	 414.581818182	106.5596	 461.0
5.5	 -2.346616	 4.94	 83.931416	 413.06	81.5848	 418.0
6.0	 -50.8739374545	 27.4618181818	 83.0743374545	 411.538181818	32.2004	 439.0
6.5	 -14.7860589091	 31.9836363636	 82.2172589091	 410.016363636	67.4312	 442.0
7.0	 32.5846196364	 109.505454545	 81.3601803636	 408.494545455	113.9448	 518.0
7.5	 51.0060981818	 140.027272727	 80.5031018182	 406.972727273	131.5092	 547.0
8.0	 89.3499767273	 104.549090909	 79.6460232727	 405.450909091	168.996	 510.0
8.5	 65.8486552727	 162.070909091	 78.7889447273	 403.929090909	144.6376	 566.0
9.0	 154.294933818	 110.592727273	 77.9318661818	 402.407272727	232.2268	 513.0
9.5	 243.459212364	 64.1145454545	 77.0747876364	 400.885454545	320.534	 465.0
10.0	 239.188690909	 124.636363636	 76.2177090909	 399.363636364	315.4064	 524.0
10.5	 253.199769455	 141.158181818	 75.3606305455	 397.841818182	328.5604	 539.0
11.0	 337.928448	 123.68	 74.503552	 396.32	412.432	 520.0
11.5	 336.374726545	 72.2018181818	 73.6464734545	 394.798181818	410.0212	 467.0
12.0	 321.591405091	 134.723636364	 72.7893949091	 393.276363636	394.3808	 528.0
12.5	 378.217683636	 133.245454545	 71.9323163636	 391.754545455	450.15	 525.0
13.0	 501.638362182	 85.7672727273	 71.0752378182	 390.232727273	572.7136	 476.0
13.5	 398.137840727	 221.289090909	 70.2181592727	 388.710909091	468.356	 610.0
14.0	 515.738919273	 262.810909091	 69.3610807273	 387.189090909	585.1	 650.0
14.5	 537.262397818	 238.332727273	 68.5040021818	 385.667272727	605.7664	 624.0
15.0	 592.043076364	 290.854545455	 67.6469236364	 384.145454545	659.69	 675.0
15.5	 602.695754909	 363.376363636	 66.7898450909	 382.623636364	669.4856	 746.0
16.0	 661.450033455	 341.898181818	 65.9327665455	 381.101818182	727.3828	 723.0
16.5	 567.308312	 460.42	 65.075688	 379.58	632.384	 840.0
17.0	 757.371390545	 546.941818182	 64.2186094545	 378.058181818	821.59	 925.0
17.5	 642.792069091	 499.463636364	 63.3615309091	 376.536363636	706.1536	 876.0
18.0	 782.417547636	 419.985454545	 62.5044523636	 375.014545455	844.922	 795.0
18.5	 775.633826182	 443.507272727	 61.6473738182	 373.492727273	837.2812	 817.0
19.0	 824.286904727	 555.029090909	 60.7902952727	 371.970909091	885.0772	 927.0
19.5	 838.347983273	 446.550909091	 59.9332167273	 370.449090909	898.2812	 817.0
20.0	 833.769861818	 516.072727273	 59.0761381818	 368.927272727	892.846	 885.0
20.5	 914.422940364	 627.594545455	 58.2190596364	 367.405454545	972.642	 995.0
21.0	 1005.12681891	 692.116363636	 57.3619810909	 365.883636364	1062.4888	 1058.0
21.5	 923.676297455	 702.638181818	 56.5049025455	 364.361818182	980.1812	 1067.0
22.0	 945.456576	 716.16	 55.647824	 362.84	1001.1044	 1079.0
22.5	 1090.31405455	 756.681818182	 54.7907454545	 361.318181818	1145.1048	 1118.0
23.0	 1004.73393309	 631.203636364	 53.9336669091	 359.796363636	1058.6676	 991.0
23.5	 981.001011636	 607.725454545	 53.0765883636	 358.274545455	1034.0776	 966.0
24.0	 969.524490182	 583.247272727	 52.2195098182	 356.752727273	1021.744	 940.0
24.5	 1201.53556873	 599.769090909	 51.3624312727	 355.230909091	1252.898	 955.0
25.0	 1087.62224727	 487.290909091	 50.5053527273	 353.709090909	1138.1276	 841.0
25.5	 980.530525818	 480.812727273	 49.6482741818	 352.187272727	1030.1788	 833.0
26.0	 1038.69480436	 434.334545455	 48.7911956364	 350.665454545	1087.486	 785.0
26.5	 877.421882909	 260.856363636	 47.9341170909	 349.143636364	925.356	 610.0
27.0	 768.305761455	 375.378181818	 47.0770385455	 347.621818182	815.3828	 723.0
27.5	 825.93244	 412.9	 46.21996	 346.1	872.1524	 759.0
28.0	 801.148718545	 436.421818182	 45.3628814545	 344.578181818	846.5116	 781.0
28.5	 882.646997091	 454.943636364	 44.5058029091	 343.056363636	927.1528	 798.0
29.0	 768.301275636	 683.465454545	 43.6487243636	 341.534545455	811.95	 1025.0
29.5	 958.644354182	 569.987272727	 42.7916458182	 340.012727273	1001.436	 910.0
30.0	 757.347832727	 595.509090909	 41.9345672727	 338.490909091	799.2824	 934.0
30.5	 635.333711273	 655.030909091	 41.0774887273	 336.969090909	676.4112	 992.0
31.0	 746.061189818	 520.552727273	 40.2204101818	 335.447272727	786.2816	 856.0
31.5	 594.279468364	 739.074545455	 39.3633316364	 333.925454545	633.6428	 1073.0
32.0	 669.262946909	 564.596363636	 38.5062530909	 332.403636364	707.7692	 897.0
32.5	 484.786025455	 501.118181818	 37.6491745455	 330.881818182	522.4352	 832.0
33.0	 502.746704	 603.64	 36.792096	 329.36	539.5388	 933.0
33.5	 486.244582545	 583.161818182	 35.9350174545	 327.838181818	522.1796	 911.0
34.0	 486.999661091	 639.683636364	 35.0779389091	 326.316363636	522.0776	 966.0
34.5	 462.215539636	 624.205454545	 34.2208603636	 324.794545455	496.4364	 949.0
35.0	 330.047818182	 707.727272727	 33.3637818182	 323.272727273	363.4116	 1031.0
35.5	 366.930096727	 666.249090909	 32.5067032727	 321.750909091	399.4368	 988.0
36.0	 395.505575273	 711.770909091	 31.6496247273	 320.229090909	427.1552	 1032.0
36.5	 311.285453818	 686.292727273	 30.7925461818	 318.707272727	342.078	 1005.0
37.0	 233.988132364	 633.814545455	 29.9354676364	 317.185454545	263.9236	 951.0
37.5	 83.0732109091	 365.336363636	 29.0783890909	 315.663636364	112.1516	 681.0
38.0	 50.1862894545	 326.858181818	 28.2213105455	 314.141818182	78.4076	 641.0
38.5	 102.298968	 249.38	 27.364232	 312.62	129.6632	 562.0
39.0	 43.0520465455	 110.901818182	 26.5071534545	 311.098181818	69.5592	 422.0
39.5	 45.8571250909	 42.4236363636	 25.6500749091	 309.576363636	71.5072	 352.0
40.0	 24.4830036364	 1.94545454545	 24.7929963636	 308.054545455	49.276	 310.0
40.5	 -9.71151781818	 -27.5327272727	 23.9359178182	 306.532727273	14.2244	 279.0
41.0	 10.2999607273	 27.9890909091	 23.0788392727	 305.010909091	33.3788	 333.0
41.5	 12.4906392727	 55.5109090909	 22.2217607273	 303.489090909	34.7124	 359.0
42.0	 -31.3954821818	 95.0327272727	 21.3646821818	 301.967272727	-10.0308	 397.0
42.5	 -22.1032036364	 28.5545454545	 20.5076036364	 300.445454545	-1.5956	 329.0
43.0	 4.13867490909	 48.0763636364	 19.6505250909	 298.923636364	23.7892	 347.0
43.5	 29.6621534545	 23.5981818182	 18.7934465455	 297.401818182	48.4556	 321.0
44.0	 -2.839568	 42.12	 17.936368	 295.88	15.0968	 338.0
44.5	 17.5047105455	 45.6418181818	 17.0792894545	 294.358181818	34.584	 340.0
45.0	 6.31018909091	 16.1636363636	 16.2222109091	 292.836363636	22.5324	 309.0
45.5	 5.32126763636	 32.6854545455	 15.3651323636	 291.314545455	20.6864	 324.0
46.0	 28.3831461818	 2.20727272727	 14.5080538182	 289.792727273	42.8912	 292.0
46.5	 -7.65697527273	 26.7290909091	 13.6509752727	 288.270909091	5.994	 315.0
47.0	 16.6873032727	 30.2509090909	 12.7938967273	 286.749090909	29.4812	 317.0
47.5	 -10.7380181818	 -2.22727272727	 11.9368181818	 285.227272727	1.1988	 283.0
48.0	 -6.21413963636	 12.2945454545	 11.0797396364	 283.705454545	4.8656	 296.0
48.5	 -0.126661090909	 -22.1836363636	 10.2226610909	 282.183636364	10.096	 260.0
49.0	 11.7820174545	 10.3381818182	 9.36558254545	 280.661818182	21.1476	 291.0
49.5	 24.869496	 -24.14	 8.508504	 279.14	33.378	 255.0
50.0	 46.3677745455	 -5.61818181818	 7.65142545455	 277.618181818	54.0192	 272.0
50.5	 44.2248530909	 -4.09636363636	 6.79434690909	 276.096363636	51.0192	 272.0
51.0	 12.9795316364	 13.4254545455	 5.93726836364	 274.574545455	18.9168	 288.0
51.5	 -4.06098981818	 -1.05272727273	 5.08018981818	 273.052727273	1.0192	 272.0
52.0	 18.1292887273	 -12.5309090909	 4.22311127273	 271.530909091	22.3524	 259.0
52.5	 2.26836727273	 -16.0090909091	 3.36603272727	 270.009090909	5.6344	 254.0
53.0	 -5.90015418182	 -10.4872727273	 2.50895418182	 268.487272727	-3.3912	 258.0
53.5	 -16.7866756364	 -9.96545454545	 1.65187563636	 266.965454545	-15.1348	 257.0
54.0	 -6.00639709091	 3.55636363636	 0.794797090909	 265.443636364	-5.2116	 269.0
54.5	 13.5686814545	 10.0781818182	 -0.0622814545455	 263.921818182	13.5064	 274.0
Actin association begins: 7.0
Actin association ends: 40.0
Length of actin association: 33.0
Cofilin association begins: 4.0
Cofilin association ends: 40.0
Length of cofilin association: 36.0
Delay between actin and cofilin association: -3.0
Maximum normalized actin intensity: 1201.53556873
Maximum normalized cofilin intensity: 756.681818182