Time	 Int488	 Int561	 Back488	 Back561	 Raw488	 Raw561
0.0	 12.186442716	 11.6877787214	 161.35096	 618.6	183.664	 640.0
0.5	 16.2306966593	 -7.02673266875	 160.17644274	 616.865753425	189.8944	 604.0
1.0	 -11.9623462056	 -23.5566125222	 159.001925479	 615.131506849	137.0992	 572.0
1.5	 -8.72968287808	 20.537032768	 157.827408219	 613.397260274	141.8436	 651.0
2.0	 -1.31039167364	 7.83025810383	 156.652890959	 611.663013699	154.2536	 626.0
2.5	 17.2142554845	 9.32358842824	 155.478373699	 609.928767123	186.9972	 627.0
3.0	 0.953233146789	 48.5018127609	 154.303856438	 608.194520548	156.0492	 697.0
3.5	 28.2017694205	 -11.7206978267	 153.129339178	 606.460273973	204.766	 585.0
4.0	 21.4629005618	 -30.9813671011	 151.954821918	 604.726027397	191.2528	 548.0
4.5	 51.330810048	 -31.1265104292	 150.780304658	 602.991780822	244.7656	 546.0
5.0	 20.1413265673	 -6.14839108516	 149.605787397	 601.257534247	186.484	 590.0
5.5	 74.4318873919	 -46.1630599582	 148.431270137	 599.523287671	284.714	 515.0
6.0	 83.6445426248	 23.6000058883	 147.256752877	 597.789041096	300.4076	 641.0
6.5	 123.930741446	 -46.9995044986	 146.082235616	 596.054794521	372.996	 510.0
7.0	 155.969300827	 -44.96001629	 144.907718356	 594.320547945	430.4832	 512.0
7.5	 177.113321198	 16.6106812938	 143.733201096	 592.58630137	468.0228	 623.0
8.0	 199.265112097	 27.3886956493	 142.558683836	 590.852054795	507.4076	 641.0
8.5	 235.50449946	 -8.25671015038	 141.384166575	 589.117808219	572.5864	 574.0
9.0	 259.995156881	 21.0906722671	 140.209649315	 587.383561644	616.2536	 626.0
9.5	 266.042717944	 73.3766858199	 139.035132055	 585.649315068	626.152	 720.0
10.0	 312.225455746	 84.1547001753	 137.860614795	 583.915068493	709.5368	 738.0
10.5	 272.996746674	 21.2014001669	 136.686097534	 582.180821918	636.5356	 621.0
11.0	 333.407334285	 6.30999396596	 135.511580274	 580.446575342	745.9712	 592.0
11.5	 353.052697422	 46.0343761828	 134.337063014	 578.712328767	780.7668	 663.0
12.0	 402.750507366	 62.2739693799	 133.162545753	 576.978082192	870.5876	 691.0
12.5	 370.594761357	 88.8905623765	 131.988028493	 575.243835616	810.5368	 738.0
13.0	 353.74498082	 70.7222088705	 130.813511233	 573.509589041	778.5108	 703.0
13.5	 276.07636908	 125.739011844	 129.638993973	 571.775342466	635.1272	 802.0
14.0	 316.839909893	 172.563446555	 128.464476712	 570.04109589	708.5896	 886.0
14.5	 288.96844479	 105.787041358	 127.289959452	 568.306849315	656.3832	 762.0
15.0	 334.954784217	 83.2494247783	 126.115442192	 566.57260274	739.4084	 719.0
15.5	 317.600790722	 58.5271766622	 124.940924932	 564.838356164	706.4592	 672.0
16.0	 251.835362373	 88.4207169638	 123.766407671	 563.104109589	584.87	 725.0
16.5	 444.627411825	 189.860940093	 122.591890411	 561.369863014	936.6924	 909.0
17.0	 600.0	 228.493006541	 121.417373151	 559.635616438	1220.0008	 978.0
17.5	 487.320701716	 228.347863213	 120.24285589	 557.901369863	1012.5136	 976.0
18.0	 312.938233383	 98.2171434507	 119.06833863	 556.167123288	692.0496	 736.0
18.5	 308.118344866	 120.464473374	 117.89382137	 554.432876712	682.05	 775.0
19.0	 173.074099688	 73.3497520065	 116.71930411	 552.698630137	433.6132	 687.0
19.5	 274.797380438	 131.643502285	 115.544786849	 550.964383562	618.6912	 792.0
20.0	 308.713193698	 203.045041784	 114.370269589	 549.230136986	679.6156	 921.0
20.5	 200.949097909	 181.599740973	 113.195752329	 547.495890411	481.128	 880.0
21.0	 192.612608007	 49.2843896744	 112.021235068	 545.761643836	464.6896	 636.0
21.5	 123.13570914	 40.4007201994	 110.846717808	 544.02739726	336.3048	 618.0
22.0	 128.888344946	 10.7630511257	 109.672200548	 542.293150685	345.6632	 562.0
22.5	 92.1951192345	 20.994907597	 108.497683288	 540.55890411	277.3044	 579.0
23.0	 125.031942979	 26.3113431106	 107.323166027	 538.824657534	336.2532	 587.0
23.5	 96.5594857406	 74.7742514742	 106.148648767	 537.090410959	282.9464	 674.0
24.0	 122.603634648	 10.7286356974	 104.974131507	 535.356164384	329.458	 555.0
24.5	 134.952983841	 59.7377019452	 103.799614247	 533.621917808	350.8948	 643.0
25.0	 97.5735653647	 70.5157163006	 102.625096986	 531.887671233	281.2796	 661.0
25.5	 78.9592579356	 50.7088891421	 101.450579726	 530.153424658	246.0228	 623.0
26.0	 79.1668619742	 76.7793242545	 100.276062466	 528.419178082	245.2284	 669.0
26.5	 48.4250094954	 53.1493919068	 99.1015452055	 526.684931507	187.7664	 624.0
27.0	 43.4227042453	 39.8964593584	 97.9270279452	 524.950684932	177.4328	 598.0
27.5	 42.9436785919	 23.9127373891	 96.7525106849	 523.216438356	175.3812	 567.0
28.0	 39.7760269063	 22.6752782927	 95.5779934247	 521.482191781	168.4068	 563.0
28.5	 25.8248154924	 -21.7086536538	 94.4034761644	 519.747945205	141.688	 480.0
29.0	 32.0539194356	 -19.123007561	 93.2289589041	 518.01369863	151.9188	 483.0
29.5	 23.1728008921	 -2.33725647968	 92.0544416438	 516.279452055	134.4832	 512.0
30.0	 -13.3806084007	 -13.9517153755	 90.8799243836	 514.545205479	66.3804	 489.0
30.5	 6.61407731852	 -50.1432790593	 89.7054071233	 512.810958904	101.8156	 421.0
31.0	 11.4852142985	 -6.04963376912	 88.530889863	 511.076712329	109.56	 500.0
31.5	 1.2596735073	 7.45917000719	 87.3563726027	 509.342465753	89.6628	 523.0
32.0	 39.5860393773	 8.40634244742	 86.1818553425	 507.608219178	158.6628	 523.0
32.5	 7.06589682765	 6.62272546676	 85.0073380822	 505.873972603	97.9448	 518.0
33.0	 18.9385594197	 2.10831906522	 83.8328208219	 504.139726027	118.5088	 508.0
33.5	 7.50884972539	 33.0941751352	 82.6583035616	 502.405479452	96.4068	 563.0
34.0	 -6.84826622808	 9.46424278745	 81.4837863014	 500.671232877	68.9448	 518.0
34.5	 11.6903625719	 8.77294157515	 80.3092690411	 498.936986301	101.714	 515.0
35.0	 -5.9858640753	 -29.6032536454	 79.1347517808	 497.202739726	68.1748	 443.0
35.5	 4.10850844584	 -12.2713446798	 77.9602345205	 495.468493151	85.4828	 473.0
36.0	 -12.5868186414	 9.42982735913	 76.7857172603	 493.734246575	53.7396	 511.0
Actin association begins: 2.5
Actin association ends: 29.5
Length of actin association: 27.0
Area under actin curve during patch life: 10538.0866522
Cofilin association begins: 9.0
Cofilin association ends: 28.0
Length of cofilin association: 19.0
Delay between actin and cofilin association: 6.5
Area under cofilin curve during patch life: 3193.99564856
Cofilin intensity score: 138.197802543