Time	 Int488	 Int561	 Back488	 Back561	 Raw488	 Raw561
0.0	 -7.42552	 11.8	 17.98272	 215.2	10.5572	 227.0
0.5	 0.256403684211	 5.93815789474	 17.8391963158	 215.061842105	18.0956	 221.0
1.0	 -1.26687263158	 -6.92368421053	 17.6956726316	 214.923684211	16.4288	 208.0
1.5	 -3.84134894737	 -11.7855263158	 17.5521489474	 214.785526316	13.7108	 203.0
2.0	 13.7125747368	 2.35263157895	 17.4086252632	 214.647368421	31.1212	 217.0
2.5	 -5.68230157895	 8.49078947368	 17.2651015789	 214.509210526	11.5828	 223.0
3.0	 -24.7695778947	 5.62894736842	 17.1215778947	 214.371052632	-7.648	 220.0
3.5	 -12.0876542105	 -0.232894736842	 16.9780542105	 214.232894737	4.8904	 214.0
4.0	 -9.25173052632	 8.90526315789	 16.8345305263	 214.094736842	7.5828	 223.0
4.5	 12.3529931579	 -23.9565789474	 16.6910068421	 213.956578947	29.044	 190.0
5.0	 10.0609168421	 5.18157894737	 16.5474831579	 213.818421053	26.6084	 219.0
5.5	 9.58884052632	 -15.6802631579	 16.4039594737	 213.680263158	25.9928	 198.0
6.0	 -4.85723578947	 -1.54210526316	 16.2604357895	 213.542105263	11.4032	 212.0
6.5	 -14.2777121053	 8.59605263158	 16.1169121053	 213.403947368	1.8392	 222.0
7.0	 -17.0573884211	 -3.26578947368	 15.9733884211	 213.265789474	-1.084	 210.0
7.5	 -18.7086647368	 3.87236842105	 15.8298647368	 213.127631579	-2.8788	 217.0
8.0	 -1.05234105263	 2.01052631579	 15.6863410526	 212.989473684	14.634	 215.0
8.5	 8.88598263158	 -4.85131578947	 15.5428173684	 212.851315789	24.4288	 208.0
9.0	 -5.56009368421	 9.28684210526	 15.3992936842	 212.713157895	9.8392	 222.0
9.5	 -10.67297	 10.425	 15.25577	 212.575	4.5828	 223.0
10.0	 4.59855368421	 -9.43684210526	 15.1122463158	 212.436842105	19.7108	 203.0
10.5	 7.87047736842	 9.70131578947	 14.9687226316	 212.298684211	22.8392	 222.0
11.0	 -2.65279894737	 -3.16052631579	 14.8251989474	 212.160526316	12.1724	 209.0
11.5	 7.00352473684	 -5.02236842105	 14.6816752632	 212.022368421	21.6852	 207.0
12.0	 7.65984842105	 -6.88421052632	 14.5381515789	 211.884210526	22.198	 205.0
12.5	 3.41897210526	 14.2539473684	 14.3946278947	 211.746052632	17.8136	 226.0
13.0	 3.66489578947	 -1.60789473684	 14.2511042105	 211.607894737	17.916	 210.0
13.5	 16.1416194737	 -14.4697368421	 14.1075805263	 211.469736842	30.2492	 197.0
14.0	 0.439143157895	 0.668421052632	 13.9640568421	 211.331578947	14.4032	 212.0
14.5	 0.787866842105	 7.80657894737	 13.8205331579	 211.193421053	14.6084	 219.0
15.0	 7.16219052632	 10.9447368421	 13.6770094737	 211.055263158	20.8392	 222.0
15.5	 13.8697142105	 1.08289473684	 13.5334857895	 210.917105263	27.4032	 212.0
16.0	 13.2696378947	 0.221052631579	 13.3899621053	 210.778947368	26.6596	 211.0
16.5	 13.6183615789	 7.35921052632	 13.2464384211	 210.640789474	26.8648	 218.0
17.0	 10.8386852632	 -4.50263157895	 13.1029147368	 210.502631579	23.9416	 206.0
17.5	 1.18740894737	 2.63552631579	 12.9593910526	 210.364473684	14.1468	 213.0
18.0	 47.2797326316	 10.7736842105	 12.8158673684	 210.226315789	60.0956	 221.0
18.5	 -8.73074368421	 -4.08815789474	 12.6723436842	 210.088157895	3.9416	 206.0
19.0	 41.20758	 -10.95	 12.52882	 209.95	53.7364	 199.0
19.5	 23.2231036842	 9.18815789474	 12.3852963158	 209.811842105	35.6084	 219.0
20.0	 37.4946273684	 -10.6736842105	 12.2417726316	 209.673684211	49.7364	 199.0
20.5	 41.7409510526	 12.4644736842	 12.0982489474	 209.535526316	53.8392	 222.0
21.0	 74.4484747368	 2.60263157895	 11.9547252632	 209.397368421	86.4032	 212.0
21.5	 88.6175984211	 -1.25921052632	 11.8112015789	 209.259210526	100.4288	 208.0
22.0	 64.9407221053	 9.87894736842	 11.6676778947	 209.121052632	76.6084	 219.0
22.5	 73.3150457895	 13.0171052632	 11.5241542105	 208.982894737	84.8392	 222.0
23.0	 91.5613694737	 36.1552631579	 11.3806305263	 208.844736842	102.942	 245.0
23.5	 128.242893158	 -8.70657894737	 11.2371068421	 208.706578947	139.48	 200.0
24.0	 85.9508168421	 20.4315789474	 11.0935831579	 208.568421053	97.0444	 229.0
24.5	 166.786340526	 -9.43026315789	 10.9500594737	 208.430263158	177.7364	 199.0
25.0	 98.8530642105	 2.70789473684	 10.8065357895	 208.292105263	109.6596	 211.0
25.5	 128.176187895	 13.8460526316	 10.6630121053	 208.153947368	138.8392	 222.0
26.0	 114.063311579	 14.9842105263	 10.5194884211	 208.015789474	124.5828	 223.0
26.5	 120.642835263	 25.1223684211	 10.3759647368	 207.877631579	131.0188	 233.0
27.0	 146.170758947	 4.26052631579	 10.2324410526	 207.739473684	156.4032	 212.0
27.5	 116.468282632	 19.3986842105	 10.0889173684	 207.601315789	126.5572	 227.0
28.0	 144.714206316	 3.53684210526	 9.94539368421	 207.463157895	154.6596	 211.0
28.5	 146.49893	 20.675	 9.80187	 207.325	156.3008	 228.0
29.0	 162.360453684	 25.8131578947	 9.65834631579	 207.186842105	172.0188	 233.0
29.5	 158.631977368	 5.95131578947	 9.51482263158	 207.048684211	168.1468	 213.0
30.0	 146.980701053	 13.0894736842	 9.37129894737	 206.910526316	156.352	 220.0
30.5	 139.124224737	 13.2276315789	 9.22777526316	 206.772368421	148.352	 220.0
31.0	 143.549748421	 8.36578947368	 9.08425157895	 206.634210526	152.634	 215.0
31.5	 96.2060721053	 6.50394736842	 8.94072789474	 206.496052632	105.1468	 213.0
32.0	 157.400795789	 -1.35789473684	 8.79720421053	 206.357894737	166.198	 205.0
32.5	 177.621519474	 25.7802631579	 8.65368052632	 206.219736842	186.2752	 232.0
33.0	 104.483043158	 30.9184210526	 8.51015684211	 206.081578947	112.9932	 237.0
33.5	 107.882966842	 30.0565789474	 8.36663315789	 205.943421053	116.2496	 236.0
34.0	 121.693290526	 43.1947368421	 8.22310947368	 205.805263158	129.9164	 249.0
34.5	 98.3752142105	 37.3328947368	 8.07958578947	 205.667105263	106.4548	 243.0
35.0	 147.082737895	 27.4710526316	 7.93606210526	 205.528947368	155.0188	 233.0
35.5	 113.175061579	 35.6092105263	 7.79253842105	 205.390789474	120.9676	 241.0
36.0	 90.8057852632	 37.7473684211	 7.64901473684	 205.252631579	98.4548	 243.0
36.5	 144.102908947	 13.8855263158	 7.50549105263	 205.114473684	151.6084	 219.0
37.0	 99.5800326316	 40.0236842105	 7.36196736842	 204.976315789	106.942	 245.0
37.5	 86.8515563158	 20.1618421053	 7.21844368421	 204.838157895	94.07	 225.0
38.0	 58.79028	 52.3	 7.07492	 204.7	65.8652	 257.0
38.5	 77.8566036842	 25.4381578947	 6.93139631579	 204.561842105	84.788	 230.0
39.0	 79.7185273684	 69.5763157895	 6.78787263158	 204.423684211	86.5064	 274.0
39.5	 49.1696510526	 60.7144736842	 6.64434894737	 204.285526316	55.814	 265.0
40.0	 62.2875747368	 64.8526315789	 6.50082526316	 204.147368421	68.7884	 269.0
40.5	 32.6362984211	 71.9907894737	 6.35730157895	 204.009210526	38.9936	 276.0
41.0	 26.3950221053	 54.1289473684	 6.21377789474	 203.871052632	32.6088	 258.0
41.5	 40.1793457895	 32.2671052632	 6.07025421053	 203.732894737	46.2496	 236.0
42.0	 19.5024694737	 43.4052631579	 5.92673052632	 203.594736842	25.4292	 247.0
42.5	 4.28719315789	 60.5434210526	 5.78320684211	 203.456578947	10.0704	 264.0
43.0	 7.58431684211	 36.6815789474	 5.63968315789	 203.318421053	13.224	 240.0
43.5	 6.41984052632	 6.81973684211	 5.49615947368	 203.180263158	11.916	 210.0
44.0	 6.61456421053	 -1.04210526316	 5.35263578947	 203.042105263	11.9672	 202.0
44.5	 5.57888789474	 27.0960526316	 5.20911210526	 202.903947368	10.788	 230.0
45.0	 9.56841157895	 12.2342105263	 5.06558842105	 202.765789474	14.634	 215.0
45.5	 -5.46766473684	 1.37236842105	 4.92206473684	 202.627631579	-0.5456	 204.0
46.0	 6.93225894737	 0.510526315789	 4.77854105263	 202.489473684	11.7108	 203.0
46.5	 4.89618263158	 -10.3513157895	 4.63501736842	 202.351315789	9.5312	 192.0
47.0	 4.93730631579	 5.78684210526	 4.49149368421	 202.213157895	9.4288	 208.0
47.5	 19.13203	 -2.075	 4.34797	 202.075	23.48	 200.0
48.0	 7.32675368421	 -9.93684210526	 4.20444631579	 201.936842105	11.5312	 192.0
48.5	 -0.170522631579	 12.2013157895	 4.06092263158	 201.798684211	3.8904	 214.0
49.0	 13.0242010526	 4.33947368421	 3.91739894737	 201.660526316	16.9416	 206.0
49.5	 -14.3194752632	 2.47763157895	 3.77387526316	 201.522368421	-10.5456	 204.0
50.0	 -6.86835157895	 -6.38421052632	 3.63035157895	 201.384210526	-3.238	 195.0
50.5	 3.63437210526	 15.7539473684	 3.48682789474	 201.246052632	7.1212	 217.0
51.0	 4.59829578947	 4.89210526316	 3.34330421053	 201.107894737	7.9416	 206.0
51.5	 -3.48898052632	 2.03026315789	 3.19978052632	 200.969736842	-0.2892	 203.0
52.0	 0.705743157895	 -5.83157894737	 3.05625684211	 200.831578947	3.762	 195.0
52.5	 7.25966684211	 8.30657894737	 2.91273315789	 200.693421053	10.1724	 209.0
53.0	 -8.57120947368	 4.44473684211	 2.76920947368	 200.555263158	-5.802	 205.0
53.5	 -6.06888578947	 -12.4171052632	 2.62568578947	 200.417105263	-3.4432	 188.0
54.0	 16.9978378947	 -0.278947368421	 2.48216210526	 200.278947368	19.48	 200.0
54.5	 6.67976157895	 -6.14078947368	 2.33863842105	 200.140789474	9.0184	 194.0
55.0	 9.07968526316	 -7.00263157895	 2.19511473684	 200.002631579	11.2748	 193.0
55.5	 3.17200894737	 1.13552631579	 2.05159105263	 199.864473684	5.2236	 201.0
56.0	 -4.22286736842	 7.27368421053	 1.90806736842	 199.726315789	-2.3148	 207.0
56.5	 12.4334563158	 5.41184210526	 1.76454368421	 199.588157895	14.198	 205.0
57.0	 4.60258	 1.55	 1.62102	 199.45	6.2236	 201.0
57.5	 11.7205036842	 5.68815789474	 1.47749631579	 199.311842105	13.198	 205.0
58.0	 7.30002736842	 15.8263157895	 1.33397263158	 199.173684211	8.634	 215.0
58.5	 0.802351052632	 -1.03552631579	 1.19044894737	 199.035526316	1.9928	 198.0
59.0	 10.9202747368	 3.10263157895	 1.04692526316	 198.897368421	11.9672	 202.0
59.5	 -17.1926015789	 4.24078947368	 0.903401578947	 198.759210526	-16.2892	 203.0
60.0	 -14.2286778947	 -6.62105263158	 0.759877894737	 198.621052632	-13.4688	 192.0
60.5	 10.6072457895	 2.51710526316	 0.616354210526	 198.482894737	11.2236	 201.0
61.0	 -5.24923052632	 2.65526315789	 0.472830526316	 198.344736842	-4.7764	 201.0
61.5	 4.61229315789	 7.79342105263	 0.329306842105	 198.206578947	4.9416	 206.0
62.0	 8.57621684211	 -3.06842105263	 0.185783157895	 198.068421053	8.762	 195.0
62.5	 12.1557405263	 7.06973684211	 0.0422594736842	 197.930263158	12.198	 205.0
63.0	 -2.95713578947	 8.20789473684	 -0.101264210526	 197.792105263	-3.0584	 206.0
63.5	 -3.81361210526	 8.34605263158	 -0.244787894737	 197.653947368	-4.0584	 206.0
64.0	 0.560711578947	 11.4842105263	 -0.388311578947	 197.515789474	0.1724	 209.0
64.5	 6.44783526316	 12.6223684211	 -0.531835263158	 197.377631579	5.916	 210.0
65.0	 -14.5882410526	 1.76052631579	 -0.675358947368	 197.239473684	-15.2636	 199.0
65.5	 -0.419117368421	 -2.10131578947	 -0.818882631579	 197.101315789	-1.238	 195.0
66.0	 7.98080631579	 -2.96315789474	 -0.962406315789	 196.963157895	7.0184	 194.0
66.5	 0.58593	 3.175	 -1.10593	 196.825	-0.52	 200.0
67.0	 -5.55254631579	 8.31315789474	 -1.24945368421	 196.686842105	-6.802	 205.0
67.5	 3.53977736842	 16.4513157895	 -1.39297736842	 196.548684211	2.1468	 213.0
68.0	 -2.80389894737	 14.5894736842	 -1.53650105263	 196.410526316	-4.3404	 211.0
68.5	 1.87802473684	 8.72763157895	 -1.68002473684	 196.272368421	0.198	 205.0
69.0	 -2.64525157895	 -4.13421052632	 -1.82354842105	 196.134210526	-4.4688	 192.0
69.5	 9.70347210526	 3.00394736842	 -1.96707210526	 195.996052632	7.7364	 199.0
70.0	 1.69299578947	 -11.8578947368	 -2.11059578947	 195.857894737	-0.4176	 184.0
70.5	 20.7341194737	 4.28026315789	 -2.25411947368	 195.719736842	18.48	 200.0
71.0	 7.41604315789	 -1.58157894737	 -2.39764315789	 195.581578947	5.0184	 194.0
71.5	 5.50836684211	 6.55657894737	 -2.54116684211	 195.443421053	2.9672	 202.0
72.0	 7.67749052632	 2.69473684211	 -2.68469052632	 195.305263158	4.9928	 198.0
72.5	 -2.69178578947	 4.83289473684	 -2.82821421053	 195.167105263	-5.52	 200.0
73.0	 -2.80466210526	 5.97105263158	 -2.97173789474	 195.028947368	-5.7764	 201.0
73.5	 11.1848615789	 -8.89078947368	 -3.11526157895	 194.890789474	8.0696	 186.0
74.0	 20.2771852632	 -0.752631578947	 -3.25878526316	 194.752631579	17.0184	 194.0
74.5	 -10.0920910526	 1.38552631579	 -3.40230894737	 194.614473684	-13.4944	 196.0
75.0	 -11.1793673684	 -1.47631578947	 -3.54583263158	 194.476315789	-14.7252	 193.0
75.5	 -12.3434436842	 7.66184210526	 -3.68935631579	 194.338157895	-16.0328	 202.0
Actin association begins: 19.0
Actin association ends: 45.0
Length of actin association: 26.0
Cofilin association begins: 32.5
Cofilin association ends: 43.5
Length of cofilin association: 11.0
Delay between actin and cofilin association: 13.5
Maximum normalized actin intensity: 177.621519474
Maximum normalized cofilin intensity: 71.9907894737