Time	 Int488	 Int561	 Back488	 Back561	 Raw488	 Raw561
0.0	 -21.4377619578	 -0.73307533812	 49.71704	 311.4	38.0196	 311.0
0.5	 -33.4164188077	 -21.505892852	 49.3299523077	 310.734615385	31.0964	 299.0
1.0	 55.7788509823	 -29.4498919487	 48.9428646154	 310.069230769	79.3784	 294.0
1.5	 1.41451115771	 57.9059029101	 48.5557769231	 309.403846154	49.3276	 341.0
2.0	 4.75492964852	 5.97738352621	 48.1686892308	 308.738461538	50.7632	 312.0
2.5	 38.3596303983	 93.333178385	 47.7816015385	 308.073076923	68.7124	 359.0
3.0	 66.8408676099	 50.5681007276	 47.3945138462	 307.407692308	83.866	 335.0
3.5	 -15.5782654046	 82.9432452274	 47.0074261538	 306.742307692	38.5072	 352.0
4.0	 26.8592600942	 7.18977735463	 46.6203384615	 306.076923077	61.276	 310.0
4.5	 54.0722769709	 19.4053500562	 46.2332507692	 305.411538462	75.7376	 316.0
5.0	 59.1046333421	 -10.5309091841	 45.8461630769	 304.746153846	78.0964	 299.0
5.5	 61.9758836165	 10.8481052439	 45.4590753846	 304.080769231	79.276	 310.0
6.0	 80.0723755883	 15.7329245643	 45.0719876923	 303.415384615	88.7632	 312.0
6.5	 87.3134879532	 -1.37451625897	 44.6849	 302.75	92.3272	 302.0
7.0	 120.118403509	 -3.82045031982	 44.2978123077	 302.084615385	109.84	 300.0
7.5	 170.122732648	 26.7220058347	 43.9107246154	 301.419230769	136.7376	 316.0
8.0	 168.43572047	 44.4356435722	 43.5236369231	 300.753846154	135.43	 325.0
8.5	 188.928635722	 32.8262677848	 43.1365492308	 300.088461538	146.2248	 318.0
9.0	 201.950780203	 114.683997608	 42.7494615385	 299.423076923	152.9432	 362.0
9.5	 225.074702844	 49.9266598067	 42.3623738462	 298.757692308	165.1736	 326.0
10.0	 346.083243082	 10.8269588399	 41.9752861538	 298.092307692	230.8144	 304.0
10.5	 145.713754315	 2.88295974318	 41.5881984615	 297.426923077	121.0964	 299.0
11.0	 248.395411101	 -36.2167412236	 41.2011107692	 296.761538462	176.7372	 277.0
11.5	 150.046550989	 51.1390536352	 40.8140230769	 296.096153846	122.6864	 324.0
12.0	 314.241292471	 65.187314682	 40.4269353846	 295.430769231	211.8916	 331.0
12.5	 405.034666498	 93.8970824913	 40.0398476923	 294.765384615	261.0456	 346.0
13.0	 365.04813328	 10.8128612373	 39.65276	 294.1	238.84	 300.0
13.5	 404.573883536	 103.666721132	 39.2656723077	 293.434615385	260.02	 350.0
14.0	 359.888337401	 38.909383331	 38.8785846154	 292.769230769	235.2504	 314.0
14.5	 423.192119324	 139.093996607	 38.4914969231	 292.103846154	269.4048	 368.0
15.0	 417.604413271	 121.986555784	 38.1044092308	 291.438461538	265.9688	 358.0
15.5	 466.855140963	 -16.0783158293	 37.7173215385	 290.773076923	292.4552	 282.0
16.0	 371.043454596	 32.7910237782	 37.3302338462	 290.107692308	239.7888	 308.0
16.5	 414.045448105	 12.0182062644	 36.9431461538	 289.442307692	262.8656	 296.0
17.0	 464.096694066	 35.2299090377	 36.5560584615	 288.776923077	289.7888	 308.0
17.5	 343.849407454	 107.924197134	 36.1689707692	 288.111538462	223.7892	 347.0
18.0	 414.670876969	 107.310951419	 35.7818830769	 287.446153846	262.0456	 346.0
18.5	 399.731328828	 48.0516786535	 35.3947953846	 286.780769231	253.5068	 313.0
19.0	 436.76535601	 29.1115494849	 35.0077076923	 286.115384615	273.3272	 302.0
19.5	 465.481910405	 21.1675503882	 34.62062	 285.45	288.6092	 297.0
20.0	 535.128993229	 60.8734482692	 34.2335323077	 284.784615385	326.2248	 318.0
20.5	 359.994156826	 47.4313841366	 33.8464446154	 284.119230769	230.276	 310.0
21.0	 436.172940912	 68.8103985646	 33.4593569231	 283.453846154	271.4556	 321.0
21.5	 364.890688434	 79.1932829209	 33.0722692308	 282.788461538	232.1736	 326.0
22.0	 522.177661006	 98.7396090036	 32.6851815385	 282.123076923	317.6096	 336.0
22.5	 600.0	 6.49194602316	 32.2980938462	 281.457692308	359.686	 285.0
23.0	 443.288079919	 192.812911528	 31.9110061538	 280.792307692	273.7896	 386.0
23.5	 480.60360803	 129.888262072	 31.5239184615	 280.126923077	293.7636	 351.0
24.0	 394.987533466	 17.4810272936	 31.1368307692	 279.461538462	246.6604	 289.0
24.5	 499.221110743	 93.8406920806	 30.7497430769	 278.796153846	303.148	 330.0
25.0	 286.070453455	 150.040785069	 30.3626553846	 278.130769231	186.456	 360.0
25.5	 442.46527334	 237.396579928	 29.9755676923	 277.465384615	271.4052	 407.0
26.0	 444.818972426	 196.464190616	 29.58848	 276.8	272.3024	 384.0
26.5	 500.086049417	 192.18556821	 29.2013923077	 276.134615385	302.0716	 381.0
27.0	 506.951094134	 162.24930897	 28.8143046154	 275.469230769	305.4304	 364.0
27.5	 418.51707797	 203.787895196	 28.4272169231	 274.803846154	256.7896	 386.0
28.0	 498.830406963	 151.859375812	 28.0401292308	 274.138461538	300.2252	 357.0
28.5	 433.986022105	 158.576883478	 27.6530415385	 273.473076923	264.456	 360.0
29.0	 344.988271006	 216.609664812	 27.2659538462	 272.807692308	215.5076	 391.0
29.5	 412.049797112	 159.183080392	 26.8788661538	 272.142307692	251.7124	 359.0
30.0	 493.725913159	 109.087249353	 26.4917784615	 271.476923077	295.8916	 331.0
30.5	 539.454213851	 163.454653997	 26.1046907692	 270.811538462	320.456	 360.0
31.0	 279.359611136	 324.117982667	 25.7176030769	 270.146153846	178.1492	 447.0
31.5	 394.210318534	 101.749447171	 25.3305153846	 269.480769231	240.43	 325.0
32.0	 407.842381697	 88.3073830381	 24.9434276923	 268.815384615	247.4812	 317.0
32.5	 391.165445005	 157.336294444	 24.55634	 268.15	237.9944	 354.0
33.0	 430.502061824	 136.56347693	 24.1692523077	 267.484615385	259.0712	 342.0
33.5	 216.975336888	 179.934751502	 23.7821646154	 266.819230769	142.174	 365.0
34.0	 263.127355125	 311.275066648	 23.3950769231	 266.153846154	166.9696	 436.0
34.5	 292.876079596	 142.054493165	 23.0079892308	 265.488461538	182.8148	 343.0
35.0	 155.52394612	 238.57372975	 22.6209015385	 264.823076923	107.482	 395.0
35.5	 165.0207313	 226.964353963	 22.2338138462	 264.157692308	112.2768	 388.0
36.0	 219.630239713	 253.841433427	 21.8467261538	 263.492307692	141.6872	 402.0
36.5	 244.399183412	 218.40710915	 21.4596384615	 262.826923077	154.8152	 382.0
37.0	 142.431130356	 226.957305161	 21.0725507692	 262.161538462	98.7896	 386.0
37.5	 158.225032691	 233.674812827	 20.6854630769	 261.496153846	107.0204	 389.0
38.0	 98.172761318	 135.929084811	 20.2983753846	 260.830769231	73.866	 335.0
38.5	 175.384448556	 67.506370319	 19.9112876923	 260.165384615	115.6092	 297.0
39.0	 170.878761703	 167.690983595	 19.5242	 259.5	112.7636	 351.0
39.5	 110.638823043	 99.2682691033	 19.1371123077	 258.834615385	79.5068	 313.0
40.0	 82.8242727391	 118.814595186	 18.7500246154	 258.169230769	63.9428	 323.0
40.5	 131.042097279	 70.5514524927	 18.3629369231	 257.503846154	89.8656	 296.0
41.0	 76.9585253088	 42.4478815977	 17.9758492308	 256.838461538	59.968	 280.0
41.5	 163.005236522	 25.3404407744	 17.5887615385	 256.173076923	106.532	 270.0
42.0	 63.3405061779	 103.532793907	 17.2016738462	 255.507692308	51.7632	 312.0
42.5	 100.421450181	 77.261911357	 16.8145861538	 254.842307692	71.6092	 297.0
43.0	 82.0518425334	 52.8237171526	 16.4274984615	 254.176923077	61.1988	 283.0
43.5	 37.8369307651	 57.7085364729	 16.0404107692	 253.511538462	36.686	 285.0
44.0	 69.7958773807	 44.2664723403	 15.6533230769	 252.846153846	53.7372	 277.0
44.5	 33.5700206472	 89.4704352572	 15.2662353846	 252.180769231	33.5836	 301.0
45.0	 70.7917151152	 41.2072925639	 14.8791476923	 251.515384615	53.5064	 274.0
45.5	 36.7269644785	 35.0959818125	 14.49206	 250.85	34.532	 270.0
46.0	 -25.8148307428	 39.9808011328	 14.1049723077	 250.184615385	0.0192	 272.0
46.5	 7.74222010992	 63.1925039062	 13.7178846154	 249.519230769	17.9424	 284.0
47.0	 -21.5766007878	 31.4235563205	 13.3307969231	 248.853846154	1.5576	 266.0
47.5	 34.5364451435	 38.1410639862	 12.9437092308	 248.188461538	31.7884	 269.0
48.0	 23.638341342	 -8.28939036181	 12.5566215385	 247.523076923	25.4548	 243.0
48.5	 41.2649320221	 -1.57188269616	 12.1695338462	 246.857692308	34.6856	 246.0
49.0	 8.28146750912	 38.1340151849	 11.7824461538	 246.192307692	16.3012	 267.0
49.5	 -2.42823593047	 33.8553927787	 11.3953584615	 245.526923077	10.0704	 264.0
50.0	 17.8293621381	 -12.5750615693	 11.0082707692	 244.861538462	20.7368	 238.0
50.5	 -8.48165064732	 -13.1883072848	 10.6211830769	 244.196153846	5.9932	 237.0
51.0	 1.95493711649	 -28.4630597628	 10.2340953846	 243.530769231	11.3008	 228.0
51.5	 -19.5155792114	 2.07939639178	 9.84700769231	 242.865384615	-0.8016	 244.0
Actin association begins: 4.0
Actin association ends: 45.5
Length of actin association: 41.5
Area under actin curve during patch life: 24023.5277203
Cofilin association begins: 16.0
Cofilin association ends: 47.5
Length of cofilin association: 31.5
Delay between actin and cofilin association: 12.0
Area under cofilin curve during patch life: 7531.47504781
Cofilin intensity score: 190.01213167