Time	 Int488	 Int561	 Back488	 Back561	 Raw488	 Raw561
0.0	 -28.42584	 -19.4	 93.80664	 547.4	65.3808	 528.0
0.5	 -6.65456	 12.1757009346	 93.83056	 547.824299065	87.176	 560.0
1.0	 3.42392	 -4.24859813084	 93.85448	 548.248598131	97.2784	 544.0
1.5	 -7.9332	 8.32710280374	 93.8784	 548.672897196	85.9452	 557.0
2.0	 39.35048	 -1.09719626168	 93.90232	 549.097196262	133.2528	 548.0
2.5	 -31.00664	 11.4785046729	 93.92624	 549.521495327	62.9196	 561.0
3.0	 -1.97896	 42.0542056075	 93.95016	 549.945794393	91.9712	 592.0
3.5	 19.02192	 -40.3700934579	 93.97408	 550.370093458	112.996	 510.0
4.0	 -33.8992	 -17.7943925234	 93.998	 550.794392523	60.0988	 533.0
4.5	 -42.48752	 -47.2186915888	 94.02192	 551.218691589	51.5344	 504.0
5.0	 -14.66504	 -23.6429906542	 94.04584	 551.642990654	79.3808	 528.0
5.5	 -54.86776	 42.9327102804	 94.06976	 552.06728972	39.202	 595.0
6.0	 -10.12368	 -77.491588785	 94.09368	 552.491588785	83.97	 475.0
6.5	 -37.634	 -1.91588785047	 94.1176	 552.91588785	56.4836	 551.0
7.0	 -31.73512	 -29.3401869159	 94.14152	 553.340186916	62.4064	 524.0
7.5	 -6.55384	 -22.7644859813	 94.16544	 553.764485981	87.6116	 531.0
8.0	 -57.39736	 65.8112149533	 94.18936	 554.188785047	36.792	 620.0
8.5	 -53.55048	 -31.6130841121	 94.21328	 554.613084112	40.6628	 523.0
9.0	 -52.6764	 22.9626168224	 94.2372	 555.037383178	41.5608	 578.0
9.5	 -7.75232	 -47.461682243	 94.26112	 555.461682243	86.5088	 508.0
10.0	 -8.03264	 -46.8859813084	 94.28504	 555.885981308	86.2524	 509.0
10.5	 -22.95416	 -63.3102803738	 94.30896	 556.310280374	71.3548	 493.0
11.0	 17.48352	 -57.7345794393	 94.33288	 556.734579439	111.8164	 499.0
11.5	 69.2548	 -26.1588785047	 94.3568	 557.158878505	163.6116	 531.0
12.0	 22.74368	 -28.5831775701	 94.38072	 557.58317757	117.1244	 529.0
12.5	 -15.27984	 9.99252336449	 94.40464	 558.007476636	79.1248	 568.0
13.0	 40.54224	 -5.43177570093	 94.42856	 558.431775701	134.9708	 553.0
13.5	 38.85152	 -18.8560747664	 94.45248	 558.856074766	133.304	 540.0
14.0	 -24.762	 -5.28037383178	 94.4764	 559.280373832	69.7144	 554.0
14.5	 16.70168	 35.2953271028	 94.50032	 559.704672897	111.202	 595.0
15.0	 51.88216	 -36.1289719626	 94.52424	 560.128971963	146.4064	 524.0
15.5	 94.03744	 -64.553271028	 94.54816	 560.553271028	188.5856	 496.0
16.0	 99.11552	 -119.977570093	 94.57208	 560.977570093	193.6876	 441.0
16.5	 109.9384	 -57.4018691589	 94.596	 561.401869159	204.5344	 504.0
17.0	 162.81208	 -41.8261682243	 94.61992	 561.826168224	257.432	 520.0
17.5	 132.27536	 -40.2504672897	 94.64384	 562.25046729	226.9192	 522.0
18.0	 119.73944	 39.3252336449	 94.66776	 562.674766355	214.4072	 602.0
18.5	 166.40752	 8.90093457944	 94.69168	 563.099065421	261.0992	 572.0
19.0	 155.486	 -7.52336448598	 94.7156	 563.523364486	250.2016	 556.0
19.5	 173.20608	 32.0523364486	 94.73952	 563.947663551	267.9456	 596.0
20.0	 148.59216	 6.62803738318	 94.76344	 564.371962617	243.3556	 571.0
20.5	 149.59464	 80.2037383178	 94.78736	 564.796261682	244.382	 645.0
21.0	 233.62192	 71.7794392523	 94.81128	 565.220560748	328.4332	 637.0
21.5	 215.5728	 114.355140187	 94.8352	 565.644859813	310.408	 680.0
22.0	 240.11288	 103.930841121	 94.85912	 566.069158879	334.972	 670.0
22.5	 324.57576	 66.5065420561	 94.88304	 566.493457944	419.4588	 633.0
23.0	 306.73144	 77.0822429907	 94.90696	 566.917757009	401.6384	 644.0
23.5	 269.75952	 146.657943925	 94.93088	 567.342056075	364.6904	 714.0
24.0	 318.1204	 164.23364486	 94.9548	 567.76635514	413.0752	 732.0
24.5	 304.45648	 263.809345794	 94.97872	 568.190654206	399.4352	 832.0
25.0	 286.38136	 271.385046729	 95.00264	 568.614953271	381.384	 840.0
25.5	 324.61304	 191.960747664	 95.02656	 569.039252336	419.6396	 761.0
26.0	 336.17912	 216.536448598	 95.05048	 569.463551402	431.2296	 786.0
26.5	 347.1556	 255.112149533	 95.0744	 569.887850467	442.23	 825.0
27.0	 286.72088	 201.687850467	 95.09832	 570.312149533	381.8192	 772.0
27.5	 317.28816	 343.263551402	 95.12224	 570.736448598	412.4104	 914.0
28.0	 280.87904	 285.839252336	 95.14616	 571.160747664	376.0252	 857.0
28.5	 332.36952	 439.414953271	 95.17008	 571.585046729	427.5396	 1011.0
29.0	 252.5496	 328.990654206	 95.194	 572.009345794	347.7436	 901.0
29.5	 288.62808	 312.56635514	 95.21792	 572.43364486	383.846	 885.0
30.0	 251.50256	 406.142056075	 95.24184	 572.857943925	346.7444	 979.0
30.5	 221.65704	 299.717757009	 95.26576	 573.282242991	316.9228	 873.0
31.0	 248.71112	 404.293457944	 95.28968	 573.706542056	344.0008	 978.0
31.5	 204.7632	 313.869158879	 95.3136	 574.130841121	300.0768	 888.0
32.0	 332.51008	 466.444859813	 95.33752	 574.555140187	427.8476	 1041.0
32.5	 237.48496	 349.020560748	 95.36144	 574.979439252	332.8464	 924.0
33.0	 212.87144	 362.596261682	 95.38536	 575.403738318	308.2568	 938.0
33.5	 128.64072	 199.171962617	 95.40928	 575.828037383	224.05	 775.0
34.0	 127.2836	 211.747663551	 95.4332	 576.252336449	222.7168	 788.0
34.5	 60.33728	 277.323364486	 95.45712	 576.676635514	155.7944	 854.0
35.0	 145.82696	 352.899065421	 95.48104	 577.100934579	241.308	 930.0
35.5	 43.46664	 53.4747663551	 95.50496	 577.525233645	138.9716	 631.0
36.0	 100.26392	 120.05046729	 95.52888	 577.94953271	195.7928	 698.0
36.5	 -45.4796	 -41.3738317757	 95.5528	 578.373831776	50.0732	 537.0
37.0	 -24.24752	 -81.7981308411	 95.57672	 578.798130841	71.3292	 497.0
37.5	 17.67736	 -74.2224299065	 95.60064	 579.222429907	113.278	 505.0
38.0	 -0.09016	 -75.646728972	 95.62456	 579.646728972	95.5344	 504.0
38.5	 -39.44728	 -63.0710280374	 95.64848	 580.071028037	56.2012	 517.0
39.0	 -48.8044	 -50.4953271028	 95.6724	 580.495327103	46.868	 530.0
39.5	 3.94088	 -53.9196261682	 95.69632	 580.919626168	99.6372	 527.0
40.0	 -41.18584	 -77.3439252336	 95.72024	 581.343925234	54.5344	 504.0
40.5	 -71.90176	 -47.7682242991	 95.74416	 581.768224299	23.8424	 534.0
41.0	 -23.15648	 -51.1925233645	 95.76808	 582.192523364	72.6116	 531.0
41.5	 -75.2572	 -39.6168224299	 95.792	 582.61682243	20.5348	 543.0
42.0	 -16.79432	 -77.0411214953	 95.81592	 583.041121495	79.0216	 506.0
42.5	 -6.58784	 -113.465420561	 95.83984	 583.465420561	89.252	 470.0
43.0	 -6.89376	 -108.889719626	 95.86376	 583.889719626	88.97	 475.0
43.5	 -29.53248	 -52.3140186916	 95.88768	 584.314018692	66.3552	 532.0
44.0	 -19.8892	 -0.738317757009	 95.9116	 584.738317757	76.0224	 584.0
44.5	 0.47128	 -22.1626168224	 95.93552	 585.162616822	96.4068	 563.0
45.0	 15.31896	 -41.5869158879	 95.95944	 585.586915888	111.2784	 544.0
45.5	 8.08944	 -88.0112149533	 95.98336	 586.011214953	104.0728	 498.0
46.0	 -39.90808	 -14.4355140187	 96.00728	 586.435514019	56.0992	 572.0
46.5	 -10.112	 -64.8598130841	 96.0312	 586.859813084	85.9192	 522.0
47.0	 -10.72552	 -51.2841121495	 96.05512	 587.28411215	85.3296	 536.0
47.5	 -21.87784	 -70.708411215	 96.07904	 587.708411215	74.2012	 517.0
48.0	 0.32944	 -29.1327102804	 96.10296	 588.13271028	96.4324	 559.0
48.5	 41.38232	 -41.5570093458	 96.12688	 588.557009346	137.5092	 547.0
49.0	 -10.2576	 -101.981308411	 96.1508	 588.981308411	85.8932	 487.0
49.5	 -20.94752	 -37.4056074766	 96.17472	 589.405607477	75.2272	 552.0
50.0	 -15.97144	 -37.8299065421	 96.19864	 589.829906542	80.2272	 552.0
50.5	 46.56864	 -48.2542056075	 96.22256	 590.254205607	142.7912	 542.0
51.0	 -30.48008	 33.3214953271	 96.24648	 590.678504673	65.7664	 624.0
51.5	 49.5212	 -10.1028037383	 96.2704	 591.102803738	145.7916	 581.0
52.0	 -1.50272	 -10.5271028037	 96.29432	 591.527102804	94.7916	 581.0
52.5	 -1.47544	 -18.9514018692	 96.31824	 591.951401869	94.8428	 573.0
53.0	 -15.70416	 12.6242990654	 96.34216	 592.375700935	80.638	 605.0
Actin association begins: 14.5
Actin association ends: 36.0
Length of actin association: 21.5
Cofilin association begins: 19.5
Cofilin association ends: 36.0
Length of cofilin association: 16.5
Delay between actin and cofilin association: 5.0
Maximum normalized actin intensity: 347.1556
Maximum normalized cofilin intensity: 466.444859813