Time	 Int488	 Int561	 Back488	 Back561	 Raw488	 Raw561
0.0	 -30.77424	 11.6	 65.12704	 286.4	34.3528	 298.0
0.5	 -10.71568	 11.7759162304	 65.06848	 286.22408377	54.3528	 298.0
1.0	 -39.88792	 8.95183246073	 65.00992	 286.048167539	25.122	 295.0
1.5	 50.11904	 -21.8722513089	 64.95136	 285.872251309	115.0704	 264.0
2.0	 31.8444	 -8.69633507853	 64.8928	 285.696335079	96.7372	 277.0
2.5	 -11.17384	 3.47958115183	 64.83424	 285.520418848	53.6604	 289.0
3.0	 4.85912	 7.6554973822	 64.77568	 285.344502618	69.6348	 293.0
3.5	 -15.13352	 15.8314136126	 64.71712	 285.168586387	49.5836	 301.0
4.0	 -2.89576	 -11.9926701571	 64.65856	 284.992670157	61.7628	 273.0
4.5	 -19.9396	 4.1832460733	 64.6	 284.816753927	44.6604	 289.0
5.0	 -37.64984	 46.3591623037	 64.54144	 284.640837696	26.8916	 331.0
5.5	 -41.64288	 15.535078534	 64.48288	 284.464921466	22.84	 300.0
6.0	 -26.02032	 5.7109947644	 64.42432	 284.289005236	38.404	 290.0
6.5	 -45.65416	 -3.11308900524	 64.36576	 284.113089005	18.7116	 281.0
7.0	 -6.416	 8.06282722513	 64.3072	 283.937172775	57.8912	 292.0
7.5	 -22.20384	 -15.7612565445	 64.24864	 283.761256545	42.0448	 268.0
8.0	 -12.91448	 -12.5853403141	 64.19008	 283.585340314	51.2756	 271.0
8.5	 -18.41992	 -2.40942408377	 64.13152	 283.409424084	45.7116	 281.0
9.0	 -55.64376	 -36.2335078534	 64.07296	 283.233507853	8.4292	 247.0
9.5	 -15.2	 20.942408377	 64.0144	 283.057591623	48.8144	 304.0
10.0	 -42.60344	 -23.8816753927	 63.95584	 282.881675393	21.3524	 259.0
10.5	 -19.00608	 9.2942408377	 63.89728	 282.705759162	44.8912	 292.0
11.0	 -25.15272	 2.47015706806	 63.83872	 282.529842932	38.686	 285.0
11.5	 -33.37616	 7.64607329843	 63.78016	 282.353926702	30.404	 290.0
12.0	 -26.7024	 -10.1780104712	 63.7216	 282.178010471	37.0192	 272.0
12.5	 -54.54064	 51.9979057592	 63.66304	 282.002094241	9.1224	 334.0
13.0	 -29.61048	 33.1738219895	 63.60448	 281.82617801	33.994	 315.0
13.5	 -11.01392	 -11.6502617801	 63.54592	 281.65026178	52.532	 270.0
14.0	 -2.26296	 -2.47434554974	 63.48736	 281.47434555	61.2244	 279.0
14.5	 -12.8712	 -15.2984293194	 63.4288	 281.298429319	50.5576	 266.0
15.0	 3.52056	 -28.122513089	 63.37024	 281.122513089	66.8908	 253.0
15.5	 -14.65128	 8.05340314136	 63.31168	 280.946596859	48.6604	 289.0
16.0	 -7.51592	 -3.77068062827	 63.25312	 280.770680628	55.7372	 277.0
16.5	 19.90144	 -20.5947643979	 63.19456	 280.594764398	83.096	 260.0
17.0	 18.4984	 -26.4188481675	 63.136	 280.418848168	81.6344	 254.0
17.5	 21.86496	 3.75706806283	 63.07744	 280.242931937	84.9424	 284.0
18.0	 18.76952	 -11.0670157068	 63.01888	 280.067015707	81.7884	 269.0
18.5	 36.18688	 -27.8910994764	 62.96032	 279.891099476	99.1472	 252.0
19.0	 23.68184	 21.2848167539	 62.90176	 279.715183246	86.5836	 301.0
19.5	 22.6632	 -5.53926701571	 62.8432	 279.539267016	85.5064	 274.0
20.0	 26.46536	 -4.36335078534	 62.78464	 279.363350785	89.25	 275.0
20.5	 57.29352	 31.812565445	 62.72608	 279.187434555	120.0196	 311.0
21.0	 39.76248	 45.9884816754	 62.66752	 279.011518325	102.43	 325.0
21.5	 74.58984	 4.16439790576	 62.60896	 278.835602094	137.1988	 283.0
22.0	 100.93	 -39.6596858639	 62.5504	 278.659685864	163.4804	 239.0
22.5	 147.24536	 -1.48376963351	 62.49184	 278.483769634	209.7372	 277.0
23.0	 57.48312	 -29.3078534031	 62.43328	 278.307853403	119.9164	 249.0
23.5	 77.69608	 24.8680628272	 62.37472	 278.131937173	140.0708	 303.0
24.0	 108.72904	 29.0439790576	 62.31616	 277.956020942	171.0452	 307.0
24.5	 196.7616	 -5.78010471204	 62.2576	 277.780104712	259.0192	 272.0
25.0	 177.20496	 12.3958115183	 62.19904	 277.604188482	239.404	 290.0
25.5	 233.82752	 2.57172774869	 62.14048	 277.428272251	295.968	 280.0
26.0	 196.75808	 22.7476439791	 62.08192	 277.252356021	258.84	 300.0
26.5	 200.91904	 6.92356020942	 62.02336	 277.076439791	262.9424	 284.0
27.0	 194.4392	 13.0994764398	 61.9648	 276.90052356	256.404	 290.0
27.5	 294.11296	 -4.72460732984	 61.90624	 276.72460733	356.0192	 272.0
28.0	 266.73552	 -14.5486910995	 61.84768	 276.548691099	328.5832	 262.0
28.5	 308.61528	 52.6272251309	 61.78912	 276.372774869	370.4044	 329.0
29.0	 341.85304	 24.8031413613	 61.73056	 276.196858639	403.5836	 301.0
29.5	 326.476	 53.9790575916	 61.672	 276.020942408	388.148	 330.0
30.0	 364.99616	 60.154973822	 61.61344	 275.845026178	426.6096	 336.0
30.5	 441.82392	 57.3308900524	 61.55488	 275.669109948	503.3788	 333.0
31.0	 394.95928	 45.5068062827	 61.49632	 275.493193717	456.4556	 321.0
31.5	 402.42784	 20.6827225131	 61.43776	 275.317277487	463.8656	 296.0
32.0	 429.3332	 83.8586387435	 61.3792	 275.141361257	490.7124	 359.0
32.5	 600.59656	 52.0345549738	 61.32064	 274.965445026	661.9172	 327.0
33.0	 510.68072	 48.2104712042	 61.26208	 274.789528796	571.9428	 323.0
33.5	 587.38048	 65.3863874346	 61.20352	 274.613612565	648.584	 340.0
34.0	 524.61904	 115.562303665	 61.14496	 274.437696335	585.764	 390.0
34.5	 639.1132	 86.7382198953	 61.0864	 274.261780105	700.1996	 361.0
35.0	 705.68496	 123.914136126	 61.02784	 274.085863874	766.7128	 398.0
35.5	 555.20472	 91.090052356	 60.96928	 273.909947644	616.174	 365.0
36.0	 750.62248	 113.265968586	 60.91072	 273.734031414	811.5332	 387.0
36.5	 704.32144	 52.4418848168	 60.85216	 273.558115183	765.1736	 326.0
37.0	 693.0988	 135.617801047	 60.7936	 273.382198953	753.8924	 409.0
37.5	 859.74696	 121.793717277	 60.73504	 273.206282723	920.482	 395.0
38.0	 948.08752	 116.969633508	 60.67648	 273.030366492	1008.764	 390.0
38.5	 862.86408	 122.145549738	 60.61792	 272.854450262	923.482	 395.0
39.0	 971.12784	 129.321465969	 60.55936	 272.678534031	1031.6872	 402.0
39.5	 889.7768	 193.497382199	 60.5008	 272.502617801	950.2776	 466.0
40.0	 898.14296	 184.673298429	 60.44224	 272.326701571	958.5852	 457.0
40.5	 882.50952	 214.84921466	 60.38368	 272.15078534	942.8932	 487.0
41.0	 934.10688	 248.02513089	 60.32512	 271.97486911	994.432	 520.0
41.5	 1000.90864	 210.20104712	 60.26656	 271.79895288	1061.1752	 482.0
42.0	 983.0444	 237.376963351	 60.208	 271.623036649	1043.2524	 509.0
42.5	 907.46176	 220.552879581	 60.14944	 271.447120419	967.6112	 492.0
43.0	 805.46832	 150.728795812	 60.09088	 271.271204188	865.5592	 422.0
43.5	 980.73288	 235.904712042	 60.03232	 271.095287958	1040.7652	 507.0
44.0	 1056.20144	 211.080628272	 59.97376	 270.919371728	1116.1752	 482.0
44.5	 941.0556	 282.256544503	 59.9152	 270.743455497	1000.9708	 553.0
45.0	 866.62616	 202.432460733	 59.85664	 270.567539267	926.4828	 473.0
45.5	 1003.32592	 219.608376963	 59.79808	 270.391623037	1063.124	 490.0
46.0	 989.28248	 274.784293194	 59.73952	 270.215706806	1049.022	 545.0
46.5	 952.39184	 227.960209424	 59.68096	 270.039790576	1012.0728	 498.0
47.0	 828.7332	 301.136125654	 59.6224	 269.863874346	888.3556	 571.0
47.5	 906.53496	 263.312041885	 59.56384	 269.687958115	966.0988	 533.0
48.0	 876.90112	 254.487958115	 59.50528	 269.512041885	936.4064	 524.0
48.5	 906.78048	 282.663874346	 59.44672	 269.336125654	966.2272	 552.0
49.0	 841.37784	 315.839790576	 59.38816	 269.160209424	900.766	 585.0
49.5	 838.2312	 309.015706806	 59.3296	 268.984293194	897.5608	 578.0
50.0	 876.34136	 340.191623037	 59.27104	 268.808376963	935.6124	 609.0
50.5	 829.73232	 249.367539267	 59.21248	 268.632460733	888.9448	 518.0
51.0	 840.71488	 339.543455497	 59.15392	 268.456544503	899.8688	 608.0
51.5	 822.64504	 320.719371728	 59.09536	 268.280628272	881.7404	 589.0
52.0	 800.7024	 203.895287958	 59.0368	 268.104712042	859.7392	 472.0
52.5	 797.09496	 269.071204188	 58.97824	 267.928795812	856.0732	 537.0
53.0	 804.64072	 271.247120419	 58.91968	 267.752879581	863.5604	 539.0
53.5	 734.70008	 349.423036649	 58.86112	 267.576963351	793.5612	 617.0
54.0	 747.63024	 330.59895288	 58.80256	 267.40104712	806.4328	 598.0
54.5	 777.7652	 279.77486911	 58.744	 267.22513089	836.5092	 547.0
55.0	 727.97816	 333.95078534	 58.68544	 267.04921466	786.6636	 601.0
55.5	 715.08872	 404.126701571	 58.62688	 266.873298429	773.7156	 671.0
56.0	 743.35128	 294.302617801	 58.56832	 266.697382199	801.9196	 561.0
56.5	 819.10304	 381.478534031	 58.50976	 266.521465969	877.6128	 648.0
57.0	 826.7764	 324.654450262	 58.4512	 266.345549738	885.2276	 591.0
57.5	 777.57776	 247.830366492	 58.39264	 266.169633508	835.9704	 514.0
58.0	 776.32832	 218.006282723	 58.33408	 265.993717277	834.6624	 484.0
58.5	 716.41368	 331.182198953	 58.27552	 265.817801047	774.6892	 597.0
59.0	 722.47304	 409.358115183	 58.21696	 265.641884817	780.69	 675.0
59.5	 697.5048	 296.534031414	 58.1584	 265.465968586	755.6632	 562.0
60.0	 715.84576	 330.709947644	 58.09984	 265.290052356	773.9456	 596.0
60.5	 650.77632	 350.885863874	 58.04128	 265.114136126	708.8176	 616.0
61.0	 622.34848	 427.061780105	 57.98272	 264.938219895	680.3312	 692.0
61.5	 647.53504	 407.237696335	 57.92416	 264.762303665	705.4592	 672.0
62.0	 617.7212	 348.413612565	 57.8656	 264.586387435	675.5868	 613.0
62.5	 511.75336	 274.589528796	 57.80704	 264.410471204	569.5604	 539.0
63.0	 414.86472	 422.765445026	 57.74848	 264.234554974	472.6132	 687.0
63.5	 536.46088	 338.941361257	 57.68992	 264.058638743	594.1508	 603.0
64.0	 435.72424	 307.117277487	 57.63136	 263.882722513	493.3556	 571.0
64.5	 544.064	 224.293193717	 57.5728	 263.706806283	601.6368	 488.0
65.0	 507.50736	 242.469109948	 57.51424	 263.530890052	565.0216	 506.0
65.5	 550.20752	 298.645026178	 57.45568	 263.354973822	607.6632	 562.0
66.0	 407.49608	 223.820942408	 57.39712	 263.179057592	464.8932	 487.0
66.5	 504.19584	 240.996858639	 57.33856	 263.003141361	561.5344	 504.0
67.0	 430.5108	 240.172774869	 57.28	 262.827225131	487.7908	 503.0
67.5	 424.49256	 252.348691099	 57.22144	 262.651308901	481.714	 515.0
68.0	 385.14032	 199.52460733	 57.16288	 262.47539267	442.3032	 462.0
68.5	 371.68608	 201.70052356	 57.10432	 262.29947644	428.7904	 464.0
69.0	 361.10464	 301.876439791	 57.04576	 262.123560209	418.1504	 564.0
69.5	 338.9828	 213.052356021	 56.9872	 261.947643979	395.97	 475.0
70.0	 336.60576	 242.228272251	 56.92864	 261.771727749	393.5344	 504.0
70.5	 333.30472	 181.404188482	 56.87008	 261.595811518	390.1748	 443.0
71.0	 311.69688	 207.580104712	 56.81152	 261.419895288	368.5084	 469.0
71.5	 30.08704	 38.7560209424	 56.75296	 261.243979058	86.84	 300.0
72.0	 126.736	 102.931937173	 56.6944	 261.068062827	183.4304	 364.0
72.5	 56.25536	 31.1078534031	 56.63584	 260.892146597	112.8912	 292.0
73.0	 82.49352	 42.2837696335	 56.57728	 260.716230366	139.0708	 303.0
73.5	 -4.37152	 -8.54031413613	 56.51872	 260.540314136	52.1472	 252.0
74.0	 31.91784	 -5.36439790576	 56.46016	 260.364397906	88.378	 255.0
74.5	 -36.9468	 -17.1884816754	 56.4016	 260.188481675	19.4548	 243.0
75.0	 -35.91344	 25.987434555	 56.34304	 260.012565445	20.4296	 286.0
75.5	 -33.26528	 12.1633507853	 56.28448	 259.836649215	23.0192	 272.0
76.0	 -9.92472	 7.33926701571	 56.22592	 259.660732984	46.3012	 267.0
76.5	 -2.32776	 1.51518324607	 56.16736	 259.484816754	53.8396	 261.0
77.0	 -22.8076	 7.69109947644	 56.1088	 259.308900524	33.3012	 267.0
77.5	 -29.69784	 -0.132984293194	 56.05024	 259.132984293	26.3524	 259.0
78.0	 -40.61368	 -3.95706806283	 55.99168	 258.957068063	15.378	 255.0
78.5	 -33.06792	 -1.78115183246	 55.93312	 258.781151832	22.8652	 257.0
79.0	 -54.88096	 17.3947643979	 55.87456	 258.605235602	0.9936	 276.0
79.5	 -22.31	 -23.4293193717	 55.816	 258.429319372	33.506	 235.0
80.0	 -8.45624	 8.74659685864	 55.75744	 258.253403141	47.3012	 267.0
80.5	 -60.80808	 -5.07748691099	 55.69888	 258.077486911	-5.1092	 253.0
81.0	 -52.05712	 4.09842931937	 55.64032	 257.901570681	3.5832	 262.0
81.5	 3.00104	 -34.7256544503	 55.58176	 257.72565445	58.5828	 223.0
82.0	 -39.684	 -35.5497382199	 55.5232	 257.54973822	15.8392	 222.0
82.5	 -6.18944	 -25.3738219895	 55.46464	 257.37382199	49.2752	 232.0
83.0	 -41.07928	 5.80209424084	 55.40608	 257.197905759	14.3268	 263.0
83.5	 -34.27752	 -32.0219895288	 55.34752	 257.021989529	21.07	 225.0
84.0	 -44.14176	 -4.84607329843	 55.28896	 256.846073298	11.1472	 252.0
84.5	 -49.6216	 1.32984293194	 55.2304	 256.670157068	5.6088	 258.0
85.0	 -41.10184	 -31.4942408377	 55.17184	 256.494240838	14.07	 225.0
85.5	 -28.55608	 -29.3183246073	 55.11328	 256.318324607	26.5572	 227.0
86.0	 -35.62552	 -9.14240837696	 55.05472	 256.142408377	19.4292	 247.0
86.5	 -2.20816	 -25.9664921466	 54.99616	 255.966492147	52.788	 230.0
87.0	 -39.534	 -4.79057591623	 54.9376	 255.790575916	15.4036	 251.0
87.5	 -19.01424	 -37.6146596859	 54.87904	 255.614659686	35.8648	 218.0
88.0	 -41.36568	 -12.4387434555	 54.82048	 255.438743455	13.4548	 243.0
88.5	 -31.35832	 -4.26282722513	 54.76192	 255.262827225	23.4036	 251.0
89.0	 -34.63336	 -30.0869109948	 54.70336	 255.086910995	20.07	 225.0
89.5	 -18.8056	 -32.9109947644	 54.6448	 254.910994764	35.8392	 222.0
90.0	 -36.74704	 -32.735078534	 54.58624	 254.735078534	17.8392	 222.0
90.5	 -30.45768	 -29.5591623037	 54.52768	 254.559162304	24.07	 225.0
91.0	 -23.11712	 -34.3832460733	 54.46912	 254.383246073	31.352	 220.0
91.5	 7.27504	 -8.20732984293	 54.41056	 254.207329843	61.6856	 246.0
92.0	 20.2312	 7.96858638743	 54.352	 254.031413613	74.5832	 262.0
92.5	 1.31536	 4.1445026178	 54.29344	 253.855497382	55.6088	 258.0
93.0	 -10.65168	 8.32041884817	 54.23488	 253.679581152	43.5832	 262.0
93.5	 -33.49032	 31.4963350785	 54.17632	 253.503664921	20.686	 285.0
94.0	 2.84984	 -12.3277486911	 54.11776	 253.327748691	56.9676	 241.0
94.5	 8.524	 8.84816753927	 54.0592	 253.151832461	62.5832	 262.0
95.0	 31.88976	 -38.9759162304	 54.00064	 252.97591623	85.8904	 214.0
Actin association begins: 16.5
Actin association ends: 73.0
Length of actin association: 56.5
Cofilin association begins: 28.5
Cofilin association ends: 73.0
Length of cofilin association: 44.5
Delay between actin and cofilin association: 12.0
Maximum normalized actin intensity: 1056.20144
Maximum normalized cofilin intensity: 427.061780105