Time	 Int488	 Int561	 Back488	 Back561	 Raw488	 Raw561
0.0	 -21.9365406182	 9.72192014633	 45.06464	 202.4	27.916	 210.0
0.5	 -20.5127073509	 -1.86594685443	 45.2591746108	 202.458682635	29.2236	 201.0
1.0	 -9.18326081444	 -12.1746138359	 45.4537092216	 202.517365269	38.2748	 193.0
1.5	 26.2872484853	 3.10071956763	 45.6482438323	 202.576047904	66.198	 205.0
2.0	 22.8567735196	 0.467252701644	 45.8427784431	 202.634730539	63.7108	 203.0
2.5	 -31.5774529338	 22.1385862015	 46.0373130539	 202.693413174	21.352	 220.0
3.0	 6.48420392495	 32.297119528	 46.2318476647	 202.752095808	51.3008	 228.0
3.5	 9.64672585844	 48.8516529509	 46.4263822754	 202.810778443	53.9676	 241.0
4.0	 1.91916218802	 18.0757856613	 46.6209168862	 202.869461078	48.1212	 217.0
4.5	 26.3031007609	 16.7215188146	 46.815451497	 202.928143713	67.3776	 216.0
5.0	 -18.1272698619	 24.3216521026	 47.0099861078	 202.986826347	32.8392	 222.0
5.5	 1.46785551891	 21.6881852366	 47.2045207186	 203.045508982	48.352	 220.0
6.0	 -5.37399005818	 2.42511812033	 47.3990553293	 203.104191617	43.198	 205.0
6.5	 -10.3461568871	 -9.16274888043	 47.5935899401	 203.162874251	39.5056	 196.0
7.0	 8.19951279791	 2.27498446538	 47.7881245509	 203.221556886	54.198	 205.0
7.5	 -25.0787920571	 16.2711178497	 47.9826591617	 203.280239521	28.3776	 216.0
8.0	 37.3531602085	 16.1960510222	 48.1771937725	 203.338922156	77.3776	 216.0
8.5	 2.66415357227	 0.770583963694	 48.3717283832	 203.39760479	50.4544	 204.0
9.0	 49.6474630453	 16.0459173673	 48.566262994	 203.456287425	87.3776	 216.0
9.5	 10.3993875405	 13.4124505013	 48.7607976048	 203.51497006	56.8904	 214.0
10.0	 25.0747096473	 29.9669839241	 48.9553322156	 203.573652695	68.5572	 227.0
10.5	 67.4329435307	 18.3791169233	 49.1498668263	 203.632335329	101.8648	 218.0
11.0	 44.7162257147	 31.0960502884	 49.3444014371	 203.691017964	84.3008	 228.0
11.5	 70.6413444708	 -11.1926171745	 49.5389360479	 203.749700599	104.762	 195.0
12.0	 75.6735451524	 13.0371163639	 49.7334706587	 203.808383234	108.8904	 214.0
12.5	 74.8342177457	 5.28684942089	 49.9280052695	 203.867065868	108.4288	 208.0
13.0	 117.323953391	 23.120582863	 50.1225398802	 203.925748503	141.8392	 222.0
13.5	 148.366383904	 30.720716151	 50.317074491	 203.984431138	166.3008	 228.0
14.0	 159.695830441	 20.4120491695	 50.5116091018	 204.043113772	175.352	 220.0
14.5	 145.146037228	 6.26578213024	 50.7061437126	 204.101796407	164.1724	 209.0
15.0	 213.547760143	 22.8203155531	 50.9006783234	 204.160479042	217.8392	 222.0
15.5	 251.642164522	 27.8620488026	 51.0952129341	 204.219161677	247.8136	 226.0
16.0	 264.579309643	 66.1629825527	 51.2897475449	 204.277844311	258.1216	 256.0
16.5	 292.53784475	 5.96551482033	 51.4842821557	 204.336526946	280.1724	 209.0
17.0	 287.762674724	 13.5656481084	 51.6788167665	 204.395209581	276.634	 215.0
17.5	 292.237144197	 25.0033814542	 51.8733513772	 204.453892216	280.3264	 224.0
18.0	 221.63229446	 24.9283146267	 52.067885988	 204.51257485	225.3264	 224.0
18.5	 303.547486379	 28.690847857	 52.2624205988	 204.571257485	289.5572	 227.0
19.0	 368.144356757	 40.1285812028	 52.4569552096	 204.62994012	340.2496	 236.0
19.5	 301.180621955	 70.7543148374	 52.6514898204	 204.688622754	288.096	 260.0
20.0	 345.047288501	 23.3488472975	 52.8460244311	 204.747305389	322.5828	 223.0
20.5	 285.726006294	 59.0913810092	 53.0405590419	 204.805988024	276.4036	 251.0
21.0	 342.581669836	 30.8739137581	 53.2350936527	 204.864670659	321.0444	 229.0
21.5	 353.681883729	 56.3828473157	 53.4296282635	 204.923353293	329.9164	 249.0
22.0	 400.53369144	 42.2365802764	 53.6241628743	 204.982035928	366.7368	 238.0
22.5	 374.044868607	 44.7199134875	 53.818697485	 205.040718563	346.224	 240.0
23.0	 385.83380379	 62.5536469295	 54.0132320958	 205.099401198	355.6344	 254.0
23.5	 369.709571194	 44.5697798325	 54.2077667066	 205.158083832	343.224	 240.0
24.0	 378.283620889	 15.0731125622	 54.4023013174	 205.216766467	350.1212	 217.0
24.5	 379.117487107	 45.6988461968	 54.5968359281	 205.275449102	350.9676	 241.0
25.0	 271.776571217	 39.2277792731	 54.7913705389	 205.334131737	267.2496	 236.0
25.5	 381.309179872	 25.0815122338	 54.9859051497	 205.392814371	353.07	 225.0
26.0	 409.629472744	 58.2656459069	 55.1804397605	 205.451497006	375.4036	 251.0
26.5	 402.820886367	 83.7745794645	 55.3749743713	 205.510179641	370.2756	 271.0
27.0	 439.636090727	 88.8163127141	 55.569508982	 205.568862275	399.25	 275.0
27.5	 304.185010255	 27.3396449624	 55.7640435928	 205.62754491	293.5572	 227.0
28.0	 383.739310618	 100.178979232	 55.9585782036	 205.686227545	355.9424	 284.0
28.5	 533.878844684	 137.200712963	 56.1531128144	 205.74491018	473.5068	 313.0
29.0	 520.182022043	 139.684046174	 56.3476474251	 205.803592814	462.994	 315.0
29.5	 367.41313171	 135.771379289	 56.5421820359	 205.862275449	343.7632	 312.0
30.0	 366.507797582	 88.3659117492	 56.7367166467	 205.920958084	343.25	 275.0
30.5	 376.295552255	 69.1028446329	 56.9312512575	 205.979640719	351.096	 260.0
31.0	 199.779592764	 77.9821779402	 57.1257858683	 206.038323353	213.3012	 267.0
31.5	 176.111661814	 89.419911286	 57.320320479	 206.097005988	194.9936	 276.0
32.0	 600.0	 126.441645017	 57.5148550898	 206.155688623	526.558	 305.0
32.5	 518.637589781	 208.235379422	 57.7093897006	 206.214371257	463.1484	 369.0
33.0	 406.376358937	 171.063512036	 57.9039243114	 206.273053892	375.584	 340.0
33.5	 489.735511838	 249.019646383	 58.0984589222	 206.331736527	440.9436	 401.0
34.0	 431.463173647	 220.802179132	 58.2929935329	 206.390419162	395.5844	 379.0
34.5	 407.597222534	 113.274310687	 58.4875281437	 206.449101796	377.122	 295.0
35.0	 329.87541557	 175.880044803	 58.6820627545	 206.507784431	316.5584	 344.0
35.5	 350.453989925	 119.520177128	 58.8765973653	 206.566467066	332.84	 300.0
36.0	 407.014925782	 137.35391057	 59.071131976	 206.625149701	377.2504	 314.0
36.5	 386.232870076	 97.623643146	 59.2656665868	 206.683832335	361.1988	 283.0
37.0	 380.113516669	 165.346177339	 59.4602011976	 206.74251497	356.6096	 336.0
37.5	 303.505637082	 103.869509587	 59.6547358084	 206.801197605	296.9168	 288.0
38.0	 317.066520132	 194.617644127	 59.8492704192	 206.85988024	307.7124	 359.0
38.5	 330.428871339	 116.511376125	 60.0438050299	 206.918562874	318.3528	 298.0
39.0	 290.754566388	 130.507509509	 60.2383396407	 206.977245509	287.5324	 309.0
39.5	 187.448247359	 143.224442874	 60.4328742515	 207.035928144	206.9684	 319.0
40.0	 130.816355272	 158.499776278	 60.6274088623	 207.094610778	162.8916	 331.0
40.5	 218.274576715	 145.632709258	 60.8219434731	 207.153293413	231.4556	 321.0
41.0	 316.359880237	 121.252842065	 61.0164780838	 207.211976048	308.3272	 302.0
41.5	 262.614375074	 135.248975449	 61.2110126946	 207.270658683	266.5068	 313.0
42.0	 142.186219627	 124.940308467	 61.4055473054	 207.329341317	172.558	 305.0
42.5	 225.937831094	 91.6060411393	 61.6000819162	 207.388023952	238.2244	 279.0
43.0	 239.333953181	 108.160574562	 61.7946165269	 207.446706587	248.8912	 292.0
43.5	 275.657944734	 189.954308967	 61.9891511377	 207.505389222	277.4816	 356.0
44.0	 185.832347188	 194.996042216	 62.1836857485	 207.564071856	207.456	 360.0
44.5	 177.514304788	 156.544974811	 62.3782203593	 207.622754491	201.148	 330.0
45.0	 190.877679355	 178.216308311	 62.5727549701	 207.681437126	211.7892	 347.0
45.5	 123.781931111	 129.531640752	 62.7672895808	 207.74011976	159.5324	 309.0
46.0	 159.416689694	 169.111774521	 62.9618241916	 207.798802395	187.584	 340.0
46.5	 128.073558628	 180.549507867	 63.1563588024	 207.85748503	163.2764	 349.0
47.0	 147.930664172	 136.981640385	 63.3508934132	 207.916167665	178.994	 315.0
47.5	 100.679401667	 135.627373538	 63.545428024	 207.974850299	142.2504	 314.0
48.0	 79.3401264318	 132.993906672	 63.7399626347	 208.033532934	125.7632	 312.0
48.5	 64.7903332187	 118.847639633	 63.9344972455	 208.092215569	114.5836	 301.0
49.0	 9.96211315938	 102.142972555	 64.1290318563	 208.150898204	71.9168	 288.0
49.5	 17.9129366049	 70.0879052465	 64.3235664671	 208.209580838	78.3268	 263.0
50.0	 22.2231567957	 57.2208382265	 64.5181010778	 208.268263473	81.8908	 253.0
50.5	 32.2406557924	 52.028971322	 64.7126356886	 208.326946108	89.9164	 249.0
51.0	 -15.6665804828	 53.2331045138	 64.9071702994	 208.385628743	52.66	 250.0
51.5	 6.32320733407	 76.1836380329	 65.1017049102	 208.444311377	70.0448	 268.0
52.0	 40.2852839711	 127.276571976	 65.296239521	 208.502994012	96.7888	 308.0
52.5	 -17.2983329297	 91.383904609	 65.4907741317	 208.561676647	51.968	 280.0
53.0	 8.20055638001	 65.7248373964	 65.6853087425	 208.620359281	72.096	 260.0
53.5	 26.3527441391	 88.6753709155	 65.8798433533	 208.679041916	86.4808	 278.0
54.0	 34.6648136701	 100.113104261	 66.0743779641	 208.737724551	93.1732	 287.0
54.5	 50.1598471492	 88.5252372606	 66.2689125749	 208.796407186	105.4808	 278.0
55.0	 15.0440993866	 39.8405697015	 66.4634471856	 208.85508982	78.224	 240.0
55.5	 2.0037621962	 89.6543036249	 66.6579817964	 208.913772455	68.2244	 279.0
56.0	 -45.837979038	 80.6248366626	 66.8525164072	 208.97245509	31.0192	 272.0
56.5	 -35.0335161895	 52.4073694116	 67.047051018	 209.031137725	39.66	 250.0
57.0	 -24.097039899	 103.500303354	 67.2415856287	 209.089820359	48.404	 290.0
57.5	 11.3729577208	 68.8868360069	 67.4361202395	 209.148502994	76.3268	 263.0
58.0	 5.51558447851	 95.6749695838	 67.6306548503	 209.207185629	71.9424	 284.0
58.5	 -30.6823665004	 66.1783023134	 67.8251894611	 209.265868263	43.8396	 261.0
59.0	 -18.6969461941	 53.3112352934	 68.0197240719	 209.324550898	53.4036	 251.0
59.5	 -42.7583590704	 76.2617688125	 68.2142586826	 209.383233533	34.7884	 269.0
60.0	 -0.6953645514	 60.836301754	 68.4087932934	 209.441916168	67.8652	 257.0
60.5	 -15.0476492815	 115.766835754	 68.6033279042	 209.500598802	56.84	 300.0
61.0	 -2.01226159944	 138.717369274	 68.797862515	 209.559281437	67.2248	 318.0
61.5	 -23.9747630841	 133.525502369	 68.9923971257	 209.617964072	50.2504	 314.0
62.0	 21.2043626818	 130.892035503	 69.1869317365	 209.676646707	85.7632	 312.0
62.5	 82.0618755637	 126.979368618	 69.3814663473	 209.735329341	133.5324	 309.0
63.0	 7.75092753108	 156.325902233	 69.5760009581	 209.794011976	75.6352	 332.0
63.5	 40.5310233504	 92.290834443	 69.7705355689	 209.852694611	101.4552	 282.0
64.0	 45.497728991	 126.754168135	 69.9650701796	 209.911377246	105.5324	 309.0
64.5	 12.9403812669	 78.0695005763	 70.1596047904	 209.97005988	80.2756	 271.0
65.0	 11.2153357668	 58.80643346	 70.3541394012	 210.028742515	79.1216	 256.0
65.5	 -5.10589363297	 21.6345660741	 70.548674012	 210.08742515	66.5572	 227.0
66.0	 29.315159971	 50.9810996895	 70.7432086228	 210.146107784	93.66	 250.0
66.5	 5.22099957425	 79.0484332856	 70.9377432335	 210.204790419	75.0192	 272.0
67.0	 -2.44055737518	 87.9277665929	 71.1322778443	 210.263473054	69.2244	 279.0
67.5	 45.7886929166	 58.4310993226	 71.3268124551	 210.322155689	107.1216	 256.0
68.0	 -27.0465699738	 57.0768324759	 71.5213470659	 210.380838323	50.378	 255.0
68.5	 -0.66196257073	 42.9305654366	 71.7158816766	 210.439520958	71.1984	 244.0
69.0	 10.4709988427	 63.3226989172	 71.9104162874	 210.498203593	80.096	 260.0
69.5	 26.4582684893	 74.760432263	 72.1049508982	 210.556886228	92.7884	 269.0
70.0	 28.9970524934	 38.8677648964	 72.299485509	 210.615568862	94.9676	 241.0
70.5	 3.65592791783	 11.9294976646	 72.4940201198	 210.674251497	75.352	 220.0
71.0	 10.853046712	 47.6720313762	 72.6885547305	 210.732934132	81.1728	 248.0
71.5	 -24.4591861736	 29.6881642792	 72.8830893413	 210.791616766	53.7624	 234.0
72.0	 -10.1778576727	 7.86669712439	 73.0776239521	 210.850299401	65.1212	 217.0
72.5	 -3.07949311998	 9.07083031617	 73.2721585629	 210.908982036	70.8648	 218.0
73.0	 -33.1761716871	 25.625363739	 73.4666931737	 210.967664671	47.5316	 231.0
73.5	 -18.0418726134	 20.4334968345	 73.6612277844	 211.026347305	59.5572	 227.0
74.0	 31.7618170621	 -5.22557037805	 73.8557623952	 211.08502994	98.6852	 207.0
74.5	 1.00916472513	 13.8873630833	 74.050297006	 211.143712575	74.8392	 222.0
75.0	 35.6267034521	 12.5330962365	 74.2448316168	 211.20239521	102.0956	 221.0
75.5	 22.2906152172	 8.62042935131	 74.4393662275	 211.261077844	91.8648	 218.0
76.0	 -20.4015784195	 -5.52583768796	 74.6339008383	 211.319760479	58.6852	 207.0
76.5	 -0.707698797143	 26.3790959659	 74.8284354491	 211.378443114	74.2752	 232.0
77.0	 -17.1926657994	 14.7912289651	 75.0229700599	 211.437125749	61.5828	 223.0
77.5	 -44.2064723201	 -0.634238093379	 75.2175046707	 211.495808383	40.6596	 211.0
78.0	 -17.8546124376	 -9.66370505563	 75.4120392814	 211.554491018	61.4544	 204.0
78.5	 -14.2986085781	 -4.62197180609	 75.6065738922	 211.613173653	64.4288	 208.0
79.0	 -4.01861773752	 -0.85943857581	 75.801108503	 211.671856287	72.6596	 211.0
79.5	 44.0141474313	 0.344694615967	 75.9956431138	 211.730538922	110.4032	 212.0
80.0	 -22.1953710393	 13.061627981	 76.1901777246	 211.789221557	58.8392	 222.0
80.5	 6.61664632024	 19.3825612498	 76.3847123353	 211.847904192	81.5572	 227.0
81.0	 23.4891223801	 -7.55570598199	 76.5792469461	 211.906586826	94.9416	 206.0
81.5	 -33.2082647474	 17.9532275756	 76.7737815569	 211.965269461	50.8136	 226.0
82.0	 15.0209855444	 -11.5434396947	 76.9683161677	 212.023952096	88.7108	 203.0
82.5	 -16.3876405624	 10.1278938051	 77.1628507784	 212.082634731	64.352	 220.0
83.0	 14.8185275531	 -7.8559732919	 77.3573853892	 212.141317365	88.9416	 206.0
Actin association begins: 8.0
Actin association ends: 50.5
Length of actin association: 42.5
Area under actin curve during patch life: 21962.0674808
Cofilin association begins: 12.0
Cofilin association ends: 73.5
Length of cofilin association: 61.5
Delay between actin and cofilin association: 4.0
Area under cofilin curve during patch life: 10736.6413487
Cofilin intensity score: 170.52032667