Time	 Int488	 Int561	 Back488	 Back561	 Raw488	 Raw561
0.0	 34.30744	 -24.6	 29.81376	 241.6	64.1212	 217.0
0.5	 -3.17697450292	 28.6116959064	 29.7089745029	 241.388304094	26.532	 270.0
1.0	 -12.1493890058	 1.82339181287	 29.6041890058	 241.176608187	17.4548	 243.0
1.5	 -22.3778035088	 15.0350877193	 29.4994035088	 240.964912281	7.1216	 256.0
2.0	 4.4445819883	 -18.7532163743	 29.3946180117	 240.753216374	33.8392	 222.0
2.5	 3.49816748538	 -10.5415204678	 29.2898325146	 240.541520468	32.788	 230.0
3.0	 22.0645529825	 -4.3298245614	 29.1850470175	 240.329824561	51.2496	 236.0
3.5	 -3.65146152047	 -32.118128655	 29.0802615205	 240.118128655	25.4288	 208.0
4.0	 22.8381239766	 -13.9064327485	 28.9754760234	 239.906432749	51.8136	 226.0
4.5	 12.5585094737	 7.30526315789	 28.8706905263	 239.694736842	41.4292	 247.0
5.0	 9.89369497076	 -28.4830409357	 28.7659050292	 239.483040936	38.6596	 211.0
5.5	 -1.12951953216	 -8.27134502924	 28.6611195322	 239.271345029	27.5316	 231.0
6.0	 -9.79393403509	 -5.05964912281	 28.5563340351	 239.059649123	18.7624	 234.0
6.5	 -7.17634853801	 -6.84795321637	 28.451548538	 238.847953216	21.2752	 232.0
7.0	 -12.4051630409	 -32.6362573099	 28.3467630409	 238.63625731	15.9416	 206.0
7.5	 19.5972224561	 -16.4245614035	 28.2419775439	 238.424561404	47.8392	 222.0
8.0	 15.0352079532	 -29.2128654971	 28.1371920468	 238.212865497	43.1724	 209.0
8.5	 -11.7828065497	 -2.00116959064	 28.0324065497	 238.001169591	16.2496	 236.0
9.0	 14.4755789474	 -25.7894736842	 27.9276210526	 237.789473684	42.4032	 212.0
9.5	 -18.4704355556	 21.4222222222	 27.8228355556	 237.577777778	9.3524	 259.0
10.0	 8.09554994152	 -11.3660818713	 27.7180500585	 237.366081871	35.8136	 226.0
10.5	 -12.9020645614	 4.84561403509	 27.6132645614	 237.154385965	14.7112	 242.0
11.0	 -12.2844790643	 3.05730994152	 27.5084790643	 236.942690058	15.224	 240.0
11.5	 13.8459064327	 -0.730994152047	 27.4036935673	 236.730994152	41.2496	 236.0
12.0	 13.5658919298	 -18.5192982456	 27.2989080702	 236.519298246	40.8648	 218.0
12.5	 11.8758774269	 -11.3076023392	 27.1941225731	 236.307602339	39.07	 225.0
13.0	 13.878262924	 4.90409356725	 27.089337076	 236.095906433	40.9676	 241.0
13.5	 14.8290484211	 -9.88421052632	 26.9845515789	 235.884210526	41.8136	 226.0
14.0	 33.4722339181	 -15.6725146199	 26.8797660819	 235.67251462	60.352	 220.0
14.5	 22.4490194152	 4.53918128655	 26.7749805848	 235.460818713	49.224	 240.0
15.0	 27.9894049123	 -24.249122807	 26.6701950877	 235.249122807	54.6596	 211.0
15.5	 55.0173904094	 -12.0374269006	 26.5654095906	 235.037426901	81.5828	 223.0
16.0	 80.7373759064	 -29.8257309942	 26.4606240936	 234.825730994	107.198	 205.0
16.5	 85.0729614035	 -26.6140350877	 26.3558385965	 234.614035088	111.4288	 208.0
17.0	 76.0241469006	 -2.40233918129	 26.2510530994	 234.402339181	102.2752	 232.0
17.5	 113.820932398	 -32.1906432749	 26.1462676023	 234.190643275	139.9672	 202.0
18.0	 128.490117895	 -2.97894736842	 26.0414821053	 233.978947368	154.5316	 231.0
18.5	 124.440903392	 -17.767251462	 25.9366966082	 233.767251462	150.3776	 216.0
19.0	 156.520088889	 -13.5555555556	 25.8319111111	 233.555555556	182.352	 220.0
19.5	 194.906874386	 -18.3438596491	 25.727125614	 233.343859649	220.634	 215.0
20.0	 203.934859883	 -6.13216374269	 25.622340117	 233.132163743	229.5572	 227.0
20.5	 194.19324538	 -29.9204678363	 25.5175546199	 232.920467836	219.7108	 203.0
21.0	 149.913630877	 -8.70877192982	 25.4127691228	 232.70877193	175.3264	 224.0
21.5	 177.121216374	 14.5029239766	 25.3079836257	 232.497076023	202.4292	 247.0
22.0	 202.892401871	 -11.285380117	 25.2031981287	 232.285380117	228.0956	 221.0
22.5	 164.176787368	 -0.0736842105263	 25.0984126316	 232.073684211	189.2752	 232.0
23.0	 223.307172865	 -3.86198830409	 24.9936271345	 231.861988304	248.3008	 228.0
23.5	 196.309158363	 -26.6502923977	 24.8888416374	 231.650292398	221.198	 205.0
24.0	 193.51674386	 -3.43859649123	 24.7840561404	 231.438596491	218.3008	 228.0
24.5	 238.365129357	 -2.2269005848	 24.6792706433	 231.226900585	263.0444	 229.0
25.0	 262.162314854	 6.98479532164	 24.5744851462	 231.015204678	286.7368	 238.0
25.5	 248.779900351	 5.19649122807	 24.4696996491	 230.803508772	273.2496	 236.0
26.0	 260.679485848	 -1.5918128655	 24.364914152	 230.591812865	285.0444	 229.0
26.5	 227.887071345	 21.6198830409	 24.260128655	 230.380116959	252.1472	 252.0
27.0	 280.094256842	 5.83157894737	 24.1553431579	 230.168421053	304.2496	 236.0
27.5	 299.173442339	 10.0432748538	 24.0505576608	 229.956725146	323.224	 240.0
28.0	 288.637027836	 -6.74502923977	 23.9457721637	 229.74502924	312.5828	 223.0
28.5	 279.716213333	 -2.53333333333	 23.8409866667	 229.533333333	303.5572	 227.0
29.0	 356.35939883	 -8.3216374269	 23.7362011696	 229.321637427	380.0956	 221.0
29.5	 301.848984327	 9.89005847953	 23.6314156725	 229.10994152	325.4804	 239.0
30.0	 284.235769825	 5.10175438596	 23.5266301754	 228.898245614	307.7624	 234.0
30.5	 299.160955322	 -5.6865497076	 23.4218446784	 228.686549708	322.5828	 223.0
31.0	 337.778540819	 -7.47485380117	 23.3170591813	 228.474853801	361.0956	 221.0
31.5	 315.396126316	 -9.26315789474	 23.2122736842	 228.263157895	338.6084	 219.0
32.0	 342.475711813	 33.9485380117	 23.1074881871	 228.051461988	365.5832	 262.0
32.5	 365.60569731	 -8.83976608187	 23.0027026901	 227.839766082	388.6084	 219.0
33.0	 292.351682807	 8.37192982456	 22.897917193	 227.628070175	315.2496	 236.0
33.5	 281.251268304	 1.58362573099	 22.7931316959	 227.416374269	304.0444	 229.0
34.0	 297.740853801	 19.7953216374	 22.6883461988	 227.204678363	320.4292	 247.0
34.5	 316.255639298	 -4.99298245614	 22.5835607018	 226.992982456	338.8392	 222.0
35.0	 293.027224795	 8.21871345029	 22.4787752047	 226.78128655	315.506	 235.0
35.5	 280.362810292	 11.4304093567	 22.3739897076	 226.569590643	302.7368	 238.0
36.0	 280.313995789	 35.6421052632	 22.2692042105	 226.357894737	302.5832	 262.0
36.5	 301.392781287	 0.853801169591	 22.1644187135	 226.14619883	323.5572	 227.0
37.0	 329.523166784	 -2.93450292398	 22.0596332164	 225.934502924	351.5828	 223.0
37.5	 244.397552281	 33.2771929825	 21.9548477193	 225.722807018	266.3524	 259.0
38.0	 311.655937778	 9.48888888889	 21.8500622222	 225.511111111	333.506	 235.0
38.5	 384.914723275	 24.7005847953	 21.7452767251	 225.299415205	406.66	 250.0
39.0	 391.788708772	 21.9122807018	 21.6404912281	 225.087719298	413.4292	 247.0
39.5	 390.073094269	 33.1239766082	 21.535705731	 224.876023392	411.6088	 258.0
40.0	 366.844279766	 7.33567251462	 21.4309202339	 224.664327485	388.2752	 232.0
40.5	 335.539065263	 32.5473684211	 21.3261347368	 224.452631579	356.8652	 257.0
41.0	 346.84865076	 0.759064327485	 21.2213492398	 224.240935673	368.07	 225.0
41.5	 337.235436257	 -4.02923976608	 21.1165637427	 224.029239766	358.352	 220.0
42.0	 291.827421754	 -1.81754385965	 21.0117782456	 223.81754386	312.8392	 222.0
42.5	 286.163407251	 40.3941520468	 20.9069927485	 223.605847953	307.0704	 264.0
43.0	 275.908992749	 18.6058479532	 20.8022072515	 223.394152047	296.7112	 242.0
43.5	 385.936978246	 30.8175438596	 20.6974217544	 223.18245614	406.6344	 254.0
44.0	 282.092963743	 23.0292397661	 20.5926362573	 222.970760234	302.6856	 246.0
44.5	 226.01814924	 12.2409356725	 20.4878507602	 222.759064327	246.506	 235.0
45.0	 282.994934737	 32.4526315789	 20.3830652632	 222.547368421	303.378	 255.0
45.5	 236.612520234	 30.6643274854	 20.2782797661	 222.335672515	256.8908	 253.0
46.0	 283.845305731	 10.8760233918	 20.173494269	 222.123976608	304.0188	 233.0
46.5	 236.488491228	 5.08771929825	 20.0687087719	 221.912280702	256.5572	 227.0
47.0	 228.978076725	 23.2994152047	 19.9639232749	 221.700584795	248.942	 245.0
47.5	 283.544462222	 29.5111111111	 19.8591377778	 221.488888889	303.4036	 251.0
48.0	 298.700847719	 60.7228070175	 19.7543522807	 221.277192982	318.4552	 282.0
48.5	 266.472033216	 34.934502924	 19.6495667836	 221.065497076	286.1216	 256.0
49.0	 180.961618713	 53.1461988304	 19.5447812865	 220.85380117	200.5064	 274.0
49.5	 186.220404211	 68.3578947368	 19.4399957895	 220.642105263	205.6604	 289.0
50.0	 208.093989708	 26.5695906433	 19.3352102924	 220.430409357	227.4292	 247.0
50.5	 229.967975205	 23.7812865497	 19.2304247953	 220.21871345	249.1984	 244.0
51.0	 163.713560702	 1.99298245614	 19.1256392982	 220.007017544	182.8392	 222.0
51.5	 144.433946199	 23.2046783626	 19.0208538012	 219.795321637	163.4548	 243.0
52.0	 146.435931696	 0.416374269006	 18.9160683041	 219.583625731	165.352	 220.0
52.5	 147.310317193	 36.6280701754	 18.811282807	 219.371929825	166.1216	 256.0
53.0	 173.18430269	 33.8397660819	 18.7064973099	 219.160233918	191.8908	 253.0
53.5	 129.981088187	 4.0514619883	 18.6017118129	 218.948538012	148.5828	 223.0
54.0	 163.445073684	 26.2631578947	 18.4969263158	 218.736842105	181.942	 245.0
54.5	 108.139459181	 12.4748538012	 18.3921408187	 218.525146199	126.5316	 231.0
55.0	 150.244244678	 12.6865497076	 18.2873553216	 218.313450292	168.5316	 231.0
55.5	 166.733830175	 30.898245614	 18.1825698246	 218.101754386	184.9164	 249.0
56.0	 129.428215673	 17.1099415205	 18.0777843275	 217.89005848	147.506	 235.0
56.5	 150.04580117	 15.3216374269	 17.9729988304	 217.678362573	168.0188	 233.0
57.0	 170.124986667	 19.5333333333	 17.8682133333	 217.466666667	187.9932	 237.0
57.5	 108.896572164	 32.7450292398	 17.7634278363	 217.25497076	126.66	 250.0
58.0	 122.642157661	 10.9567251462	 17.6586423392	 217.043274854	140.3008	 228.0
58.5	 117.567343158	 0.168421052632	 17.5538568421	 216.831578947	135.1212	 217.0
59.0	 84.184928655	 -1.61988304094	 17.449071345	 216.619883041	101.634	 215.0
59.5	 100.469314152	 9.5918128655	 17.344285848	 216.408187135	117.8136	 226.0
60.0	 93.7280996491	 24.8035087719	 17.2395003509	 216.196491228	110.9676	 241.0
60.5	 78.5764851462	 26.0152046784	 17.1347148538	 215.984795322	95.7112	 242.0
61.0	 85.8092706433	 6.2269005848	 17.0299293567	 215.773099415	102.8392	 222.0
61.5	 69.3500561404	 16.4385964912	 16.9251438596	 215.561403509	86.2752	 232.0
62.0	 90.6856416374	 19.6502923977	 16.8203583626	 215.349707602	107.506	 235.0
62.5	 74.7904271345	 19.8619883041	 16.7155728655	 215.138011696	91.506	 235.0
63.0	 66.4080126316	 18.0736842105	 16.6107873684	 214.926315789	83.0188	 233.0
63.5	 72.3843981287	 -0.714619883041	 16.5060018713	 214.714619883	88.8904	 214.0
64.0	 38.6431836257	 14.4970760234	 16.4012163743	 214.502923977	55.0444	 229.0
64.5	 22.1067691228	 -2.29122807018	 16.2964308772	 214.29122807	38.4032	 212.0
65.0	 52.5195546199	 27.9204678363	 16.1916453801	 214.079532164	68.7112	 242.0
65.5	 108.470340117	 13.1321637427	 16.086859883	 213.867836257	124.5572	 227.0
66.0	 107.344325614	 10.3438596491	 15.982074386	 213.656140351	123.3264	 224.0
66.5	 52.9875111111	 4.55555555556	 15.8772888889	 213.444444444	68.8648	 218.0
67.0	 8.14349660819	 -3.23274853801	 15.7725033918	 213.232748538	23.916	 210.0
67.5	 43.7610821053	 -5.02105263158	 15.6677178947	 213.021052632	59.4288	 208.0
68.0	 10.5582676023	 4.19064327485	 15.5629323977	 212.809356725	26.1212	 217.0
68.5	 78.0478530994	 22.4023391813	 15.4581469006	 212.597660819	93.506	 235.0
69.0	 6.22943859649	 10.6140350877	 15.3533614035	 212.385964912	21.5828	 223.0
69.5	 3.77022409357	 20.8257309942	 15.2485759064	 212.174269006	19.0188	 233.0
70.0	 25.1826095906	 12.0374269006	 15.1437904094	 211.962573099	40.3264	 224.0
70.5	 13.8769950877	 -1.75087719298	 15.0390049123	 211.750877193	28.916	 210.0
71.0	 17.6741805848	 7.46081871345	 14.9342194152	 211.539181287	32.6084	 219.0
71.5	 6.03536608187	 6.67251461988	 14.8294339181	 211.32748538	20.8648	 218.0
72.0	 -17.0138484211	 -8.11578947368	 14.7246484211	 211.115789474	-2.2892	 203.0
72.5	 4.27053707602	 3.09590643275	 14.619862924	 210.904093567	18.8904	 214.0
73.0	 -0.983477426901	 20.3076023392	 14.5150774269	 210.692397661	13.5316	 231.0
73.5	 12.2237080702	 4.51929824561	 14.4102919298	 210.480701754	26.634	 215.0
74.0	 -12.3383064327	 -8.26900584795	 14.3055064327	 210.269005848	1.9672	 202.0
74.5	 -11.2335209357	 -8.05730994152	 14.2007209357	 210.057309942	2.9672	 202.0
75.0	 -1.4875354386	 9.15438596491	 14.0959354386	 209.845614035	12.6084	 219.0
75.5	 6.02725005848	 -15.6339181287	 13.9911499415	 209.633918129	20.0184	 194.0
76.0	 15.2092355556	 11.5777777778	 13.8863644444	 209.422222222	29.0956	 221.0
76.5	 7.16002105263	 -3.21052631579	 13.7815789474	 209.210526316	20.9416	 206.0
77.0	 0.0596065497076	 -9.99883040936	 13.6767934503	 208.998830409	13.7364	 199.0
77.5	 -12.0916079532	 30.2128654971	 13.5720079532	 208.787134503	1.4804	 239.0
78.0	 -8.32042245614	 4.42456140351	 13.4672224561	 208.575438596	5.1468	 213.0
78.5	 -1.19003695906	 0.636257309942	 13.3624369591	 208.36374269	12.1724	 209.0
79.0	 -4.29045146199	 -6.15204678363	 13.257651462	 208.152046784	8.9672	 202.0
79.5	 -1.57006596491	 15.0596491228	 13.1528659649	 207.940350877	11.5828	 223.0
80.0	 16.1755195322	 -6.72865497076	 13.0480804678	 207.728654971	29.2236	 201.0
80.5	 -11.0272949708	 2.48304093567	 12.9432949708	 207.516959064	1.916	 210.0
81.0	 8.35949052632	 -2.30526315789	 12.8385094737	 207.305263158	21.198	 205.0
81.5	 23.7206760234	 -3.09356725146	 12.7337239766	 207.093567251	36.4544	 204.0
82.0	 -0.636138479532	 -8.88187134503	 12.6289384795	 206.881871345	11.9928	 198.0
82.5	 -10.5569529825	 -4.6701754386	 12.5241529825	 206.670175439	1.9672	 202.0
83.0	 20.6246325146	 -16.4584795322	 12.4193674854	 206.458479532	33.044	 190.0
83.5	 -12.0909819883	 -5.24678362573	 12.3145819883	 206.246783626	0.2236	 201.0
84.0	 17.9114035088	 10.9649122807	 12.2097964912	 206.035087719	30.1212	 217.0
84.5	 -17.6762109942	 2.17660818713	 12.1050109942	 205.823391813	-5.5712	 208.0
85.0	 -10.3406254971	 5.38830409357	 12.0002254971	 205.611695906	1.6596	 211.0
Actin association begins: 11.5
Actin association ends: 71.5
Length of actin association: 60.0
Cofilin association begins: 42.5
Cofilin association ends: 58.5
Length of cofilin association: 16.0
Delay between actin and cofilin association: 31.0
Maximum normalized actin intensity: 391.788708772
Maximum normalized cofilin intensity: 68.3578947368