Time	 Int488	 Int561	 Back488	 Back561	 Raw488	 Raw561
0.0	 -21.8897472997	 47.8614086518	 92.88232	 426.2	73.7648	 468.0
0.5	 2.34936342474	 -34.4388407134	 92.4301717333	 425.077333333	94.482	 395.0
1.0	 27.2942581754	 -3.38312221921	 91.9780234667	 423.954666667	115.8156	 421.0
1.5	 12.4573912601	 26.5275864987	 91.5258752	 422.832	102.4056	 446.0
2.0	 -15.0341237035	 -23.7123891285	 91.0737269333	 421.709333333	77.9436	 401.0
2.5	 18.2189619844	 -38.4570616886	 90.6215786667	 420.586666667	106.5332	 387.0
3.0	 47.6261888354	 -33.7365680506	 90.1694304	 419.464	131.764	 390.0
3.5	 -41.6949380437	 5.33421887813	 89.7172821333	 418.341333333	53.3028	 423.0
4.0	 31.2515145553	 -39.1807078673	 89.2651338667	 417.218666667	116.5588	 383.0
4.5	 -7.13087539706	 46.8354798922	 88.8129856	 416.096	82.5852	 457.0
5.0	 11.2663954484	 27.5107682266	 88.3608373333	 414.973333333	98.2004	 439.0
5.5	 -33.3118714058	 8.18605656111	 87.9086890667	 413.850666667	58.8156	 421.0
6.0	 64.0026792537	 -42.0539190661	 87.4565408	 412.728	143.3536	 376.0
6.5	 26.9704848296	 11.9019949553	 87.0043925333	 411.605333333	110.5592	 422.0
7.0	 74.2568103365	 -48.6430686591	 86.5522442667	 410.482666667	151.4048	 368.0
7.5	 73.0130414822	 -40.487545692	 86.100096	 409.36	149.8664	 374.0
8.0	 114.076467857	 21.4834367639	 85.6479477333	 408.237333333	185.2772	 427.0
8.5	 61.0429908098	 26.2039304019	 85.1957994667	 407.114666667	138.508	 430.0
9.0	 123.714125676	 21.764345829	 84.7436512	 405.992	192.79	 425.0
9.5	 141.348362006	 32.2098883488	 84.2915029333	 404.869333333	207.7388	 433.0
10.0	 230.76600924	 52.9605188558	 83.8393546667	 403.746666667	285.38	 450.0
10.5	 140.357581077	 -6.43953498224	 83.3872064	 402.624	205.9692	 397.0
11.0	 116.506739199	 -44.0844030695	 82.9350581333	 401.501333333	184.6868	 363.0
11.5	 154.193760745	 8.72650117555	 82.4829098667	 400.378666667	217.1488	 408.0
12.0	 201.803437012	 -12.8882300427	 82.0307616	 399.256	258.2768	 388.0
12.5	 195.186824284	 -15.0377950628	 81.5786133333	 398.133333333	252.046	 385.0
13.0	 146.352327089	 49.2232069458	 81.1264650667	 397.010666667	208.944	 440.0
13.5	 158.436930035	 -12.466866445	 80.6743168	 395.888	219.046	 385.0
14.0	 244.566109191	 -14.6164314651	 80.2221685333	 394.765333333	293.8152	 382.0
14.5	 247.256593929	 4.98918926552	 79.7700202667	 393.642666667	295.7128	 398.0
15.0	 151.622799151	 1.69461446901	 79.317872	 392.52	211.7384	 394.0
15.5	 243.858544446	 -15.3400776438	 78.8657237333	 391.397333333	291.8408	 378.0
16.0	 191.735121169	 -18.6346524403	 78.4135754667	 390.274666667	245.8664	 374.0
16.5	 303.876632425	 -15.0591685787	 77.9614272	 389.152	343.3536	 376.0
17.0	 277.589667746	 14.8515401392	 77.5092789333	 388.029333333	319.9436	 401.0
17.5	 296.456850604	 11.5569653427	 77.0571306667	 386.906666667	335.9692	 397.0
18.0	 286.40566655	 54.0627816005	 76.6049824	 385.784	326.7388	 433.0
18.5	 318.278786455	 31.3030406059	 76.1528341333	 384.661333333	354.1232	 412.0
19.0	 337.703818076	 30.2984853621	 75.7006858667	 383.538666667	370.636	 410.0
19.5	 325.920463232	 75.0943211727	 75.2485376	 382.416	359.8928	 448.0
20.0	 272.358449673	 72.9447561525	 74.7963893333	 381.293333333	312.662	 445.0
20.5	 434.791538329	 0.949594774526	 74.3442410667	 380.170666667	454.0716	 381.0
21.0	 455.421120235	 80.0957238758	 73.8920928	 379.048	471.6364	 449.0
21.5	 427.460151263	 58.4809926576	 73.4399445333	 377.925333333	446.7644	 429.0
22.0	 423.074933586	 65.4915058483	 72.9877962667	 376.802666667	442.4824	 434.0
22.5	 496.990980464	 93.1121950134	 72.535648	 375.68	506.5852	 457.0
23.0	 500.885557482	 148.213118811	 72.0834997333	 374.557333333	509.5344	 504.0
23.5	 492.536773963	 148.353573344	 71.6313514667	 373.434666667	501.7908	 503.0
24.0	 389.503468007	 48.8781773332	 71.1792032	 372.312	411.354	 415.0
24.5	 543.013266474	 163.519609502	 70.7270549333	 371.189333333	544.9704	 514.0
25.0	 544.117683669	 117.85967298	 70.2749066667	 370.066666667	545.4828	 473.0
25.5	 439.470829936	 136.320283934	 69.8227584	 368.944	453.6368	 488.0
26.0	 442.601914435	 176.536080639	 69.3706101333	 367.821333333	455.9192	 522.0
26.5	 538.59603982	 198.431720923	 68.9184618667	 366.698666667	539.304	 540.0
27.0	 474.288796515	 220.327361206	 68.4663136	 365.576	482.6888	 558.0
27.5	 342.95359691	 159.782297592	 68.0141653333	 364.453333333	367.5344	 504.0
28.0	 452.040680086	 59.1618918046	 67.5620170667	 363.330666667	462.354	 415.0
28.5	 583.177903532	 91.3626200752	 67.1098688	 362.208	576.4312	 442.0
29.0	 269.817293752	 204.859042467	 66.6577205333	 361.085333333	302.304	 540.0
29.5	 397.195221099	 108.818675786	 66.2055722667	 359.962666667	413.098	 455.0
30.0	 526.130361743	 127.27928674	 65.753424	 358.84	525.252	 470.0
30.5	 387.015507713	 119.404672838	 65.3012757333	 357.717333333	403.3032	 462.0
31.0	 404.297081033	 95.4999220671	 64.8491274667	 356.594666667	417.944	 440.0
31.5	 524.86449023	 79.6102397306	 64.3969792	 355.472	522.79	 425.0
32.0	 587.272272848	 161.046388385	 63.9448309333	 354.349333333	576.842	 495.0
32.5	 548.683323132	 145.156706048	 63.4926826667	 353.226666667	542.688	 480.0
33.0	 258.397866373	 141.862131252	 63.0405344	 352.104	288.7136	 476.0
33.5	 499.016344594	 242.763446104	 62.5883861333	 350.981333333	498.4068	 563.0
34.0	 452.148058187	 223.438734438	 62.1362378667	 349.858666667	457.022	 545.0
34.5	 317.289892502	 176.63378814	 61.6840896	 348.736	338.7908	 503.0
35.0	 419.361271777	 188.224340436	 61.2319413333	 347.613333333	427.4832	 512.0
35.5	 520.638930274	 100.199042189	 60.7797930667	 346.490666667	515.4824	 434.0
36.0	 447.906247031	 186.215229949	 60.3276448	 345.368	451.5088	 508.0
36.5	 466.362142377	 157.730440072	 59.8754965333	 344.245333333	467.1752	 482.0
37.0	 455.694027056	 162.45093371	 59.4233482667	 343.122666667	457.406	 485.0
37.5	 506.740106664	 274.802346326	 58.9712	 342.0	501.5352	 582.0
38.0	 483.565278557	 310.438103926	 58.5190517333	 340.877333333	480.8432	 612.0
38.5	 484.904193755	 228.13785456	 58.0669034667	 339.754666667	481.5604	 539.0
39.0	 396.494036654	 348.504335611	 57.6147552	 338.632	403.8948	 643.0
39.5	 600.0	 210.098607204	 57.1626069333	 337.509333333	581.1756	 521.0
40.0	 500.933007908	 385.425557519	 56.7104586667	 336.386666667	494.2028	 673.0
40.5	 478.461673808	 311.140376588	 56.2583104	 335.264	474.1252	 607.0
41.0	 513.387847781	 258.610381409	 55.8061621333	 334.141333333	504.176	 560.0
41.5	 466.813141881	 238.140659967	 55.3540138667	 333.018666667	463.0476	 541.0
42.0	 256.501579958	 173.015557247	 54.9018656	 331.896	278.9188	 483.0
42.5	 275.223575576	 326.587321811	 54.4497173333	 330.773333333	294.8176	 616.0
43.0	 314.788413155	 264.897248421	 53.9975690667	 329.650666667	328.9196	 561.0
43.5	 412.015485067	 273.052771388	 53.5454208	 328.528	413.3812	 567.0
44.0	 352.171947875	 402.579330649	 53.0932725333	 327.405333333	360.6644	 679.0
44.5	 332.782522089	 249.288475149	 52.6411242667	 326.282666667	343.2784	 544.0
45.0	 383.62158393	 215.078636391	 52.188976	 325.16	387.2268	 513.0
45.5	 331.762886914	 259.874472202	 51.7368277333	 324.037333333	341.4836	 551.0
46.0	 330.548888313	 308.105337341	 51.2846794667	 322.914666667	339.9712	 592.0
46.5	 322.551851798	 253.285322609	 50.8325312	 321.792	332.5348	 543.0
47.0	 160.271617977	 152.664916822	 50.3803829333	 320.669333333	190.3544	 454.0
47.5	 262.196436	 187.155664645	 49.9282346667	 319.546666667	278.9188	 483.0
48.0	 274.89751221	 118.595532596	 49.4760864	 318.424	289.5592	 422.0
48.5	 311.850353488	 151.941270643	 49.0239381333	 317.301333333	321.38	 450.0
49.0	 240.995944282	 168.111862045	 48.5717898667	 316.178666667	259.0468	 463.0
49.5	 175.396213941	 123.596935299	 48.1196416	 315.056	201.3028	 423.0
50.0	 224.062505231	 71.0669401193	 47.6674933333	 313.933333333	243.3536	 376.0
50.5	 88.9112170432	 70.0623848755	 47.2153450667	 312.810666667	124.8664	 374.0
51.0	 47.005403007	 125.163308673	 46.7631968	 311.688	87.8156	 421.0
51.5	 102.219776205	 167.669124931	 46.3110485333	 310.565333333	135.5852	 457.0
52.0	 97.5991445187	 122.009188409	 45.8589002667	 309.442666667	131.0976	 416.0
52.5	 120.66439122	 88.9443594275	 45.406752	 308.32	150.7896	 386.0
53.0	 37.038542969	 87.9398041837	 44.9546037333	 307.197333333	77.3024	 384.0
53.5	 41.5198229965	 96.0953271508	 44.5024554667	 306.074666667	80.764	 390.0
54.0	 62.6467971488	 8.07002890377	 44.0503072	 304.952	98.7632	 312.0
54.5	 120.415458156	 54.0108744907	 43.5981589333	 303.829333333	148.7636	 351.0
55.0	 89.5782246263	 123.996925381	 43.1460106667	 302.706666667	121.3796	 411.0
55.5	 45.9388657887	 47.4217248976	 42.6938624	 301.584	82.8148	 343.0
56.0	 48.0128772624	 73.8974042864	 42.2417141333	 300.461333333	84.174	 365.0
56.5	 111.124153886	 45.4126144101	 41.7895658667	 299.338666667	138.8404	 339.0
57.0	 27.175412878	 50.1331080481	 41.3374176	 298.216	65.0712	 342.0
57.5	 13.6008047401	 61.7236603442	 40.8852693333	 297.093333333	52.7636	 351.0
58.0	 32.7908803548	 52.7040366659	 40.4331210667	 295.970666667	69.0712	 342.0
58.5	 102.156200377	 75.7446867256	 39.9809728	 294.848	129.1996	 361.0
59.0	 105.286826873	 71.3051021528	 39.5288245333	 293.725333333	131.4816	 356.0
59.5	 66.2870476488	 74.8805860144	 39.0766762667	 292.602666667	96.9688	 358.0
60.0	 59.7583716708	 58.990903678	 38.624528	 291.48	90.8148	 343.0
60.5	 72.3426568837	 53.4063093287	 38.1723797333	 290.357333333	101.3532	 337.0
61.0	 39.4201315489	 46.6767052032	 37.7202314667	 289.234666667	72.148	 330.0
61.5	 49.6264604582	 54.8322281702	 37.2680832	 288.112	80.6096	 336.0
62.0	 53.8137019752	 19.4773796357	 36.8159349333	 286.989333333	83.8144	 304.0
62.5	 26.939576283	 51.6781079063	 36.3637866667	 285.866666667	59.8916	 331.0
63.0	 89.0235501356	 49.5285428861	 35.9116384	 284.744	113.6608	 328.0
63.5	 56.2182738019	 24.4787823388	 35.4594901333	 283.621333333	84.558	 305.0
64.0	 46.8421875121	 50.9544617276	 35.0073418667	 282.498666667	75.9172	 327.0
64.5	 34.6466291489	 -18.7506800976	 34.5551936	 281.376	64.814	 265.0
65.0	 36.4856846165	 -0.290069143344	 34.1030453333	 280.253333333	65.968	 280.0
65.5	 25.2592625281	 -42.514976336	 33.6508970667	 279.130666667	55.7112	 242.0
66.0	 -12.9174836685	 56.0963189633	 33.1987488	 278.008	21.9172	 327.0
66.5	 10.2952402925	 89.4420570103	 32.7466005333	 276.885333333	41.738	 355.0
67.0	 30.688950184	 71.2623551211	 32.2944522667	 275.762666667	59.0968	 338.0
67.5	 18.2295815684	 42.7775652447	 31.842304	 274.64	47.7632	 312.0
68.0	 27.2904426974	 6.27770693385	 31.3901557333	 273.517333333	55.2244	 279.0
68.5	 5.46626812293	 54.5085720735	 30.9380074667	 272.394666667	35.712	 320.0
69.0	 22.8362361971	 61.5190852642	 30.4858592	 271.272	50.43	 325.0
69.5	 23.9113411419	 20.4391878478	 30.0337109333	 270.149333333	50.9168	 288.0
70.0	 49.0321093941	 24.0146717095	 29.5815626667	 269.026666667	72.404	 290.0
70.5	 44.3249149684	 126.060996338	 29.1294144	 267.904	67.8408	 378.0
71.0	 21.3832108521	 -8.90970273977	 28.6772661333	 266.781333333	47.3524	 259.0
71.5	 -12.8015732601	 2.68084955638	 28.2251178667	 265.658666667	17.0448	 268.0
72.0	 27.3801955864	 -21.2239012146	 27.7729696	 264.536	51.6856	 246.0
72.5	 0.887587151758	 -3.90830003664	 27.3208213333	 263.413333333	28.096	 260.0
73.0	 -9.2226794067	 3.10221315408	 26.8686730667	 262.290666667	18.814	 265.0
73.5	 -14.8115313603	 19.2728045557	 26.4165248	 261.168	13.4808	 278.0
74.0	 24.342476711	 -22.952102637	 25.9643765333	 260.045333333	47.224	 240.0
74.5	 -8.96156588125	 -14.79657967	 25.5122282667	 258.922666667	17.6856	 246.0
Actin association begins: 6.0
Actin association ends: 65.5
Length of actin association: 59.5
Area under actin curve during patch life: 32325.9605791
Cofilin association begins: 17.0
Cofilin association ends: 64.0
Length of cofilin association: 47.0
Delay between actin and cofilin association: 11.0
Area under cofilin curve during patch life: 13049.5848204
Cofilin intensity score: 162.392868164