Time	 Int488	 Int561	 Back488	 Back561	 Raw488	 Raw561
0.0	 -24.8310771954	 99.0423479494	 226.46192	 937.2	182.3868	 1113.0
0.5	 29.9540971754	 -88.6385821617	 224.625128205	 933.333333333	277.7936	 776.0
1.0	 -14.5716963775	 12.1314669654	 222.78833641	 929.466666667	196.9236	 951.0
1.5	 18.4311473666	 -7.09859831719	 220.951544615	 925.6	253.6668	 913.0
2.0	 1.36566168485	 6.34742389209	 219.114752821	 921.733333333	221.5388	 933.0
2.5	 -20.40946229	 -14.5727838469	 217.277961026	 917.866666667	181.0512	 892.0
3.0	 -15.5470397415	 -60.2817476142	 215.441169231	 914.0	187.8452	 807.0
3.5	 1.91280326826	 -27.6807775649	 213.604377436	 910.133333333	216.9996	 861.0
4.0	 32.936602872	 -45.7840812098	 211.767585641	 906.266666667	270.23	 825.0
4.5	 -37.4765393059	 -15.4366344358	 209.930793846	 902.4	143.41	 875.0
5.0	 9.17724703067	 -54.948409196	 208.094002051	 898.533333333	224.3836	 801.0
5.5	 -11.5862703459	 -35.8685787985	 206.257210256	 894.666666667	185.6916	 831.0
6.0	 -5.13376177433	 22.0845280979	 204.420418462	 890.8	195.308	 930.0
6.5	 7.55807668954	 -36.5821945023	 202.583626667	 886.933333333	215.9992	 822.0
7.0	 25.9560614388	 -84.5446815449	 200.746834872	 883.066666667	246.8188	 733.0
7.5	 73.1308623566	 -29.4084787426	 198.910043077	 879.2	328.7172	 827.0
8.0	 103.678041788	 -39.0610701052	 197.073251282	 875.333333333	381.1016	 806.0
8.5	 127.233890609	 -12.6572890629	 195.236459487	 871.466666667	421.0764	 849.0
9.0	 152.103768853	 -37.5211625337	 193.399667692	 867.6	463.3836	 801.0
9.5	 240.550271092	 60.9953633181	 191.562875897	 863.733333333	618.5392	 972.0
10.0	 225.954421567	 18.6666844637	 189.726084103	 859.866666667	590.7948	 893.0
10.5	 239.601077843	 96.9015008378	 187.889292308	 856.0	613.1808	 1028.0
11.0	 256.2377088	 148.094037908	 186.052500513	 852.133333333	640.874	 1115.0
11.5	 299.785914711	 131.68087672	 184.215708718	 848.266666667	716.3352	 1082.0
12.0	 358.761966317	 103.436718336	 182.378916923	 844.4	819.1808	 1028.0
12.5	 357.095481232	 109.558789901	 180.542125128	 840.533333333	814.386	 1035.0
13.0	 386.229025513	 298.779627583	 178.705333333	 836.666666667	864.2612	 1367.0
13.5	 443.57285021	 283.493228033	 176.868541538	 832.8	964.2096	 1336.0
14.0	 424.049897397	 130.741908689	 175.031749744	 828.933333333	927.7196	 1061.0
14.5	 480.324650653	 106.441416037	 173.194957949	 825.066666667	1025.7704	 1014.0
15.0	 472.865258636	 93.4085397611	 171.358166154	 821.2	1010.6932	 987.0
15.5	 547.053268408	 131.07993718	 169.521374359	 817.333333333	1140.54	 1050.0
16.0	 517.607827261	 142.272436114	 167.684582564	 813.466666667	1086.4376	 1066.0
16.5	 589.902877481	 123.60575165	 165.847790769	 809.6	1212.9244	 1029.0
17.0	 596.947837321	 199.02366393	 164.010998974	 805.733333333	1223.5924	 1159.0
17.5	 571.836146785	 215.286590234	 162.174207179	 801.866666667	1177.1824	 1184.0
18.0	 600.0	 225.915708349	 160.337415385	 798.0	1225.3364	 1199.0
18.5	 523.678345147	 233.164541551	 158.50062359	 794.133333333	1088.0288	 1208.0
19.0	 574.087853374	 179.004865501	 156.663831795	 790.266666667	1175.6688	 1108.0
19.5	 591.389048345	 236.394591579	 154.82704	 786.4	1204.5416	 1206.0
20.0	 595.153779706	 208.150433195	 152.990248205	 782.533333333	1209.3872	 1152.0
20.5	 505.354703552	 252.58240044	 151.15345641	 778.666666667	1048.1572	 1227.0
21.0	 517.064681925	 237.296000889	 149.316664615	 774.8	1067.1056	 1196.0
21.5	 473.53494566	 270.460351757	 147.479872821	 770.933333333	988.0036	 1251.0
22.0	 393.312892722	 270.948615133	 145.643081026	 767.066666667	843.7728	 1248.0
22.5	 324.35845616	 271.43687851	 143.806289231	 763.2	719.542	 1245.0
23.0	 418.034484511	 389.108352202	 141.969497436	 759.333333333	883.98	 1450.0
23.5	 436.678554002	 390.723377215	 140.132705641	 755.466666667	915.2364	 1449.0
24.0	 411.957399049	 456.000434757	 138.295913846	 751.6	869.5196	 1561.0
24.5	 297.03582007	 354.516769926	 136.459122051	 747.733333333	663.6972	 1377.0
25.0	 250.02393964	 315.568375984	 134.622330256	 743.866666667	578.4144	 1304.0
25.5	 131.447371261	 190.986097582	 132.785538462	 740.0	366.1044	 1079.0
26.0	 91.3558354566	 237.108207283	 130.948746667	 736.133333333	293.1052	 1157.0
26.5	 198.913341831	 276.469747158	 129.111954872	 732.266666667	482.1828	 1223.0
27.0	 64.1438566052	 217.239643739	 127.275163077	 728.4	241.1304	 1114.0
27.5	 79.7686556119	 206.460290739	 125.438371282	 724.533333333	267.0276	 1091.0
28.0	 98.817457883	 232.864071781	 123.601579487	 720.666666667	299.0024	 1134.0
28.5	 46.4462483995	 195.042439477	 121.764787692	 716.8	204.2068	 1063.0
29.0	 38.6688842491	 165.671519456	 119.927995897	 712.933333333	188.5652	 1007.0
29.5	 51.1439337739	 96.8639421166	 118.091204103	 709.066666667	208.8716	 881.0
30.0	 16.6853047487	 55.098644081	 116.254412308	 705.2	145.8708	 803.0
30.5	 52.1884325668	 151.361646658	 114.417620513	 701.333333333	207.052	 970.0
31.0	 33.2151140801	 66.7794063913	 112.580828718	 697.466666667	171.5376	 816.0
31.5	 22.3610146021	 56.0000533912	 110.744036923	 693.6	150.4348	 793.0
32.0	 -8.39913202373	 52.5446510357	 108.907245128	 689.733333333	93.9988	 783.0
32.5	 -16.0895101756	 53.5962952308	 107.070453333	 685.866666667	78.5116	 781.0
33.0	 4.95253343253	 54.647939426	 105.233661538	 682.0	114.0244	 779.0
33.5	 -1.85694247105	 28.0939234987	 103.396869744	 678.133333333	100.1008	 728.0
34.0	 18.1304522443	 17.8779513174	 101.560077949	 674.266666667	133.7416	 706.0
34.5	 2.00378435897	 16.6760722372	 99.7232861538	 670.4	103.28	 700.0
35.0	 -1.20816698792	 44.2066149171	 97.886494359	 666.533333333	95.742	 745.0
35.5	 -12.0334213681	 28.9202153663	 96.0497025641	 662.666666667	74.6904	 714.0
36.0	 -2.82260030757	 8.00000762731	 94.2129107692	 658.8	89.2028	 673.0
36.5	 -20.408649866	 -29.2582438576	 92.3761189744	 654.933333333	56.1508	 603.0
37.0	 -5.70802075449	 -5.6713669095	 90.5393271795	 651.066666667	80.4076	 641.0
37.5	 0.353726881126	 -18.704243185	 88.7025353846	 647.2	89.3304	 614.0
38.0	 -1.8614911211	 7.13615703845	 86.8657435897	 643.333333333	83.5616	 656.0
38.5	 12.1022358793	 13.8216094218	 85.0289517949	 639.466666667	106.5104	 664.0
Actin association begins: 6.5
Actin association ends: 31.5
Length of actin association: 25.0
Area under actin curve during patch life: 15334.8575379
Cofilin association begins: 9.5
Cofilin association ends: 36.0
Length of cofilin association: 26.5
Delay between actin and cofilin association: 3.0
Area under cofilin curve during patch life: 9137.24814819
Cofilin intensity score: 135.511739513