Time	 Int488	 Int561	 Back488	 Back561	 Raw488	 Raw561
0.0	 -9.70256	 0.4	 54.92656	 239.6	45.224	 240.0
0.5	 9.59023234783	 8.52347826087	 54.5825676522	 239.476521739	64.1728	 248.0
1.0	 -34.5017753043	 -1.35304347826	 54.2385753043	 239.353043478	19.7368	 238.0
1.5	 35.9962170435	 13.7704347826	 53.8945829565	 239.229565217	89.8908	 253.0
2.0	 2.0578093913	 -20.1060869565	 53.5505906087	 239.106086957	55.6084	 219.0
2.5	 60.7866017391	 -1.98260869565	 53.2065982609	 238.982608696	113.9932	 237.0
3.0	 23.540594087	 -26.8591304348	 52.862605913	 238.859130435	76.4032	 212.0
3.5	 6.19258643478	 3.26434782609	 52.5186135652	 238.735652174	58.7112	 242.0
4.0	 15.7417787826	 10.387826087	 52.1746212174	 238.612173913	67.9164	 249.0
4.5	 24.1629711304	 37.5113043478	 51.8306288696	 238.488695652	75.9936	 276.0
5.0	 33.0449634783	 -7.3652173913	 51.4866365217	 238.365217391	84.5316	 231.0
5.5	 26.0813558261	 1.75826086957	 51.1426441739	 238.24173913	77.224	 240.0
6.0	 -31.2414518261	 -11.1182608696	 50.7986518261	 238.11826087	19.5572	 227.0
6.5	 28.8973405217	 -17.9947826087	 50.4546594783	 237.994782609	79.352	 220.0
7.0	 2.72853286957	 -15.8713043478	 50.1106671304	 237.871304348	52.8392	 222.0
7.5	 19.0725252174	 -15.747826087	 49.7666747826	 237.747826087	68.8392	 222.0
8.0	 40.5961175652	 -4.62434782609	 49.4226824348	 237.624347826	90.0188	 233.0
8.5	 30.350509913	 9.49913043478	 49.078690087	 237.500869565	79.4292	 247.0
9.0	 77.7201022609	 5.62260869565	 48.7346977391	 237.377391304	126.4548	 243.0
9.5	 150.115694609	 36.7460869565	 48.3907053913	 237.253913043	198.5064	 274.0
10.0	 125.946486957	 -0.130434782609	 48.0467130435	 237.130434783	173.9932	 237.0
10.5	 123.521279304	 2.99304347826	 47.7027206957	 237.006956522	171.224	 240.0
11.0	 180.967671652	 -12.8834782609	 47.3587283478	 236.883478261	228.3264	 224.0
11.5	 231.901264	 -26.76	 47.014736	 236.76	278.916	 210.0
12.0	 207.091656348	 -2.63652173913	 46.6707436522	 236.636521739	253.7624	 234.0
12.5	 210.333248696	 13.4869565217	 46.3267513043	 236.513043478	256.66	 250.0
13.0	 287.010441043	 0.610434782609	 45.9827589565	 236.389565217	332.9932	 237.0
13.5	 213.970433391	 60.7339130435	 45.6387666087	 236.266086957	259.6092	 297.0
14.0	 304.648025739	 86.8573913043	 45.2947742609	 236.142608696	349.9428	 323.0
14.5	 265.016818087	 4.98086956522	 44.950781913	 236.019130435	309.9676	 241.0
15.0	 222.130410435	 41.1043478261	 44.6067895652	 235.895652174	266.7372	 277.0
15.5	 292.346002783	 22.227826087	 44.2627972174	 235.772173913	336.6088	 258.0
16.0	 285.51039513	 11.3513043478	 43.9188048696	 235.648695652	329.4292	 247.0
16.5	 363.879987478	 7.4747826087	 43.5748125217	 235.525217391	407.4548	 243.0
17.0	 329.223979826	 7.59826086957	 43.2308201739	 235.40173913	372.4548	 243.0
17.5	 327.413972174	 -7.27826086957	 42.8868278261	 235.27826087	370.3008	 228.0
18.0	 353.193964522	 2.8452173913	 42.5428354783	 235.154782609	395.7368	 238.0
18.5	 333.43555687	 18.9686956522	 42.1988431304	 235.031304348	375.6344	 254.0
19.0	 356.651149217	 0.0921739130435	 41.8548507826	 234.907826087	398.506	 235.0
19.5	 410.585141565	 25.2156521739	 41.5108584348	 234.784347826	452.096	 260.0
20.0	 314.185533913	 24.3391304348	 41.166866087	 234.660869565	355.3524	 259.0
20.5	 448.709126261	 35.4626086957	 40.8228737391	 234.537391304	489.532	 270.0
21.0	 333.976318609	 47.5860869565	 40.4788813913	 234.413913043	374.4552	 282.0
21.5	 372.089510957	 44.7095652174	 40.1348890435	 234.290434783	412.2244	 279.0
22.0	 354.459103304	 40.8330434783	 39.7908966957	 234.166956522	394.25	 275.0
22.5	 420.879895652	 28.9565217391	 39.4469043478	 234.043478261	460.3268	 263.0
23.0	 342.403488	 40.08	 39.102912	 233.92	381.5064	 274.0
23.5	 472.029480348	 35.2034782609	 38.7589196522	 233.796521739	510.7884	 269.0
24.0	 396.117072696	 36.3269565217	 38.4149273043	 233.673043478	434.532	 270.0
24.5	 419.179465043	 80.4504347826	 38.0709349565	 233.549565217	457.2504	 314.0
25.0	 400.343457391	 30.5739130435	 37.7269426087	 233.426086957	438.0704	 264.0
25.5	 400.148649739	 -2.30260869565	 37.3829502609	 233.302608696	437.5316	 231.0
26.0	 389.236642087	 37.8208695652	 37.038957913	 233.179130435	426.2756	 271.0
26.5	 391.760634435	 87.9443478261	 36.6949655652	 233.055652174	428.4556	 321.0
27.0	 367.975826783	 30.067826087	 36.3509732174	 232.932173913	404.3268	 263.0
27.5	 380.21741913	 46.1913043478	 36.0069808696	 232.808695652	416.2244	 279.0
28.0	 365.792211478	 49.3147826087	 35.6629885217	 232.685217391	401.4552	 282.0
28.5	 265.982203826	 34.4382608696	 35.3189961739	 232.56173913	301.3012	 267.0
29.0	 285.992996174	 47.5617391304	 34.9750038261	 232.43826087	320.968	 280.0
29.5	 295.644588522	 38.6852173913	 34.6310114783	 232.314782609	330.2756	 271.0
30.0	 356.37298087	 17.8086956522	 34.2870191304	 232.191304348	390.66	 250.0
30.5	 356.332973217	 77.932173913	 33.9430267826	 232.067826087	390.276	 310.0
31.0	 344.625365565	 47.0556521739	 33.5990344348	 231.944347826	378.2244	 279.0
31.5	 331.225757913	 46.1791304348	 33.255042087	 231.820869565	364.4808	 278.0
32.0	 342.159750261	 71.3026086957	 32.9110497391	 231.697391304	375.0708	 303.0
32.5	 278.272942609	 68.4260869565	 32.5670573913	 231.573913043	310.84	 300.0
33.0	 294.437334957	 57.5495652174	 32.2230650435	 231.450434783	326.6604	 289.0
33.5	 354.344927304	 8.67304347826	 31.8790726957	 231.326956522	386.224	 240.0
34.0	 299.663719652	 51.7965217391	 31.5350803478	 231.203478261	331.1988	 283.0
34.5	 259.853712	 36.92	 31.191088	 231.08	291.0448	 268.0
35.0	 265.505704348	 67.0434782609	 30.8470956522	 230.956521739	296.3528	 298.0
35.5	 319.592896696	 29.1669565217	 30.5031033043	 230.833043478	350.096	 260.0
36.0	 320.655289043	 73.2904347826	 30.1591109565	 230.709565217	350.8144	 304.0
36.5	 328.101681391	 57.4139130435	 29.8151186087	 230.586086957	357.9168	 288.0
37.0	 236.984473739	 90.5373913043	 29.4711262609	 230.462608696	266.4556	 321.0
37.5	 185.354066087	 86.6608695652	 29.127133913	 230.339130435	214.4812	 317.0
38.0	 268.877658435	 97.7843478261	 28.7831415652	 230.215652174	297.6608	 328.0
38.5	 169.298850783	 124.907826087	 28.4391492174	 230.092173913	197.738	 355.0
39.0	 109.43724313	 79.0313043478	 28.0951568696	 229.968695652	137.5324	 309.0
39.5	 123.370835478	 65.1547826087	 27.7511645217	 229.845217391	151.122	 295.0
40.0	 190.663227826	 34.2782608696	 27.4071721739	 229.72173913	218.0704	 264.0
40.5	 182.622420174	 16.4017391304	 27.0631798261	 229.59826087	209.6856	 246.0
41.0	 151.300012522	 42.5252173913	 26.7191874783	 229.474782609	178.0192	 272.0
41.5	 138.18240487	 36.6486956522	 26.3751951304	 229.351304348	164.5576	 266.0
42.0	 83.2443972174	 41.772173913	 26.0312027826	 229.227826087	109.2756	 271.0
42.5	 115.895989565	 32.8956521739	 25.6872104348	 229.104347826	141.5832	 262.0
43.0	 110.342781913	 56.0191304348	 25.343218087	 228.980869565	135.686	 285.0
43.5	 103.507574261	 84.1426086957	 24.9992257391	 228.857391304	128.5068	 313.0
44.0	 76.4919666087	 23.2660869565	 24.6552333913	 228.733913043	101.1472	 252.0
44.5	 52.4255589565	 9.38956521739	 24.3112410435	 228.610434783	76.7368	 238.0
45.0	 77.8979513043	 28.5130434783	 23.9672486957	 228.486956522	101.8652	 257.0
45.5	 84.3443436522	 12.6365217391	 23.6232563478	 228.363478261	107.9676	 241.0
46.0	 64.560336	 32.76	 23.279264	 228.24	87.8396	 261.0
46.5	 33.8271283478	 5.88347826087	 22.9352716522	 228.116521739	56.7624	 234.0
47.0	 22.6071206957	 16.0069565217	 22.5912793043	 227.993043478	45.1984	 244.0
47.5	 41.5407130435	 2.13043478261	 22.2472869565	 227.869565217	63.788	 230.0
48.0	 12.3719053913	 4.25391304348	 21.9032946087	 227.746086957	34.2752	 232.0
48.5	 63.4342977391	 48.3773913043	 21.5593022609	 227.622608696	84.9936	 276.0
49.0	 18.367490087	 -4.49913043478	 21.215309913	 227.499130435	39.5828	 223.0
49.5	 40.6090824348	 11.6243478261	 20.8713175652	 227.375652174	61.4804	 239.0
50.0	 57.5170747826	 1.74782608696	 20.5273252174	 227.252173913	78.0444	 229.0
50.5	 3.60426713043	 -36.1286956522	 20.1833328696	 227.128695652	23.7876	 191.0
51.0	 -8.48694052174	 31.9947826087	 19.8393405217	 227.005217391	11.3524	 259.0
51.5	 -4.93814817391	 0.118260869565	 19.4953481739	 226.88173913	14.5572	 227.0
52.0	 -7.61975582609	 4.24173913043	 19.1513558261	 226.75826087	11.5316	 231.0
52.5	 -8.55816347826	 -29.6347826087	 18.8073634783	 226.634782609	10.2492	 197.0
53.0	 11.2474288696	 -23.5113043478	 18.4633711304	 226.511304348	29.7108	 203.0
53.5	 -13.4853787826	 -11.387826087	 18.1193787826	 226.387826087	4.634	 215.0
54.0	 -16.7309864348	 2.73565217391	 17.7753864348	 226.264347826	1.0444	 229.0
54.5	 -5.07939408696	 -6.14086956522	 17.431394087	 226.140869565	12.352	 220.0
55.0	 7.26459826087	 -6.01739130435	 17.0874017391	 226.017391304	24.352	 220.0
55.5	 -19.4170093913	 -1.89391304348	 16.7434093913	 225.893913043	-2.6736	 224.0
56.0	 2.67058295652	 -0.770434782609	 16.3994170435	 225.770434783	19.07	 225.0
56.5	 24.0913753043	 -12.6469565217	 16.0554246957	 225.646956522	40.1468	 213.0
57.0	 -19.7694323478	 19.4765217391	 15.7114323478	 225.523478261	-4.058	 245.0
Actin association begins: 6.5
Actin association ends: 50.5
Length of actin association: 44.0
Cofilin association begins: 26.0
Cofilin association ends: 48.5
Length of cofilin association: 22.5
Delay between actin and cofilin association: 19.5
Maximum normalized actin intensity: 472.029480348
Maximum normalized cofilin intensity: 124.907826087