Time	 Int488	 Int561	 Back488	 Back561	 Raw488	 Raw561
0.0	 3.15984	 84.4	 131.30096	 743.6	134.4608	 828.0
0.5	 -4.56013873418	 0.39746835443	 131.327738734	 740.602531646	126.7676	 741.0
1.0	 -4.51011746835	 -8.60506329114	 131.354517468	 737.605063291	126.8444	 729.0
1.5	 6.79630379747	 -18.6075949367	 131.381296203	 734.607594937	138.1776	 716.0
2.0	 -1.15367493671	 -27.6101265823	 131.408074937	 731.610126582	130.2544	 704.0
2.5	 -53.0516536709	 33.3873417722	 131.434853671	 728.612658228	78.3832	 762.0
3.0	 -3.54003240506	 30.3848101266	 131.461632405	 725.615189873	127.9216	 756.0
3.5	 -51.5408111392	 68.382278481	 131.488411139	 722.617721519	79.9476	 791.0
4.0	 -29.7739898734	 -52.6202531646	 131.515189873	 719.620253165	101.7412	 667.0
4.5	 -45.2879686076	 -51.6227848101	 131.541968608	 716.62278481	86.254	 665.0
5.0	 -22.1351473418	 -37.6253164557	 131.568747342	 713.625316456	109.4336	 676.0
5.5	 23.3516739241	 41.3721518987	 131.595526076	 710.627848101	154.9472	 752.0
6.0	 31.7860951899	 11.3696202532	 131.62230481	 707.630379747	163.4084	 719.0
6.5	 84.1445164557	 71.3670886076	 131.649083544	 704.632911392	215.7936	 776.0
7.0	 37.1177377215	 74.364556962	 131.675862278	 701.635443038	168.7936	 776.0
7.5	 -8.54984101266	 99.3620253165	 131.702641013	 698.637974684	123.1528	 798.0
8.0	 40.8325802532	 -0.640506329114	 131.729419747	 695.640506329	172.562	 695.0
8.5	 21.165001519	 24.3569620253	 131.756198481	 692.643037975	152.9212	 717.0
9.0	 -23.1693772152	 36.3544303797	 131.782977215	 689.64556962	108.6136	 726.0
9.5	 -3.17055594937	 35.3518987342	 131.809755949	 686.648101266	128.6392	 722.0
10.0	 29.8282653165	 34.3493670886	 131.836534684	 683.650632911	161.6648	 718.0
10.5	 82.3910865823	 23.346835443	 131.863313418	 680.653164557	214.2544	 704.0
11.0	 43.1087078481	 105.344303797	 131.890092152	 677.655696203	174.9988	 783.0
11.5	 9.21072911392	 166.341772152	 131.916870886	 674.658227848	141.1276	 841.0
12.0	 69.0039503797	 119.339240506	 131.94364962	 671.660759494	200.9476	 791.0
12.5	 99.7715716456	 76.3367088608	 131.970428354	 668.663291139	231.742	 745.0
13.0	 85.8731929114	 98.3341772152	 131.997207089	 665.665822785	217.8704	 764.0
13.5	 61.4612141772	 44.3316455696	 132.023985823	 662.66835443	193.4852	 707.0
14.0	 87.562435443	 27.3291139241	 132.050764557	 659.670886076	219.6132	 687.0
14.5	 81.8188567089	 142.326582278	 132.077543291	 656.673417722	213.8964	 799.0
15.0	 77.0992779747	 97.3240506329	 132.104322025	 653.675949367	209.2036	 751.0
15.5	 102.559299241	 63.3215189873	 132.131100759	 650.678481013	234.6904	 714.0
16.0	 131.968920506	 115.318987342	 132.157879494	 647.681012658	264.1268	 763.0
16.5	 144.071341772	 215.316455696	 132.184658228	 644.683544304	276.256	 860.0
17.0	 155.402963038	 162.313924051	 132.211436962	 641.686075949	287.6144	 804.0
17.5	 132.709784304	 191.311392405	 132.238215696	 638.688607595	264.948	 830.0
18.0	 226.45380557	 347.308860759	 132.26499443	 635.691139241	358.7188	 983.0
18.5	 213.323026835	 210.306329114	 132.291773165	 632.693670886	345.6148	 843.0
19.0	 270.783448101	 215.303797468	 132.318551899	 629.696202532	403.102	 845.0
19.5	 287.245469367	 376.301265823	 132.345330633	 626.698734177	419.5908	 1003.0
20.0	 212.245090633	 453.298734177	 132.372109367	 623.701265823	344.6172	 1077.0
20.5	 429.732711899	 610.296202532	 132.398888101	 620.703797468	562.1316	 1231.0
21.0	 407.833933165	 593.293670886	 132.425666835	 617.706329114	540.2596	 1211.0
21.5	 444.80675443	 557.291139241	 132.45244557	 614.708860759	577.2592	 1172.0
22.0	 374.755975696	 720.288607595	 132.479224304	 611.711392405	507.2352	 1332.0
22.5	 321.243596962	 877.286075949	 132.506003038	 608.713924051	453.7496	 1486.0
23.0	 463.086818228	 705.283544304	 132.532781772	 605.716455696	595.6196	 1311.0
23.5	 413.136439494	 657.281012658	 132.559560506	 602.718987342	545.696	 1260.0
24.0	 350.954060759	 489.278481013	 132.586339241	 599.721518987	483.5404	 1089.0
24.5	 239.233682025	 366.275949367	 132.613117975	 596.724050633	371.8468	 963.0
25.0	 238.462903291	 329.273417722	 132.639896709	 593.726582278	371.1028	 923.0
25.5	 267.157724557	 688.270886076	 132.666675443	 590.729113924	399.8244	 1279.0
26.0	 230.617345823	 615.26835443	 132.693454177	 587.73164557	363.3108	 1203.0
26.5	 128.950167089	 679.265822785	 132.720232911	 584.734177215	261.6704	 1264.0
27.0	 83.6373883544	 297.263291139	 132.747011646	 581.736708861	216.3844	 879.0
27.5	 -48.3901903797	 222.260759494	 132.77379038	 578.739240506	84.3836	 801.0
28.0	 -11.4949691139	 120.258227848	 132.800569114	 575.741772152	121.3056	 696.0
28.5	 -27.3937478481	 103.255696203	 132.827347848	 572.744303797	105.4336	 676.0
29.0	 -4.72692658228	 232.253164557	 132.854126582	 569.746835443	128.1272	 802.0
29.5	 -1.19050531646	 147.250632911	 132.880905316	 566.749367089	131.6904	 714.0
30.0	 10.4755159494	 198.248101266	 132.907684051	 563.751898734	143.3832	 762.0
30.5	 -14.1172627848	 16.2455696203	 132.934462785	 560.75443038	118.8172	 577.0
31.0	 13.753958481	 74.2430379747	 132.961241519	 557.756962025	146.7152	 632.0
31.5	 -70.7600202532	 75.2405063291	 132.988020253	 554.759493671	62.228	 630.0
32.0	 -5.81239898734	 82.2379746835	 133.014798987	 551.762025316	127.2024	 634.0
32.5	 -8.55717772152	 80.235443038	 133.041577722	 548.764556962	124.4844	 629.0
33.0	 -10.6599564557	 173.232911392	 133.068356456	 545.767088608	122.4084	 719.0
33.5	 -60.9431351899	 177.230379747	 133.09513519	 542.769620253	72.152	 720.0
34.0	 -35.8407139241	 277.227848101	 133.121913924	 539.772151899	97.2812	 817.0
34.5	 30.3345073418	 -24.7746835443	 133.148692658	 536.774683544	163.4832	 512.0
35.0	 2.74372860759	 -11.7772151899	 133.175471392	 533.77721519	135.9192	 522.0
35.5	 -42.6930501266	 16.2202531646	 133.202250127	 530.779746835	90.5092	 547.0
36.0	 -49.8998288608	 -30.782278481	 133.229028861	 527.782278481	83.3292	 497.0
36.5	 -52.2342075949	 -18.7848101266	 133.255807595	 524.784810127	81.0216	 506.0
37.0	 20.8166136709	 50.2126582278	 133.282586329	 521.787341772	154.0992	 572.0
37.5	 -17.2621650633	 -16.7898734177	 133.309365063	 518.789873418	116.0472	 502.0
38.0	 -7.34014379747	 -5.79240506329	 133.336143797	 515.792405063	125.996	 510.0
38.5	 26.8890774684	 -42.7949367089	 133.362922532	 512.794936709	160.252	 470.0
39.0	 -22.7017012658	 -29.7974683544	 133.389701266	 509.797468354	110.688	 480.0
Actin association begins: 10.0
Actin association ends: 27.0
Length of actin association: 17.0
Cofilin association begins: 8.5
Cofilin association ends: 34.0
Length of cofilin association: 25.5
Delay between actin and cofilin association: -1.5
Maximum normalized actin intensity: 463.086818228
Maximum normalized cofilin intensity: 877.286075949