Time	 Int488	 Int561	 Back488	 Back561	 Raw488	 Raw561
0.0	 -14.93816	 29.4	 74.34256	 299.6	59.4044	 329.0
0.5	 18.4983958763	 -24.9587628866	 74.0080041237	 298.958762887	92.5064	 274.0
1.0	 -3.21824824742	 -16.3175257732	 73.6734482474	 298.317525773	70.4552	 282.0
1.5	 13.9627076289	 8.32371134021	 73.3388923711	 297.67628866	87.3016	 306.0
2.0	 -10.9591364948	 9.96494845361	 73.0043364948	 297.035051546	62.0452	 307.0
2.5	 28.0414193814	 -54.393814433	 72.6697806186	 296.393814433	100.7112	 242.0
3.0	 -3.26442474227	 7.24742268041	 72.3352247423	 295.75257732	69.0708	 303.0
3.5	 37.736531134	 -18.1113402062	 72.000668866	 295.111340206	109.7372	 277.0
4.0	 -39.1085129897	 -28.4701030928	 71.6661129897	 294.470103093	32.5576	 266.0
4.5	 -36.7735571134	 11.1711340206	 71.3315571134	 293.828865979	34.558	 305.0
5.0	 19.0477987629	 -25.187628866	 70.9970012371	 293.187628866	90.0448	 268.0
5.5	 16.2543546392	 -4.54639175258	 70.6624453608	 292.546391753	86.9168	 288.0
6.0	 10.9733105155	 -24.9051546392	 70.3278894845	 291.905154639	81.3012	 267.0
6.5	 48.6410663918	 -37.2639175258	 69.9933336082	 291.263917526	118.6344	 254.0
7.0	 22.437222268	 -30.6226804124	 69.658777732	 290.622680412	92.096	 260.0
7.5	 78.5925781443	 -1.98144329897	 69.3242218557	 289.981443299	147.9168	 288.0
8.0	 77.1323340206	 5.65979381443	 68.9896659794	 289.340206186	146.122	 295.0
8.5	 71.3904898969	 57.3010309278	 68.6551101031	 288.698969072	140.0456	 346.0
9.0	 103.980245773	 -60.0577319588	 68.3205542268	 288.057731959	172.3008	 228.0
9.5	 131.520401649	 -13.4164948454	 67.9859983505	 287.416494845	199.5064	 274.0
10.0	 114.931757526	 -24.775257732	 67.6514424742	 286.775257732	182.5832	 262.0
10.5	 197.830313402	 -34.1340206186	 67.3168865979	 286.134020619	265.1472	 252.0
11.0	 152.318869278	 -18.4927835052	 66.9823307216	 285.492783505	219.3012	 267.0
11.5	 201.705025155	 13.1484536082	 66.6477748454	 284.851546392	268.3528	 298.0
12.0	 185.911581031	 33.7896907216	 66.3132189691	 284.210309278	252.2248	 318.0
12.5	 214.912536907	 8.43092783505	 65.9786630928	 283.569072165	280.8912	 292.0
13.0	 243.580292784	 -3.92783505155	 65.6441072165	 282.927835052	309.2244	 279.0
13.5	 241.50484866	 21.7134020619	 65.3095513402	 282.286597938	306.8144	 304.0
14.0	 306.198204536	 5.35463917526	 64.9749954639	 281.645360825	371.1732	 287.0
14.5	 244.968360412	 -23.0041237113	 64.6404395876	 281.004123711	309.6088	 258.0
15.0	 253.456916289	 -7.36288659794	 64.3058837113	 280.362886598	317.7628	 273.0
15.5	 320.047872165	 -7.72164948454	 63.9713278351	 279.721649485	384.0192	 272.0
16.0	 316.434028041	 23.9195876289	 63.6367719588	 279.080412371	380.0708	 303.0
16.5	 324.358183918	 10.5608247423	 63.3022160825	 278.439175258	387.6604	 289.0
17.0	 312.821139794	 30.2020618557	 62.9676602062	 277.797938144	375.7888	 308.0
17.5	 365.48889567	 17.8432989691	 62.6331043299	 277.156701031	428.122	 295.0
18.0	 337.361851546	 12.4845360825	 62.2985484536	 276.515463918	399.6604	 289.0
18.5	 365.798807423	 -2.87422680412	 61.9639925773	 275.874226804	427.7628	 273.0
19.0	 445.851763299	 41.7670103093	 61.629436701	 275.232989691	507.4812	 317.0
19.5	 405.545519175	 64.4082474227	 61.2948808247	 274.591752577	466.8404	 339.0
20.0	 331.649275052	 62.0494845361	 60.9603249485	 273.950515464	392.6096	 336.0
20.5	 347.137830928	 77.6907216495	 60.6257690722	 273.309278351	407.7636	 351.0
21.0	 440.369186804	 16.3319587629	 60.2912131959	 272.668041237	500.6604	 289.0
21.5	 292.14014268	 65.9731958763	 59.9566573196	 272.026804124	352.0968	 338.0
22.0	 322.039098557	 95.6144329897	 59.6221014433	 271.38556701	381.6612	 367.0
22.5	 337.399254433	 92.2556701031	 59.287545567	 270.744329897	396.6868	 363.0
23.0	 371.708210309	 96.8969072165	 58.9529896907	 270.103092784	430.6612	 367.0
23.5	 409.017166186	 101.53814433	 58.6184338144	 269.46185567	467.6356	 371.0
24.0	 324.018522062	 115.179381443	 58.2838779381	 268.820618557	382.3024	 384.0
24.5	 380.045077938	 85.8206185567	 57.9493220619	 268.179381443	437.9944	 354.0
25.0	 316.430833814	 78.4618556701	 57.6147661856	 267.53814433	374.0456	 346.0
25.5	 316.457389691	 49.1030927835	 57.2802103093	 266.896907216	373.7376	 316.0
26.0	 315.740345567	 18.7443298969	 56.945654433	 266.255670103	372.686	 285.0
26.5	 228.767301443	 28.3855670103	 56.6110985567	 265.61443299	285.3784	 294.0
27.0	 256.97385732	 49.0268041237	 56.2765426804	 264.973195876	313.2504	 314.0
27.5	 299.103213196	 42.6680412371	 55.9419868041	 264.331958763	355.0452	 307.0
28.0	 273.335769072	 98.3092783505	 55.6074309278	 263.690721649	328.9432	 362.0
28.5	 282.105524948	 30.9505154639	 55.2728750515	 263.049484536	337.3784	 294.0
29.0	 246.158080825	 36.5917525773	 54.9383191753	 262.408247423	301.0964	 299.0
29.5	 255.287836701	 69.2329896907	 54.603763299	 261.767010309	309.8916	 331.0
30.0	 249.237992577	 90.8742268041	 54.2692074227	 261.125773196	303.5072	 352.0
30.5	 215.084948454	 50.5154639175	 53.9346515464	 260.484536082	269.0196	 311.0
31.0	 155.54790433	 70.1567010309	 53.6000956701	 259.843298969	209.148	 330.0
31.5	 204.343660206	 37.7979381443	 53.2655397938	 259.202061856	257.6092	 297.0
32.0	 176.191416082	 75.4391752577	 52.9309839175	 258.560824742	229.1224	 334.0
32.5	 145.218371959	 85.0804123711	 52.5964280412	 257.919587629	197.8148	 343.0
33.0	 134.296527835	 86.7216494845	 52.2618721649	 257.278350515	186.5584	 344.0
33.5	 139.989883711	 70.3628865979	 51.9273162887	 256.637113402	191.9172	 327.0
34.0	 99.0936395876	 68.0041237113	 51.5927604124	 255.995876289	150.6864	 324.0
34.5	 95.0945954639	 42.6453608247	 51.2582045361	 255.354639175	146.3528	 298.0
35.0	 74.8139513402	 61.2865979381	 50.9236486598	 254.713402062	125.7376	 316.0
35.5	 85.1997072165	 53.9278350515	 50.5890927835	 254.072164948	135.7888	 308.0
36.0	 58.3546630928	 43.5690721649	 50.2545369072	 253.430927835	108.6092	 297.0
36.5	 59.7660189691	 32.2103092784	 49.9199810309	 252.789690722	109.686	 285.0
37.0	 58.9469748454	 56.8515463918	 49.5854251546	 252.148453608	108.5324	 309.0
37.5	 69.7943307216	 55.4927835052	 49.2508692784	 251.507216495	119.0452	 307.0
38.0	 40.5132865979	 35.1340206186	 48.9163134021	 250.865979381	89.4296	 286.0
38.5	 57.5142424742	 9.77525773196	 48.5817575258	 250.224742268	106.096	 260.0
39.0	 27.5155983505	 23.4164948454	 48.2472016495	 249.583505155	75.7628	 273.0
39.5	 30.2345542268	 3.05773195876	 47.9126457732	 248.942268041	78.1472	 252.0
40.0	 -20.2256898969	 10.6989690722	 47.5780898969	 248.301030928	27.3524	 259.0
40.5	 23.9292659794	 0.340206185567	 47.2435340206	 247.659793814	71.1728	 248.0
41.0	 41.6226218557	 -16.018556701	 46.9089781443	 247.018556701	88.5316	 231.0
41.5	 3.80357773196	 8.62268041237	 46.574422268	 246.377319588	50.378	 255.0
42.0	 11.3173336082	 -18.7360824742	 46.2398663918	 245.736082474	57.5572	 227.0
42.5	 5.80588948454	 -3.09484536082	 45.9053105155	 245.094845361	51.7112	 242.0
43.0	 -1.26995463918	 -16.4536082474	 45.5707546392	 244.453608247	44.3008	 228.0
43.5	 0.244201237113	 -4.81237113402	 45.2361987629	 243.812371134	45.4804	 239.0
44.0	 -15.7288428866	 4.82886597938	 44.9016428866	 243.171134021	29.1728	 248.0
44.5	 -9.80428701031	 30.4701030928	 44.5670870103	 242.529896907	34.7628	 273.0
45.0	 -21.444131134	 27.1113402062	 44.232531134	 241.888659794	22.7884	 269.0
45.5	 20.6080247423	 -6.24742268041	 43.8979752577	 241.24742268	64.506	 235.0
46.0	 2.66058061856	 -0.60618556701	 43.5634193814	 240.606185567	46.224	 240.0
46.5	 -2.69726350515	 -8.96494845361	 43.2288635052	 239.964948454	40.5316	 231.0
47.0	 2.35529237113	 -3.32371134021	 42.8943076289	 239.32371134	45.2496	 236.0
47.5	 9.89504824742	 4.3175257732	 42.5597517526	 238.682474227	52.4548	 243.0
48.0	 -17.2319958763	 -1.0412371134	 42.2251958763	 238.041237113	24.9932	 237.0
Actin association begins: 5.0
Actin association ends: 39.5
Length of actin association: 34.5
Cofilin association begins: 19.0
Cofilin association ends: 40.5
Length of cofilin association: 21.5
Delay between actin and cofilin association: 14.0
Maximum normalized actin intensity: 445.851763299
Maximum normalized cofilin intensity: 115.179381443