Time	 Int488	 Int561	 Back488	 Back561	 Raw488	 Raw561
0.0	 -28.81552	 -13.2	 112.34832	 361.2	83.5328	 348.0
0.5	 -14.2480927731	 -8.3731092437	 111.755292773	 360.373109244	97.5072	 352.0
1.0	 12.4477344538	 15.4537815126	 111.162265546	 359.546218487	123.61	 375.0
1.5	 28.0919616807	 8.28067226891	 110.569238319	 358.719327731	138.6612	 367.0
2.0	 8.45418890756	 6.10756302521	 109.976211092	 357.892436975	118.4304	 364.0
2.5	 -55.7479838655	 -25.0655462185	 109.383183866	 357.065546218	53.6352	 332.0
3.0	 -7.66775663866	 -22.2386554622	 108.790156639	 356.238655462	101.1224	 334.0
3.5	 11.6432705882	 -16.4117647059	 108.197129412	 355.411764706	119.8404	 339.0
4.0	 -28.1481021849	 5.41512605042	 107.604102185	 354.58487395	79.456	 360.0
4.5	 54.316125042	 -51.7579831933	 107.011074958	 353.757983193	161.3272	 302.0
5.0	 15.9347522689	 -54.931092437	 106.418047731	 352.931092437	122.3528	 298.0
5.5	 -19.0618205042	 -40.1042016807	 105.825020504	 352.104201681	86.7632	 312.0
6.0	 5.55680672269	 -43.2773109244	 105.231993277	 351.277310924	110.7888	 308.0
6.5	 -23.6449660504	 -35.4504201681	 104.63896605	 350.450420168	80.994	 315.0
7.0	 -8.64153882353	 -20.6235294118	 104.045938824	 349.623529412	95.4044	 329.0
7.5	 -9.71531159664	 -32.7966386555	 103.452911597	 348.796638655	93.7376	 316.0
8.0	 -22.4298843697	 -22.9697478992	 102.85988437	 347.969747899	80.43	 325.0
8.5	 7.62434285714	 -55.1428571429	 102.266857143	 347.142857143	109.8912	 292.0
9.0	 -12.654229916	 -35.3159663866	 101.673829916	 346.315966387	89.0196	 311.0
9.5	 22.6567973109	 -29.4890756303	 101.080802689	 345.48907563	123.7376	 316.0
10.0	 -4.69897546218	 -36.6621848739	 100.487775462	 344.662184874	95.7888	 308.0
10.5	 42.8684517647	 -31.8352941176	 99.8947482353	 343.835294118	142.7632	 312.0
11.0	 -7.2565210084	 -36.0084033613	 99.3017210084	 343.008403361	92.0452	 307.0
11.5	 59.0801062185	 -34.181512605	 98.7086937815	 342.181512605	157.7888	 308.0
12.0	 16.6735334454	 5.64537815126	 98.1156665546	 341.354621849	114.7892	 347.0
12.5	 22.4969606723	 -29.5277310924	 97.5226393277	 340.527731092	120.0196	 311.0
13.0	 51.2439878992	 -13.7008403361	 96.9296121008	 339.700840336	148.1736	 326.0
13.5	 42.4522151261	 -30.8739495798	 96.3365848739	 338.87394958	138.7888	 308.0
14.0	 76.4296423529	 -51.0470588235	 95.7435576471	 338.047058824	172.1732	 287.0
14.5	 76.4074695798	 -32.2201680672	 95.1505304202	 337.220168067	171.558	 305.0
15.0	 91.9232968067	 -58.3932773109	 94.5575031933	 336.393277311	186.4808	 278.0
15.5	 147.875924034	 3.43361344538	 93.9644759664	 335.566386555	241.8404	 339.0
16.0	 205.006951261	 -40.7394957983	 93.3714487395	 334.739495798	298.3784	 294.0
16.5	 272.779578487	 -28.912605042	 92.7784215126	 333.912605042	365.558	 305.0
17.0	 252.167805714	 3.91428571429	 92.1853942857	 333.085714286	344.3532	 337.0
17.5	 388.888832941	 -15.2588235294	 91.5923670588	 332.258823529	480.4812	 317.0
18.0	 372.097060168	 -32.4319327731	 90.9993398319	 331.431932773	463.0964	 299.0
18.5	 412.690487395	 7.39495798319	 90.406312605	 330.605042017	503.0968	 338.0
19.0	 408.283514622	 8.2218487395	 89.8132853782	 329.778151261	498.0968	 338.0
19.5	 447.132941849	 8.0487394958	 89.2202581513	 328.951260504	536.3532	 337.0
20.0	 506.546769076	 36.8756302521	 88.6272309244	 328.124369748	595.174	 365.0
20.5	 426.626996303	 39.7025210084	 88.0342036975	 327.297478992	514.6612	 367.0
21.0	 499.476423529	 39.5294117647	 87.4411764706	 326.470588235	586.9176	 366.0
21.5	 455.710650756	 57.356302521	 86.8481492437	 325.643697479	542.5588	 383.0
22.0	 417.764877983	 25.1831932773	 86.2551220168	 324.816806723	504.02	 350.0
22.5	 508.17830521	 15.0100840336	 85.6620947899	 323.989915966	593.8404	 339.0
23.0	 563.309732437	 9.83697478992	 85.069067563	 323.16302521	648.3788	 333.0
23.5	 504.800359664	 26.6638655462	 84.4760403361	 322.336134454	589.2764	 349.0
24.0	 513.854986891	 33.4907563025	 83.8830131092	 321.509243697	597.738	 355.0
24.5	 446.858414118	 48.3176470588	 83.2899858824	 320.682352941	530.1484	 369.0
25.0	 423.887041345	 20.1445378151	 82.6969586555	 319.855462185	506.584	 340.0
25.5	 466.531668571	 51.9714285714	 82.1039314286	 319.028571429	548.6356	 371.0
26.0	 497.663095798	 46.7983193277	 81.5109042017	 318.201680672	579.174	 365.0
26.5	 391.922923025	 60.625210084	 80.9178769748	 317.374789916	472.8408	 378.0
27.0	 474.875550252	 122.45210084	 80.3248497479	 316.54789916	555.2004	 439.0
27.5	 411.852577479	 63.2789915966	 79.731822521	 315.721008403	491.5844	 379.0
28.0	 459.266004706	 53.1058823529	 79.1387952941	 314.894117647	538.4048	 368.0
28.5	 466.423031933	 43.9327731092	 78.5457680672	 314.067226891	544.9688	 358.0
29.0	 455.91485916	 177.759663866	 77.9527408403	 313.240336134	533.8676	 491.0
29.5	 489.994686387	 141.586554622	 77.3597136134	 312.413445378	567.3544	 454.0
30.0	 456.202513613	 85.4134453782	 76.7666863866	 311.586554622	532.9692	 397.0
30.5	 549.76994084	 90.2403361345	 76.1736591597	 310.759663866	625.9436	 401.0
31.0	 295.414968067	 161.067226891	 75.5806319328	 309.932773109	370.9956	 471.0
31.5	 297.366395294	 105.894117647	 74.9876047059	 309.105882353	372.354	 415.0
32.0	 321.985422521	 141.721008403	 74.394577479	 308.278991597	396.38	 450.0
32.5	 397.169249748	 245.54789916	 73.8015502521	 307.45210084	470.9708	 553.0
33.0	 485.249076975	 209.374789916	 73.2085230252	 306.625210084	558.4576	 516.0
33.5	 350.687704202	 156.201680672	 72.6154957983	 305.798319328	423.3032	 462.0
34.0	 348.486331429	 203.028571429	 72.0224685714	 304.971428571	420.5088	 508.0
34.5	 377.361758655	 237.855462185	 71.4294413445	 304.144537815	448.7912	 542.0
35.0	 328.133585882	 171.682352941	 70.8364141176	 303.317647059	398.97	 475.0
35.5	 293.419413109	 220.509243697	 70.2433868908	 302.490756303	363.6628	 523.0
36.0	 447.961640336	 268.336134454	 69.6503596639	 301.663865546	517.612	 570.0
36.5	 164.861467563	 182.16302521	 69.057332437	 300.83697479	233.9188	 483.0
37.0	 233.27449479	 132.989915966	 68.4643052101	 300.010084034	301.7388	 433.0
37.5	 189.713122017	 79.8168067227	 67.8712779832	 299.183193277	257.5844	 379.0
38.0	 87.4617492437	 251.643697479	 67.2782507563	 298.356302521	154.74	 550.0
38.5	 207.310376471	 173.470588235	 66.6852235294	 297.529411765	273.9956	 471.0
39.0	 485.931403697	 404.297478992	 66.0921963025	 296.702521008	552.0236	 701.0
39.5	 213.316030924	 86.1243697479	 65.4991690756	 295.875630252	278.8152	 382.0
40.0	 60.8318581513	 59.9512605042	 64.9061418487	 295.048739496	125.738	 355.0
40.5	 129.142885378	 65.7781512605	 64.3131146218	 294.221848739	193.456	 360.0
41.0	 201.197112605	 33.6050420168	 63.720087395	 293.394957983	264.9172	 327.0
41.5	 7.68693983193	 -27.5680672269	 63.1270601681	 292.568067227	70.814	 265.0
42.0	 93.2803670588	 12.2588235294	 62.5340329412	 291.741176471	155.8144	 304.0
42.5	 64.2581942857	 31.0857142857	 61.9410057143	 290.914285714	126.1992	 322.0
43.0	 -14.6107784874	 -13.087394958	 61.3479784874	 290.087394958	46.7372	 277.0
43.5	 -15.1461512605	 -31.2605042017	 60.7549512605	 289.260504202	45.6088	 258.0
44.0	 -15.5527240336	 8.56638655462	 60.1619240336	 288.433613445	44.6092	 297.0
44.5	 -33.8564968067	 71.3932773109	 59.5688968067	 287.606722689	25.7124	 359.0
45.0	 -0.187069579832	 21.2201680672	 58.9758695798	 286.779831933	58.7888	 308.0
45.5	 -37.4916423529	 6.04705882353	 58.3828423529	 285.952941176	20.8912	 292.0
46.0	 13.6413848739	 156.87394958	 57.7898151261	 285.12605042	71.4312	 442.0
46.5	 39.6188121008	 136.700840336	 57.1967878992	 284.299159664	96.8156	 421.0
47.0	 -8.48176067227	 11.5277310924	 56.6037606723	 283.472268908	48.122	 295.0
47.5	 3.49566655462	 -8.64537815126	 56.0107334454	 282.645378151	59.5064	 274.0
48.0	 -2.14170621849	 28.181512605	 55.4177062185	 281.818487395	53.276	 310.0
48.5	 83.7349210084	 180.008403361	 54.8246789916	 280.991596639	138.5596	 461.0
49.0	 129.455548235	 121.835294118	 54.2316517647	 280.164705882	183.6872	 402.0
49.5	 2.40657546218	 27.6621848739	 53.6386245378	 279.337815126	56.0452	 307.0
50.0	 63.7176026891	 33.4890756303	 53.0455973109	 278.51092437	116.7632	 312.0
50.5	 -18.612970084	 -16.6840336134	 52.452570084	 277.684033613	33.8396	 261.0
51.0	 -55.0967428571	 -3.85714285714	 51.8595428571	 276.857142857	-3.2372	 273.0
51.5	 -27.1957156303	 26.9697478992	 51.2665156303	 276.030252101	24.0708	 303.0
52.0	 -30.0130884034	 13.7966386555	 50.6734884034	 275.203361345	20.6604	 289.0
52.5	 85.0675388235	 55.6235294118	 50.0804611765	 274.376470588	135.148	 330.0
53.0	 -28.3646339496	 99.4504201681	 49.4874339496	 273.549579832	21.1228	 373.0
53.5	 20.9971932773	 58.2773109244	 48.8944067227	 272.722689076	69.8916	 331.0
54.0	 126.643020504	 207.104201681	 48.3013794958	 271.895798319	174.9444	 479.0
54.5	 93.7472477311	 49.931092437	 47.7083522689	 271.068907563	141.4556	 321.0
55.0	 67.570674958	 14.7579831933	 47.115325042	 270.242016807	114.686	 285.0
55.5	 15.9073021849	 16.5848739496	 46.5222978151	 269.41512605	62.4296	 286.0
56.0	 9.75672941176	 16.4117647059	 45.9292705882	 268.588235294	55.686	 285.0
56.5	 -40.9318433613	 61.2386554622	 45.3362433613	 267.761344538	4.4044	 329.0
57.0	 -21.6216161345	 -10.9344537815	 44.7432161345	 266.934453782	23.1216	 256.0
57.5	 -7.87498890756	 -34.1075630252	 44.1501889076	 266.107563025	36.2752	 232.0
58.0	 8.41043831933	 -24.2806722689	 43.5571616807	 265.280672269	51.9676	 241.0
58.5	 -8.61133445378	 33.5462184874	 42.9641344538	 264.453781513	34.3528	 298.0
59.0	 20.8020927731	 23.3731092437	 42.3711072269	 263.626890756	63.1732	 287.0
Actin association begins: 11.5
Actin association ends: 42.5
Length of actin association: 31.0
Cofilin association begins: 18.5
Cofilin association ends: 41.0
Length of cofilin association: 22.5
Delay between actin and cofilin association: 7.0
Maximum normalized actin intensity: 563.309732437
Maximum normalized cofilin intensity: 404.297478992