Time	 Int488	 Int561	 Back488	 Back561	 Raw488	 Raw561
0.0	 -41.42528	 35.2	 145.01088	 460.8	103.5856	 496.0
0.5	 21.992682953	 18.1315436242	 144.208117047	 459.868456376	166.2008	 478.0
1.0	 -4.02535409396	 -8.93691275168	 143.405354094	 458.936912752	139.38	 450.0
1.5	 21.2898088591	 -49.0053691275	 142.602591141	 458.005369128	163.8924	 409.0
2.0	 10.1957718121	 13.9261744966	 141.799828188	 457.073825503	151.9956	 471.0
2.5	 38.8189347651	 3.85771812081	 140.997065235	 456.142281879	179.816	 460.0
3.0	 28.3904977181	 -37.210738255	 140.194302282	 455.210738255	168.5848	 418.0
3.5	 22.5276606711	 67.7208053691	 139.391539329	 454.279194631	161.9192	 522.0
4.0	 39.6632236242	 16.6523489933	 138.588776376	 453.347651007	178.252	 470.0
4.5	 56.4143865772	 -13.4161073826	 137.786013423	 452.416107383	194.2004	 439.0
5.0	 9.9359495302	 70.5154362416	 136.98325047	 451.484563758	146.9192	 522.0
5.5	 42.3535124832	 14.4469798658	 136.180487517	 450.553020134	178.534	 465.0
6.0	 -8.61292456376	 18.3785234899	 135.377724564	 449.62147651	126.7648	 468.0
6.5	 17.7542383893	 48.3100671141	 134.574961611	 448.689932886	152.3292	 497.0
7.0	 28.1982013423	 66.2416107383	 133.772198658	 447.758389262	161.9704	 514.0
7.5	 44.0265642953	 63.1731543624	 132.969435705	 446.826845638	176.996	 510.0
8.0	 43.9573272483	 44.1046979866	 132.166672752	 445.895302013	176.124	 490.0
8.5	 22.8372902013	 72.0362416107	 131.363909799	 444.963758389	154.2012	 517.0
9.0	 68.6144531544	 76.9677852349	 130.561146846	 444.032214765	199.1756	 521.0
9.5	 98.6220161074	 45.8993288591	 129.758383893	 443.100671141	228.3804	 489.0
10.0	 72.8351790604	 60.8308724832	 128.95562094	 442.169127517	201.7908	 503.0
10.5	 50.6899420134	 131.762416107	 128.152857987	 441.237583893	178.8428	 573.0
11.0	 3.80150496644	 240.693959732	 127.350095034	 440.306040268	131.1516	 681.0
11.5	 71.4486679195	 70.6255033557	 126.547332081	 439.374496644	197.996	 510.0
12.0	 65.5082308725	 109.55704698	 125.744569128	 438.44295302	191.2528	 548.0
12.5	 13.5677938255	 148.488590604	 124.941806174	 437.511409396	138.5096	 586.0
13.0	 90.9089567785	 143.420134228	 124.139043221	 436.579865772	215.048	 580.0
13.5	 9.32771973154	 204.351677852	 123.336280268	 435.648322148	132.664	 640.0
14.0	 109.924482685	 120.283221477	 122.533517315	 434.716778523	232.458	 555.0
14.5	 107.958445638	 163.214765101	 121.730754362	 433.785234899	229.6892	 597.0
15.0	 172.658008591	 102.146308725	 120.927991409	 432.853691275	293.586	 535.0
15.5	 113.640771544	 153.077852349	 120.125228456	 431.922147651	233.766	 585.0
16.0	 74.9563344966	 152.009395973	 119.322465503	 430.990604027	194.2788	 583.0
16.5	 99.8362974497	 179.940939597	 118.51970255	 430.059060403	218.356	 610.0
17.0	 114.921060403	 175.872483221	 117.716939597	 429.127516779	232.638	 605.0
17.5	 155.954223356	 140.804026846	 116.914176644	 428.195973154	272.8684	 569.0
18.0	 128.424986309	 271.73557047	 116.111413691	 427.26442953	244.5364	 699.0
18.5	 38.3561492617	 291.667114094	 115.308650738	 426.332885906	153.6648	 718.0
19.0	 131.773312215	 196.598657718	 114.505887785	 425.401342282	246.2792	 622.0
19.5	 101.653675168	 263.530201342	 113.703124832	 424.469798658	215.3568	 688.0
20.0	 83.1752381208	 347.461744966	 112.900361879	 423.538255034	196.0756	 771.0
20.5	 140.644401074	 322.393288591	 112.097598926	 422.606711409	252.742	 745.0
21.0	 110.395564027	 292.324832215	 111.294835973	 421.675167785	221.6904	 714.0
21.5	 115.09472698	 192.256375839	 110.49207302	 420.743624161	225.5868	 613.0
22.0	 147.027489933	 368.187919463	 109.689310067	 419.812080537	256.7168	 788.0
22.5	 174.112252886	 364.119463087	 108.886547114	 418.880536913	282.9988	 783.0
23.0	 193.504215839	 312.051006711	 108.083784161	 417.948993289	301.588	 730.0
23.5	 200.897778792	 415.982550336	 107.281021208	 417.017449664	308.1788	 833.0
24.0	 181.162541745	 461.91409396	 106.478258255	 416.08590604	287.6408	 878.0
24.5	 212.631704698	 436.845637584	 105.675495302	 415.154362416	318.3072	 852.0
25.0	 249.254067651	 348.777181208	 104.872732349	 414.222818792	354.1268	 763.0
25.5	 167.032030604	 431.708724832	 104.069969396	 413.291275168	271.102	 845.0
26.0	 109.757993557	 444.640268456	 103.267206443	 412.359731544	213.0252	 857.0
26.5	 165.40675651	 430.571812081	 102.46444349	 411.428187919	267.8712	 842.0
27.0	 190.543119463	 457.503355705	 101.661680537	 410.496644295	292.2048	 868.0
27.5	 266.088682416	 381.434899329	 100.858917584	 409.565100671	366.9476	 791.0
28.0	 161.969045369	 448.366442953	 100.056154631	 408.633557047	262.0252	 857.0
28.5	 278.053808322	 444.297986577	 99.2533916779	 407.702013423	377.3072	 852.0
29.0	 237.241371275	 463.229530201	 98.4506287248	 406.770469799	335.692	 870.0
29.5	 227.916134228	 484.161073826	 97.6478657718	 405.838926174	325.564	 890.0
30.0	 150.950097181	 527.09261745	 96.8451028188	 404.90738255	247.7952	 932.0
30.5	 163.239260134	 452.024161074	 96.0423398658	 403.975838926	259.2816	 856.0
31.0	 129.118823087	 440.955704698	 95.2395769128	 403.044295302	224.3584	 844.0
31.5	 200.25518604	 467.887248322	 94.4368139597	 402.112751678	294.692	 870.0
32.0	 253.442748993	 486.818791946	 93.6340510067	 401.181208054	347.0768	 888.0
32.5	 243.860711946	 469.75033557	 92.8312880537	 400.24966443	336.692	 870.0
33.0	 225.407474899	 510.681879195	 92.0285251007	 399.318120805	317.436	 910.0
33.5	 254.416237852	 596.613422819	 91.2257621477	 398.386577181	345.642	 995.0
34.0	 258.962200805	 559.544966443	 90.4229991946	 397.455033557	349.3852	 957.0
34.5	 275.226563758	 566.476510067	 89.6202362416	 396.523489933	364.8468	 963.0
35.0	 244.259326711	 492.408053691	 88.8174732886	 395.591946309	333.0768	 888.0
35.5	 266.164889664	 516.339597315	 88.0147103356	 394.660402685	354.1796	 911.0
36.0	 192.864852617	 494.27114094	 87.2119473826	 393.72885906	280.0768	 888.0
36.5	 267.10441557	 583.202684564	 86.4091844295	 392.797315436	353.5136	 976.0
37.0	 369.419178523	 504.134228188	 85.6064214765	 391.865771812	455.0256	 896.0
37.5	 307.325541477	 606.065771812	 84.8036585235	 390.934228188	392.1292	 997.0
38.0	 304.97510443	 669.997315436	 84.0008955705	 390.002684564	388.976	 1060.0
38.5	 280.546267383	 589.92885906	 83.1981326174	 389.07114094	363.7444	 979.0
39.0	 343.271830336	 563.860402685	 82.3953696644	 388.139597315	425.6672	 952.0
39.5	 420.484993289	 578.791946309	 81.5926067114	 387.208053691	502.0776	 966.0
40.0	 295.828156242	 768.723489933	 80.7898437584	 386.276510067	376.618	 1155.0
40.5	 305.015319195	 748.655033557	 79.9870808054	 385.344966443	385.0024	 1134.0
41.0	 226.664482148	 773.586577181	 79.1843178523	 384.413422819	305.8488	 1158.0
41.5	 223.313245101	 759.518120805	 78.3815548993	 383.481879195	301.6948	 1143.0
42.0	 246.756408054	 699.44966443	 77.5787919463	 382.55033557	324.3352	 1082.0
42.5	 212.379971007	 728.381208054	 76.7760289933	 381.618791946	289.156	 1110.0
43.0	 208.82393396	 746.312751678	 75.9732660403	 380.687248322	284.7972	 1127.0
43.5	 240.421096913	 701.244295302	 75.1705030872	 379.755704698	315.5916	 1081.0
44.0	 280.736659866	 700.175838926	 74.3677401342	 378.824161074	355.1044	 1079.0
44.5	 280.230622819	 593.10738255	 73.5649771812	 377.89261745	353.7956	 971.0
45.0	 263.700585772	 646.038926174	 72.7622142282	 376.961073826	336.4628	 1023.0
45.5	 174.760948725	 762.970469799	 71.9594512752	 376.029530201	246.7204	 1139.0
46.0	 182.024111678	 652.902013423	 71.1566883221	 375.097986577	253.1808	 1028.0
46.5	 189.878074631	 645.833557047	 70.3539253691	 374.166442953	260.232	 1020.0
47.0	 166.244437584	 597.765100671	 69.5511624161	 373.234899329	235.7956	 971.0
47.5	 139.278800537	 679.696644295	 68.7483994631	 372.303355705	208.0272	 1052.0
48.0	 147.00516349	 731.628187919	 67.9456365101	 371.371812081	214.9508	 1103.0
48.5	 161.807526443	 693.559731544	 67.142873557	 370.440268456	228.9504	 1064.0
49.0	 105.149089396	 727.491275168	 66.340110604	 369.508724832	171.4892	 1097.0
49.5	 159.001452349	 564.422818792	 65.537347651	 368.577181208	224.5388	 933.0
50.0	 107.881415302	 592.354362416	 64.734584698	 367.645637584	172.616	 960.0
50.5	 86.582978255	 726.28590604	 63.931821745	 366.71409396	150.5148	 1093.0
51.0	 133.641341208	 648.217449664	 63.1290587919	 365.782550336	196.7704	 1014.0
51.5	 149.417704161	 575.148993289	 62.3262958389	 364.851006711	211.744	 940.0
52.0	 157.040467114	 526.080536913	 61.5235328859	 363.919463087	218.564	 890.0
52.5	 125.201230067	 432.012080537	 60.7207699329	 362.987919463	185.922	 795.0
53.0	 38.1579930201	 447.943624161	 59.9180069799	 362.056375839	98.076	 810.0
53.5	 80.1399559732	 420.875167785	 59.1152440268	 361.124832215	139.2552	 782.0
54.0	 75.3263189262	 322.806711409	 58.3124810738	 360.193288591	133.6388	 683.0
54.5	 46.0274818792	 417.738255034	 57.5097181208	 359.261744966	103.5372	 777.0
55.0	 89.8546448322	 297.669798658	 56.7069551678	 358.330201342	146.5616	 656.0
55.5	 -10.2901922148	 407.601342282	 55.9041922148	 357.398657718	45.614	 765.0
56.0	 0.230170738255	 374.532885906	 55.1014292617	 356.467114094	55.3316	 731.0
56.5	 12.1093336913	 324.46442953	 54.2986663087	 355.53557047	66.408	 680.0
57.0	 63.4496966443	 241.395973154	 53.4959033557	 354.604026846	116.9456	 596.0
57.5	 -42.7991404027	 211.327516779	 52.6931404027	 353.672483221	9.894	 565.0
58.0	 2.23322255034	 98.2590604027	 51.8903774497	 352.740939597	54.1236	 451.0
58.5	 6.49718550336	 66.1906040268	 51.0876144966	 351.809395973	57.5848	 418.0
59.0	 1.88994845638	 92.122147651	 50.2848515436	 350.877852349	52.1748	 443.0
59.5	 -30.3840885906	 105.053691275	 49.4820885906	 349.946308725	19.098	 455.0
60.0	 -31.3505256376	 108.985234899	 48.6793256376	 349.014765101	17.3288	 458.0
60.5	 2.27223731544	 59.9167785235	 47.8765626846	 348.083221477	50.1488	 408.0
61.0	 -5.18139973154	 61.8483221477	 47.0737997315	 347.151677852	41.8924	 409.0
61.5	 -12.1990367785	 73.7798657718	 46.2710367785	 346.220134228	34.072	 420.0
62.0	 -40.6526738255	 75.711409396	 45.4682738255	 345.288590604	4.8156	 421.0
62.5	 -21.6707108725	 48.6429530201	 44.6655108725	 344.35704698	22.9948	 393.0
63.0	 -5.73994791946	 29.5744966443	 43.8627479195	 343.425503356	38.1228	 373.0
63.5	 -44.4239849664	 67.5060402685	 43.0599849664	 342.493959732	-1.364	 410.0
64.0	 -26.0568220134	 97.4375838926	 42.2572220134	 341.562416107	16.2004	 439.0
64.5	 -30.3052590604	 106.369127517	 41.4544590604	 340.630872483	11.1492	 447.0
65.0	 -16.5540961074	 76.3006711409	 40.6516961074	 339.699328859	24.0976	 416.0
65.5	 -13.9821331544	 74.2322147651	 39.8489331544	 338.767785235	25.8668	 413.0
66.0	 -53.1281702013	 67.1637583893	 39.0461702013	 337.836241611	-14.082	 405.0
66.5	 35.6741927517	 29.0953020134	 38.2434072483	 336.904697987	73.9176	 366.0
67.0	 -4.1642442953	 13.0268456376	 37.4406442953	 335.973154362	33.2764	 349.0
67.5	 1.07451865772	 23.9583892617	 36.6378813423	 335.041610738	37.7124	 359.0
68.0	 -21.7375183893	 81.8899328859	 35.8351183893	 334.110067114	14.0976	 416.0
68.5	 -28.4483554362	 6.82147651007	 35.0323554362	 333.17852349	6.584	 340.0
69.0	 -30.0811924832	 36.7530201342	 34.2295924832	 332.246979866	4.1484	 369.0
69.5	 -22.1244295302	 52.6845637584	 33.4268295302	 331.315436242	11.3024	 384.0
70.0	 27.4471334228	 11.6161073826	 32.6240665772	 330.383892617	60.0712	 342.0
70.5	 -26.0577036242	 21.5476510067	 31.8213036242	 329.452348993	5.7636	 351.0
71.0	 3.64265932886	 38.4791946309	 31.0185406711	 328.520805369	34.6612	 367.0
71.5	 20.6758222819	 3.41073825503	 30.2157777181	 327.589261745	50.8916	 331.0
72.0	 -16.4702147651	 -3.65771812081	 29.4130147651	 326.657718121	12.9428	 323.0
72.5	 3.58894818792	 -3.72617449664	 28.6102518121	 325.726174497	32.1992	 322.0
73.0	 11.2637111409	 17.2053691275	 27.8074888591	 324.794630872	39.0712	 342.0
73.5	 -0.36992590604	 -30.8630872483	 27.004725906	 323.863087248	26.6348	 293.0
74.0	 -10.053962953	 7.06845637584	 26.201962953	 322.931543624	16.148	 330.0
Actin association begins: 6.5
Actin association ends: 55.0
Length of actin association: 48.5
Cofilin association begins: 5.0
Cofilin association ends: 71.5
Length of cofilin association: 66.5
Delay between actin and cofilin association: -1.5
Maximum normalized actin intensity: 420.484993289
Maximum normalized cofilin intensity: 773.586577181