Time	 Int488	 Int561	 Back488	 Back561	 Raw488	 Raw561
0.0	 -53.8322314503	 -0.962832672061	 187.70112	 259.2	120.6088	 258.0
0.5	 -12.9024529767	 -35.8616962697	 185.971017143	 258.695238095	169.8904	 214.0
1.0	 48.3132470645	 -12.1882389836	 184.240914286	 258.19047619	244.4548	 243.0
1.5	 6.70355283728	 30.7418717437	 182.510811429	 257.685714286	190.8656	 296.0
2.0	 25.5995474992	 22.3209066277	 180.780708571	 257.180952381	212.686	 285.0
2.5	 10.4465694348	 5.87633591123	 179.050605714	 256.676190476	192.0704	 264.0
3.0	 -7.1134903097	 -10.5682348052	 177.320502857	 256.171428571	168.4548	 243.0
3.5	 -50.8423792482	 18.7217464012	 175.5904	 255.666666667	112.2244	 279.0
4.0	 31.974792735	 -10.5605932761	 173.860297143	 255.161904762	213.7112	 242.0
4.5	 -3.44292457826	 -26.2028034325	 172.130194286	 254.657142857	167.8392	 222.0
5.0	 34.483457847	 -30.6119657482	 170.400091429	 254.152380952	213.3776	 216.0
5.5	 107.220092698	 -20.578637983	 168.669988571	 253.647619048	302.3008	 228.0
6.0	 57.7921971735	 -9.74294965776	 166.939885714	 253.142857143	238.9676	 241.0
6.5	 114.831129083	 -22.978078134	 165.209782857	 252.638095238	308.3264	 224.0
7.0	 119.243873748	 6.3119030724	 163.47968	 252.133333333	312.096	 260.0
7.5	 183.936041624	 -11.7373887642	 161.749577143	 251.628571429	390.9932	 237.0
8.0	 190.549821777	 -12.9371088397	 160.019474286	 251.123809524	397.506	 235.0
8.5	 150.832414694	 -14.9391894752	 158.289371429	 250.619047619	346.2752	 232.0
9.0	 174.604514952	 -1.69641946982	 156.559268571	 250.114285714	374.1728	 248.0
9.5	 150.584489866	 -11.7221057059	 154.829165714	 249.60952381	342.506	 235.0
10.0	 222.971616457	 21.5796783008	 153.099062857	 249.104761905	430.9936	 276.0
10.5	 298.505922109	 1.92566534412	 151.36896	 248.6	523.4036	 251.0
11.0	 242.186070318	 23.9944015101	 149.638857143	 248.095238095	451.4808	 278.0
11.5	 295.04855504	 5.14274911347	 147.908754286	 247.59047619	515.6344	 254.0
12.0	 362.415472079	 7.95483183822	 146.178651429	 247.085714286	597.8652	 257.0
12.5	 311.567719308	 -10.0944599984	 144.448548571	 246.580952381	532.7624	 234.0
13.0	 351.325088531	 -18.5154251143	 142.718445714	 246.076190476	580.5828	 223.0
13.5	 369.439584007	 1.1462293715	 140.988342857	 245.571428571	601.4292	 247.0
14.0	 402.284456534	 7.16775433645	 139.25824	 245.066666667	640.6344	 254.0
14.5	 505.34614828	 11.5845581813	 137.528137143	 244.561904762	767.3524	 259.0
15.0	 514.305067877	 -11.2788970156	 135.798034286	 244.057142857	776.788	 230.0
15.5	 466.62599743	 8.38275747024	 134.067931429	 243.552380952	715.6344	 254.0
16.0	 522.945051445	 13.6019218751	 132.337828571	 243.047619048	784.096	 260.0
16.5	 430.539514882	 32.4612158009	 130.607725714	 242.542857143	667.1988	 283.0
17.0	 365.763424677	 -3.24000835678	 128.877622857	 242.038095238	584.7368	 238.0
17.5	 376.965423456	 30.86413621	 127.14752	 241.533333333	596.968	 280.0
18.0	 517.470394042	 14.4195654935	 125.417417143	 241.028571429	770.3524	 259.0
18.5	 600.0	 30.069417179	 123.687314286	 240.523809524	871.4808	 278.0
19.0	 515.226838028	 16.0319281427	 121.957211429	 240.019047619	764.096	 260.0
19.5	 461.643356691	 49.3337121494	 120.227108571	 239.514285714	695.5836	 301.0
20.0	 43.1289616553	 -2.4147232093	 118.497005714	 239.00952381	172.2496	 236.0
20.5	 208.404728395	 28.4799791172	 116.766902857	 238.504761905	376.5064	 274.0
21.0	 212.158574567	 4.01180280025	 115.0368	 238.0	379.4548	 243.0
21.5	 118.251019036	 6.823885525	 113.306697143	 237.495238095	260.6856	 246.0
22.0	 152.145058231	 5.6241654495	 111.576594286	 236.99047619	301.1984	 244.0
22.5	 102.038365673	 28.4952621755	 109.846491429	 236.485714286	237.0192	 272.0
23.0	 328.890491233	 91.4843869041	 108.116388571	 235.980952381	518.02	 350.0
23.5	 534.922323092	 148.054627152	 106.386285714	 235.476190476	773.072	 420.0
24.0	 513.84375182	 85.8755045129	 104.656182857	 234.971428571	745.0712	 342.0
24.5	 469.641149207	 63.814409876	 102.92608	 234.466666667	688.2504	 314.0
25.0	 192.136487492	 12.8683350774	 101.195977143	 233.961904762	340.66	 250.0
25.5	 83.1487257062	 21.2969417225	 99.4658742857	 233.457142857	203.096	 260.0
26.0	 211.721631931	 51.389283489	 97.7357714286	 232.952380952	361.6092	 297.0
26.5	 231.358365862	 52.5966450936	 96.0056685714	 232.447619048	384.3528	 298.0
27.0	 228.0767937	 93.1196741407	 94.2755657143	 231.942857143	378.5328	 348.0
27.5	 221.523195174	 49.3948443826	 92.5454628571	 231.438095238	368.6348	 293.0
28.0	 13.4538534932	 24.9266680656	 90.81536	 230.933333333	107.5832	 262.0
28.5	 17.6602310218	 -7.56511385191	 89.0852571429	 230.428571429	111.0956	 221.0
29.0	 31.1248865806	 -13.5789972877	 87.3551542857	 229.923809524	126.1468	 213.0
29.5	 67.7556171735	 27.7463923195	 85.6250514286	 229.419047619	170.0704	 264.0
30.0	 107.183697623	 8.0923793628	 83.8949485714	 228.914285714	217.4804	 239.0
30.5	 107.461075961	 25.3469521685	 82.1648457143	 228.40952381	216.096	 260.0
31.0	 122.119323089	 52.2298516947	 80.4347428571	 227.904761905	232.6348	 293.0
31.5	 49.895722165	 20.5404303373	 78.70464	 227.4	140.8908	 253.0
32.0	 80.1688686242	 20.9454313819	 76.9745371429	 226.895238095	176.8908	 253.0
32.5	 43.3726958688	 1.29141842522	 75.2444342857	 226.39047619	129.3008	 228.0
33.0	 21.2866806772	 2.49878002987	 73.5143314286	 225.885714286	100.0444	 229.0
33.5	 26.2132570444	 -17.1552329268	 71.7842285714	 225.380952381	104.4544	 204.0
34.0	 66.4443399423	 25.7748778005	 70.0541257143	 224.876190476	152.8652	 257.0
34.5	 107.127633252	 29.3893210853	 68.3240228571	 224.371428571	201.8396	 261.0
35.0	 124.480528085	 11.3400292487	 66.59392	 223.866666667	221.7368	 238.0
35.5	 2.18160460803	 -0.290378107447	 64.8638171429	 223.361904762	67.5828	 223.0
36.0	 -20.9744386265	 -19.9443910641	 63.1337142857	 222.857142857	36.9928	 198.0
36.5	 -27.4038317378	 10.9503112624	 61.4036114286	 222.352380952	27.2496	 236.0
37.0	 -14.7209963087	 1.72698558639	 59.6735085714	 221.847619048	41.3264	 224.0
37.5	 24.0488275373	 -9.10106120972	 57.9434057143	 221.342857143	87.916	 210.0
38.0	 -16.347376579	 0.932266555488	 56.2133028571	 220.838095238	35.8392	 222.0
38.5	 -7.96423091906	 5.34907040034	 54.4832	 220.333333333	44.5572	 227.0
39.0	 -7.95452006383	 1.74226864468	 52.7530971429	 219.828571429	42.8392	 222.0
39.5	 -5.31146185051	 -5.87633591123	 51.0229942857	 219.323809524	44.4032	 212.0
40.0	 4.40905839091	 8.97115521428	 49.2928914286	 218.819047619	54.788	 230.0
40.5	 6.31137733519	 -8.27577606224	 47.5627885714	 218.314285714	55.4288	 208.0
41.0	 -16.6180792772	 -0.649529977184	 45.8326857143	 217.80952381	25.1212	 217.0
41.5	 -9.61338905944	 -0.244528932587	 44.1025828571	 217.304761905	32.1212	 217.0
Actin association begins: 5.0
Actin association ends: 35.5
Length of actin association: 30.5
Area under actin curve during patch life: 14255.9733726
Cofilin association begins: 20.5
Cofilin association ends: 28.0
Length of cofilin association: 7.5
Delay between actin and cofilin association: 15.5
Area under cofilin curve during patch life: 768.256415484
Cofilin intensity score: 216.379569915