Time	 Int488	 Int561	 Back488	 Back561	 Raw488	 Raw561
0.0	 29.1175237581	 16.176959041	 100.08528	 1214.8	125.6444	 1229.0
0.5	 -34.4955720188	 22.4597709503	 99.667926	 1210.285	69.388	 1230.0
1.0	 -33.8747481782	 -39.6107652012	 99.250572	 1205.77	69.5156	 1171.0
1.5	 -23.4670919622	 15.6586128182	 98.833218	 1201.255	78.234	 1215.0
2.0	 67.4744789389	 36.7513168073	 98.415864	 1196.74	157.6444	 1229.0
2.5	 -33.4404059417	 86.3245824884	 97.99851	 1192.225	68.6448	 1268.0
3.0	 -1.50736904344	 -151.186213686	 97.581156	 1187.71	96.258	 1055.0
3.5	 -36.8718488228	 24.8407459077	 97.163802	 1183.195	64.798	 1205.0
4.0	 -65.9865541445	 69.8571217181	 96.746448	 1178.68	38.824	 1240.0
4.5	 29.3369220563	 118.291164931	 96.329094	 1174.165	122.0808	 1278.0
5.0	 0.191229883425	 -9.85427434542	 95.91174	 1169.65	96.0796	 1161.0
5.5	 -49.0207268351	 15.7953195144	 95.494386	 1165.135	52.4644	 1179.0
6.0	 -29.8210073026	 32.3311336327	 95.077032	 1160.62	68.9004	 1189.0
6.5	 5.91110868094	 -42.2708496632	 94.659678	 1156.105	99.8484	 1119.0
7.0	 54.2639868504	 47.1752023866	 94.242324	 1151.59	141.8748	 1193.0
7.5	 76.9980301666	 45.4834570221	 93.82497	 1147.075	161.4132	 1187.0
8.0	 54.6006362033	 -24.5616364032	 93.407616	 1142.56	141.3356	 1121.0
8.5	 75.9899413188	 -127.644181391	 92.990262	 1138.045	159.6936	 1026.0
9.0	 103.077637218	 -8.57834518162	 92.572908	 1133.53	183.0536	 1126.0
9.5	 72.2395161467	 38.7164755641	 92.155554	 1129.015	155.5668	 1163.0
10.0	 146.997748361	 7.40494603991	 91.7382	 1124.5	220.7716	 1131.0
10.5	 33.757843447	 247.228363823	 91.320846	 1119.985	120.9532	 1337.0
11.0	 157.267506254	 74.653248307	 90.903492	 1115.47	228.9516	 1181.0
11.5	 125.757699616	 137.8971836	 90.486138	 1110.955	200.8752	 1232.0
12.0	 244.067951081	 -23.2857072394	 90.068784	 1106.44	304.3096	 1086.0
12.5	 245.305322121	 218.816155479	 89.65143	 1101.925	304.9784	 1294.0
13.0	 161.653758827	 241.048081936	 89.234076	 1097.41	231.1324	 1309.0
13.5	 194.145470423	 361.253140613	 88.816722	 1092.895	259.236	 1410.0
14.0	 344.588175122	 252.474483287	 88.399368	 1088.38	390.876	 1310.0
14.5	 373.253010605	 347.616647675	 87.982014	 1083.865	415.6204	 1389.0
15.0	 291.647035174	 450.733369337	 87.56466	 1079.35	343.57	 1475.0
15.5	 340.408210676	 476.382963197	 87.147306	 1074.835	385.9548	 1493.0
16.0	 385.984120158	 376.718085612	 86.729952	 1070.32	425.5436	 1401.0
16.5	 276.572002735	 730.463750163	 86.312598	 1065.805	329.0852	 1707.0
17.0	 377.706424899	 582.951528936	 85.895244	 1061.29	417.4428	 1573.0
17.5	 307.843098976	 675.815248389	 85.47789	 1056.775	355.7	 1650.0
18.0	 454.430219155	 590.960262884	 85.060536	 1052.26	483.9556	 1571.0
18.5	 446.668644078	 637.115861162	 84.643182	 1047.745	476.7252	 1607.0
19.0	 232.269429546	 662.765455021	 84.225828	 1043.23	288.11	 1625.0
19.5	 290.814247601	 494.747229376	 83.808474	 1038.715	339.0828	 1473.0
20.0	 232.373221827	 671.913411437	 83.39112	 1034.2	287.3664	 1624.0
20.5	 349.633565865	 674.778555943	 82.973766	 1029.685	389.8792	 1622.0
21.0	 450.125010869	 494.228883153	 82.556412	 1025.17	477.6724	 1459.0
21.5	 364.780107298	 603.041717153	 82.139058	 1020.655	402.34	 1550.0
22.0	 336.074154998	 628.691311013	 81.721704	 1016.14	376.7248	 1568.0
22.5	 367.660868266	 801.300603203	 81.30435	 1011.625	404.034	 1715.0
23.0	 475.513968855	 672.015941459	 80.886996	 1007.11	498.2892	 1597.0
23.5	 405.06644965	 767.158105847	 80.469642	 1002.595	436.0336	 1676.0
24.0	 429.37808824	 785.972364901	 80.052288	 998.08	456.9568	 1688.0
24.5	 307.226273806	 771.749172392	 79.634934	 993.565	349.3156	 1671.0
25.0	 536.626209295	 697.147189096	 79.21758	 989.05	550.2636	 1601.0
25.5	 266.024137853	 604.317646317	 78.800226	 984.535	312.314	 1515.0
26.0	 419.13125606	 1102.74456426	 78.382872	 980.02	446.2928	 1948.0
26.5	 558.386340437	 1006.49735408	 77.965518	 975.505	568.1124	 1859.0
27.0	 393.321382712	 755.315888296	 77.548164	 970.99	422.8024	 1634.0
27.5	 282.184026785	 933.621292824	 77.13081	 966.475	324.8296	 1786.0
28.0	 381.453313925	 1211.03905204	 76.713456	 961.96	411.55	 2025.0
28.5	 384.057296237	 839.100004681	 76.296102	 957.445	413.4184	 1694.0
29.0	 258.609483359	 1295.37569132	 75.878748	 952.93	302.884	 2090.0
29.5	 600.0	 855.083295903	 75.461394	 948.415	602.1364	 1699.0
30.0	 154.078426118	 1143.8932798	 75.04404	 943.9	210.2928	 1948.0
30.5	 276.919137492	 1253.84533626	 74.626686	 939.385	317.704	 2040.0
31.0	 171.96958232	 954.816526836	 74.209332	 934.87	225.1628	 1773.0
31.5	 319.604787169	 528.194801027	 73.791978	 930.355	354.3384	 1394.0
32.0	 197.452517046	 469.541932278	 73.374624	 925.84	246.6968	 1338.0
32.5	 149.614006935	 547.595759651	 72.95727	 921.325	204.2872	 1402.0
33.0	 365.202009225	 940.074988104	 72.539916	 916.81	393.1112	 1742.0
33.5	 294.516620369	 627.375509063	 72.122562	 912.295	330.6468	 1463.0
34.0	 76.4978682129	 907.071713215	 71.705208	 907.78	138.8544	 1704.0
34.5	 331.867974764	 1002.2138776	 71.287854	 903.265	362.5988	 1783.0
35.0	 214.533248612	 724.830295061	 70.8705	 898.75	259.186	 1535.0
35.5	 112.244461435	 677.569650989	 70.453146	 894.235	168.9804	 1489.0
36.0	 128.522758872	 661.068013545	 70.035792	 889.72	182.852	 1470.0
36.5	 116.966205911	 944.1818851	 69.618438	 885.205	172.2904	 1714.0
37.0	 150.505546489	 678.190527234	 69.201084	 880.69	201.3136	 1476.0
37.5	 125.476548625	 351.820378581	 68.78373	 876.175	178.926	 1185.0
38.0	 72.9654036402	 536.961117916	 68.366376	 871.66	132.4148	 1343.0
38.5	 4.91298575122	 613.875722821	 67.949022	 867.145	72.2616	 1406.0
39.0	 120.392497228	 716.992444483	 67.531668	 862.63	173.2112	 1492.0
39.5	 85.6659820307	 437.330417005	 67.114314	 858.115	142.3112	 1242.0
40.0	 130.338260252	 523.358801652	 66.69696	 853.6	181.1068	 1313.0
40.5	 109.371274019	 363.31513328	 66.279606	 849.085	162.2848	 1168.0
41.0	 -7.72831661581	 227.195136729	 65.862252	 844.57	59.0784	 1044.0
41.5	 25.1129084337	 248.287840718	 65.444898	 840.055	87.4888	 1058.0
42.0	 -18.3172664169	 82.548060008	 65.027544	 835.54	48.9488	 908.0
42.5	 34.4740224866	 12.5029665828	 64.61019	 831.025	94.8712	 842.0
43.0	 -11.1448265688	 55.2408974577	 64.192836	 826.51	54.41	 875.0
43.5	 -29.0432031627	 38.7392600134	 63.775482	 821.995	38.2816	 856.0
44.0	 21.5297917517	 137.299091805	 63.358128	 817.48	82.2568	 938.0
44.5	 28.4300098342	 -15.9092417611	 62.940774	 812.965	87.8964	 799.0
45.0	 75.3506575172	 -14.1833197226	 62.52342	 808.45	128.6656	 796.0
45.5	 -1.96181627803	 41.0860582968	 62.106066	 803.935	60.384	 840.0
46.0	 -10.1626755381	 -22.1237003223	 61.688712	 799.42	52.768	 780.0
46.5	 3.51591622709	 -32.9292254283	 61.271358	 794.905	64.3576	 766.0
47.0	 -42.3367012787	 1.83414817296	 60.854004	 790.39	23.6912	 792.0
47.5	 -26.9346937645	 -11.2498218683	 60.43665	 785.875	36.7936	 776.0
48.0	 24.4257317196	 -35.7260165864	 60.019296	 781.36	81.46	 750.0
48.5	 32.8174198568	 -21.4686474034	 59.601942	 776.845	88.4088	 758.0
49.0	 -38.6818295304	 60.0028473726	 59.184588	 772.33	25.23	 825.0
49.5	 4.29391859161	 -78.3955941133	 58.767234	 767.815	62.5364	 699.0
50.0	 50.9530007961	 53.2016892406	 58.34988	 763.3	103.076	 810.0
50.5	 10.4159953244	 13.9156024427	 57.932526	 758.785	67.0756	 771.0
51.0	 52.8376256382	 -37.9019314997	 57.515172	 754.27	103.8956	 721.0
51.5	 17.7337999594	 -80.6056857006	 57.097818	 749.755	72.6644	 679.0
52.0	 -8.07989434	 -17.3617504074	 56.680464	 745.24	49.588	 730.0
52.5	 -25.0719055387	 47.0214073534	 56.26311	 740.725	34.2552	 782.0
53.0	 -49.3973196062	 -33.2766882809	 55.845756	 736.21	12.4852	 707.0
53.5	 6.4908316534	 -53.1959931283	 55.428402	 731.695	61.126	 685.0
54.0	 8.54343029143	 -71.9760755079	 55.011048	 727.18	62.5104	 664.0
54.5	 -19.2274482074	 -14.4282525532	 54.593694	 722.665	37.716	 710.0
55.0	 -55.8491739021	 46.5372378047	 54.17634	 718.15	5.1524	 759.0
55.5	 -0.428559543226	 10.6688184098	 53.758986	 713.635	53.3828	 723.0
56.0	 17.9823623527	 16.9516303191	 53.341632	 709.12	69.1264	 724.0
56.5	 53.9496138535	 83.6132330153	 52.924278	 704.605	100.2808	 778.0
57.0	 -10.9498919339	 -20.6085344403	 52.506924	 700.09	42.8952	 682.0
57.5	 -59.1392825655	 23.2686189023	 52.08957	 695.575	0.1776	 716.0
58.0	 11.1495520636	 -21.713580234	 51.672216	 691.06	61.4592	 672.0
58.5	 41.5077278226	 -13.1523233894	 51.254862	 686.545	87.69	 675.0
59.0	 18.8478570027	 -42.1854079781	 50.837508	 682.03	67.382	 645.0
59.5	 -19.4977401301	 -23.3711489244	 50.420154	 677.515	33.3052	 657.0
Actin association begins: 6.5
Actin association ends: 40.5
Length of actin association: 34.0
Area under actin curve during patch life: 17381.4620343
Cofilin association begins: 12.5
Cofilin association ends: 44.0
Length of cofilin association: 31.5
Delay between actin and cofilin association: 6.0
Area under cofilin curve during patch life: 39676.8856732
Cofilin intensity score: -317.821833577