Time	 Int488	 Int561	 Back488	 Back561	 Raw488	 Raw561
0.0	 -6.12312	 -4.2	 64.67992	 192.2	58.5568	 188.0
0.5	 -1.13936705882	 4.84901960784	 64.3885670588	 192.150980392	63.2492	 197.0
1.0	 21.6391858824	 6.89803921569	 64.0972141176	 192.101960784	85.7364	 199.0
1.5	 -15.7362611765	 -6.05294117647	 63.8058611765	 192.052941176	48.0696	 186.0
2.0	 4.27309176471	 -1.00392156863	 63.5145082353	 192.003921569	67.7876	 191.0
2.5	 3.53884470588	 3.04509803922	 63.2231552941	 191.954901961	66.762	 195.0
3.0	 -11.2982023529	 -15.9058823529	 62.9318023529	 191.905882353	51.6336	 176.0
3.5	 18.1471505882	 -0.856862745098	 62.6404494118	 191.856862745	80.7876	 191.0
4.0	 10.1565035294	 4.19215686275	 62.3490964706	 191.807843137	72.5056	 196.0
4.5	 14.6530564706	 11.2411764706	 62.0577435294	 191.758823529	76.7108	 203.0
5.0	 30.2520094118	 2.29019607843	 61.7663905882	 191.709803922	92.0184	 194.0
5.5	 29.4665623529	 14.3392156863	 61.4750376471	 191.660784314	90.9416	 206.0
6.0	 23.0399152941	 9.38823529412	 61.1836847059	 191.611764706	84.2236	 201.0
6.5	 47.4080682353	 -2.56274509804	 60.8923317647	 191.562745098	108.3004	 189.0
7.0	 -1.91577882353	 15.4862745098	 60.6009788235	 191.51372549	58.6852	 207.0
7.5	 33.7599741176	 -5.46470588235	 60.3096258824	 191.464705882	94.0696	 186.0
8.0	 57.4617270588	 8.58431372549	 60.0182729412	 191.415686275	117.48	 200.0
8.5	 120.06068	 -0.366666666667	 59.72692	 191.366666667	179.7876	 191.0
9.0	 101.172432941	 -11.3176470588	 59.4355670588	 191.317647059	160.608	 180.0
9.5	 103.156185882	 -2.26862745098	 59.1442141176	 191.268627451	162.3004	 189.0
10.0	 119.242338824	 -9.21960784314	 58.8528611765	 191.219607843	178.0952	 182.0
10.5	 135.482491765	 -1.17058823529	 58.5615082353	 191.170588235	194.044	 190.0
11.0	 142.517444706	 -0.121568627451	 58.2701552941	 191.121568627	200.7876	 191.0
11.5	 201.859997647	 -8.07254901961	 57.9788023529	 191.07254902	259.8388	 183.0
12.0	 258.536150588	 9.97647058824	 57.6874494118	 191.023529412	316.2236	 201.0
12.5	 200.109503529	 5.02549019608	 57.3960964706	 190.974509804	257.5056	 196.0
13.0	 259.708456471	 -3.92549019608	 57.1047435294	 190.925490196	316.8132	 187.0
13.5	 291.923009412	 8.12352941176	 56.8133905882	 190.876470588	348.7364	 199.0
14.0	 298.957962353	 9.17254901961	 56.5220376471	 190.82745098	355.48	 200.0
14.5	 336.480115294	 12.2215686275	 56.2306847059	 190.778431373	392.7108	 203.0
15.0	 281.335468235	 2.27058823529	 55.9393317647	 190.729411765	337.2748	 193.0
15.5	 301.832021176	 9.31960784314	 55.6479788235	 190.680392157	357.48	 200.0
16.0	 413.379774118	 8.36862745098	 55.3566258824	 190.631372549	468.7364	 199.0
16.5	 377.132727059	 14.4176470588	 55.0652729412	 190.582352941	432.198	 205.0
17.0	 365.42408	 14.4666666667	 54.77392	 190.533333333	420.198	 205.0
17.5	 386.048632941	 1.51568627451	 54.4825670588	 190.484313725	440.5312	 192.0
18.0	 417.417185882	 28.5647058824	 54.1912141176	 190.435294118	471.6084	 219.0
18.5	 314.272538824	 18.6137254902	 53.8998611765	 190.38627451	368.1724	 209.0
19.0	 371.743491765	 29.662745098	 53.6085082353	 190.337254902	425.352	 220.0
19.5	 407.624444706	 15.7117647059	 53.3171552941	 190.288235294	460.9416	 206.0
20.0	 359.505797647	 40.7607843137	 53.0258023529	 190.239215686	412.5316	 231.0
20.5	 329.438350588	 57.8098039216	 52.7344494118	 190.190196078	382.1728	 248.0
21.0	 321.293703529	 47.8588235294	 52.4430964706	 190.141176471	373.7368	 238.0
21.5	 312.354256471	 44.9078431373	 52.1517435294	 190.092156863	364.506	 235.0
22.0	 390.414809412	 41.9568627451	 51.8603905882	 190.043137255	442.2752	 232.0
22.5	 408.321762353	 63.0058823529	 51.5690376471	 189.994117647	459.8908	 253.0
23.0	 363.023115294	 38.0549019608	 51.2776847059	 189.945098039	414.3008	 228.0
23.5	 359.776068235	 44.1039215686	 50.9863317647	 189.896078431	410.7624	 234.0
24.0	 342.965021176	 60.1529411765	 50.6949788235	 189.847058824	393.66	 250.0
24.5	 361.025574118	 57.2019607843	 50.4036258824	 189.798039216	411.4292	 247.0
25.0	 281.496127059	 29.2509803922	 50.1122729412	 189.749019608	331.6084	 219.0
25.5	 249.94148	 44.3	 49.82092	 189.7	299.7624	 234.0
26.0	 245.053232941	 33.3490196078	 49.5295670588	 189.650980392	294.5828	 223.0
26.5	 235.831785882	 35.3980392157	 49.2382141176	 189.601960784	285.07	 225.0
27.0	 252.302738824	 46.4470588235	 48.9468611765	 189.552941176	301.2496	 236.0
27.5	 178.158091765	 36.4960784314	 48.6555082353	 189.503921569	226.8136	 226.0
28.0	 118.500644706	 28.5450980392	 48.3641552941	 189.454901961	166.8648	 218.0
28.5	 43.9199976471	 8.59411764706	 48.0728023529	 189.405882353	91.9928	 198.0
29.0	 132.160150588	 16.6431372549	 47.7814494118	 189.356862745	179.9416	 206.0
29.5	 85.1951035294	 17.6921568627	 47.4900964706	 189.307843137	132.6852	 207.0
30.0	 81.5636564706	 44.7411764706	 47.1987435294	 189.258823529	128.7624	 234.0
30.5	 97.5214094118	 18.7901960784	 46.9073905882	 189.209803922	144.4288	 208.0
31.0	 61.7615623529	 26.8392156863	 46.6160376471	 189.160784314	108.3776	 216.0
31.5	 66.4889152941	 36.8882352941	 46.3246847059	 189.111764706	112.8136	 226.0
32.0	 28.4470682353	 49.937254902	 46.0333317647	 189.062745098	74.4804	 239.0
32.5	 50.5588211765	 38.9862745098	 45.7419788235	 189.01372549	96.3008	 228.0
33.0	 70.5937741176	 40.0352941176	 45.4506258824	 188.964705882	116.0444	 229.0
33.5	 0.474727058824	 26.0843137255	 45.1592729412	 188.915686275	45.634	 215.0
34.0	 44.17608	 1.13333333333	 44.86792	 188.866666667	89.044	 190.0
34.5	 -1.22456705882	 31.1823529412	 44.5765670588	 188.817647059	43.352	 220.0
35.0	 34.8615858824	 24.231372549	 44.2852141176	 188.768627451	79.1468	 213.0
35.5	 8.74253882353	 10.2803921569	 43.9938611765	 188.719607843	52.7364	 199.0
36.0	 16.2130917647	 -17.6705882353	 43.7025082353	 188.670588235	59.9156	 171.0
36.5	 -5.59795529412	 -1.62156862745	 43.4111552941	 188.621568627	37.8132	 187.0
37.0	 8.36019764706	 11.4274509804	 43.1198023529	 188.57254902	51.48	 200.0
37.5	 7.60035058824	 19.4764705882	 42.8284494118	 188.523529412	50.4288	 208.0
38.0	 14.4045035294	 17.5254901961	 42.5370964706	 188.474509804	56.9416	 206.0
38.5	 -24.1761435294	 -2.42549019608	 42.2457435294	 188.425490196	18.0696	 186.0
39.0	 -31.7307905882	 12.6235294118	 41.9543905882	 188.376470588	10.2236	 201.0
39.5	 -7.64463764706	 5.67254901961	 41.6630376471	 188.32745098	34.0184	 194.0
40.0	 -1.09688470588	 4.72156862745	 41.3716847059	 188.278431373	40.2748	 193.0
40.5	 15.1944682353	 4.77058823529	 41.0803317647	 188.229411765	56.2748	 193.0
41.0	 -3.79617882353	 9.81960784314	 40.7889788235	 188.180392157	36.9928	 198.0
41.5	 -4.71002588235	 2.86862745098	 40.4976258824	 188.131372549	35.7876	 191.0
42.0	 -7.70067294118	 7.91764705882	 40.2062729412	 188.082352941	32.5056	 196.0
42.5	 -19.33252	 -4.03333333333	 39.91492	 188.033333333	20.5824	 184.0
43.0	 -5.01556705882	 -7.98431372549	 39.6235670588	 187.984313725	34.608	 180.0
43.5	 -20.0574141176	 5.06470588235	 39.3322141176	 187.935294118	19.2748	 193.0
44.0	 -12.5352611765	 8.1137254902	 39.0408611765	 187.88627451	26.5056	 196.0
44.5	 -6.98750823529	 7.16274509804	 38.7495082353	 187.837254902	31.762	 195.0
45.0	 -20.5677552941	 26.2117647059	 38.4581552941	 187.788235294	17.8904	 214.0
45.5	 -28.8664023529	 1.26078431373	 38.1668023529	 187.739215686	9.3004	 189.0
46.0	 -20.6006494118	 5.30980392157	 37.8754494118	 187.690196078	17.2748	 193.0
46.5	 9.02390352941	 -7.64117647059	 37.5840964706	 187.641176471	46.608	 180.0
47.0	 -31.5563435294	 11.4078431373	 37.2927435294	 187.592156863	5.7364	 199.0
47.5	 10.8118094118	 -0.543137254902	 37.0013905882	 187.543137255	47.8132	 187.0
48.0	 -6.43523764706	 5.50588235294	 36.7100376471	 187.494117647	30.2748	 193.0
48.5	 8.83051529412	 9.55490196078	 36.4186847059	 187.445098039	45.2492	 197.0
49.0	 -10.5961317647	 4.60392156863	 36.1273317647	 187.396078431	25.5312	 192.0
49.5	 10.1824211765	 6.65294117647	 35.8359788235	 187.347058824	46.0184	 194.0
50.0	 -8.93662588235	 -7.29803921569	 35.5446258824	 187.298039216	26.608	 180.0
50.5	 -3.85047294118	 -14.2490196078	 35.2532729412	 187.249019608	31.4028	 173.0
Actin association begins: 7.5
Actin association ends: 34.0
Length of actin association: 26.5
Cofilin association begins: 13.5
Cofilin association ends: 35.5
Length of cofilin association: 22.0
Delay between actin and cofilin association: 6.0
Maximum normalized actin intensity: 417.417185882
Maximum normalized cofilin intensity: 63.0058823529