Time	 Int488	 Int561	 Back488	 Back561	 Raw488	 Raw561
0.0	 -54.6512	 8.0	 207.4652	 257.0	152.814	 265.0
0.5	 43.8694684746	 -6.48474576271	 205.790531525	 256.484745763	249.66	 250.0
1.0	 -15.8146630508	 11.0305084746	 204.115863051	 255.969491525	188.3012	 267.0
1.5	 54.7828054237	 -15.4542372881	 202.441194576	 255.454237288	257.224	 240.0
2.0	 -11.4397261017	 8.06101694915	 200.766526102	 254.938983051	189.3268	 263.0
2.5	 -10.5086576271	 7.57627118644	 199.091857627	 254.423728814	188.5832	 262.0
3.0	 -11.6539891525	 58.0915254237	 197.417189153	 253.908474576	185.7632	 312.0
3.5	 56.969079322	 27.606779661	 195.742520678	 253.393220339	252.7116	 281.0
4.0	 26.1309477966	 30.1220338983	 194.067852203	 252.877966102	220.1988	 283.0
4.5	 21.4212162712	 51.6372881356	 192.393183729	 252.362711864	213.8144	 304.0
5.0	 23.9162847458	 41.1525423729	 190.718515254	 251.847457627	214.6348	 293.0
5.5	 52.7957532203	 9.66779661017	 189.04384678	 251.33220339	241.8396	 261.0
6.0	 15.4704216949	 10.1830508475	 187.369178305	 250.816949153	202.8396	 261.0
6.5	 18.6582901695	 47.6983050847	 185.694509831	 250.301694915	204.3528	 298.0
7.0	 62.9993586441	 22.213559322	 184.019841356	 249.786440678	247.0192	 272.0
7.5	 57.0076271186	 48.7288135593	 182.345172881	 249.271186441	239.3528	 298.0
8.0	 25.6050955932	 22.2440677966	 180.670504407	 248.755932203	206.2756	 271.0
8.5	 92.5357640678	 -17.2406779661	 178.995835932	 248.240677966	271.5316	 231.0
9.0	 77.0060325424	 54.2745762712	 177.321167458	 247.725423729	254.3272	 302.0
9.5	 130.654701017	 19.7898305085	 175.646498983	 247.210169492	306.3012	 267.0
10.0	 70.8677694915	 14.3050847458	 173.971830508	 246.694915254	244.8396	 261.0
10.5	 78.1836379661	 31.8203389831	 172.297162034	 246.179661017	250.4808	 278.0
11.0	 152.653506441	 64.3355932203	 170.622493559	 245.66440678	323.276	 310.0
11.5	 200.148174915	 14.8508474576	 168.947825085	 245.149152542	369.096	 260.0
12.0	 147.00244339	 26.3661016949	 167.27315661	 244.633898305	314.2756	 271.0
12.5	 203.856311864	 -1.1186440678	 165.598488136	 244.118644068	369.4548	 243.0
13.0	 234.326180339	 31.3966101695	 163.923819661	 243.603389831	398.25	 275.0
13.5	 184.923648814	 4.91186440678	 162.249151186	 243.088135593	347.1728	 248.0
14.0	 298.316717288	 49.4271186441	 160.574482712	 242.572881356	458.8912	 292.0
14.5	 268.273385763	 44.9423728814	 158.899814237	 242.057627119	427.1732	 287.0
15.0	 375.742454237	 -0.542372881356	 157.225145763	 241.542372881	532.9676	 241.0
15.5	 363.212322712	 31.9728813559	 155.550477288	 241.027118644	518.7628	 273.0
16.0	 382.886991186	 32.4881355932	 153.875808814	 240.511864407	536.7628	 273.0
16.5	 442.023259661	 39.0033898305	 152.201140339	 239.996610169	594.2244	 279.0
17.0	 426.877928136	 89.5186440678	 150.526471864	 239.481355932	577.4044	 329.0
17.5	 371.34699661	 44.0338983051	 148.85180339	 238.966101695	520.1988	 283.0
18.0	 357.817265085	 115.549152542	 147.177134915	 238.450847458	504.9944	 354.0
18.5	 493.491133559	 38.0644067797	 145.502466441	 237.93559322	638.9936	 276.0
19.0	 392.294202034	 57.5796610169	 143.827797966	 237.420338983	536.122	 295.0
19.5	 433.046070508	 85.0949152542	 142.153129492	 236.905084746	575.1992	 322.0
20.0	 411.181938983	 52.6101694915	 140.478461017	 236.389830508	551.6604	 289.0
20.5	 422.523407458	 66.1254237288	 138.803792542	 235.874576271	561.3272	 302.0
21.0	 371.941675932	 67.6406779661	 137.129124068	 235.359322034	509.0708	 303.0
21.5	 411.949944407	 94.1559322034	 135.454455593	 234.844067797	547.4044	 329.0
22.0	 375.316612881	 64.6711864407	 133.779787119	 234.328813559	509.0964	 299.0
22.5	 430.222081356	 68.186440678	 132.105118644	 233.813559322	562.3272	 302.0
23.0	 608.819949831	 80.7016949153	 130.430450169	 233.298305085	739.2504	 314.0
23.5	 382.340218305	 27.2169491525	 128.755781695	 232.783050847	511.096	 260.0
24.0	 400.81008678	 59.7322033898	 127.08111322	 232.26779661	527.8912	 292.0
24.5	 425.997555254	 58.2474576271	 125.406444746	 231.752542373	551.404	 290.0
25.0	 574.979423729	 10.7627118644	 123.731776271	 231.237288136	698.7112	 242.0
25.5	 573.270092203	 71.2779661017	 122.057107797	 230.722033898	695.3272	 302.0
26.0	 556.431960678	 73.793220339	 120.382439322	 230.206779661	676.8144	 304.0
26.5	 548.747429153	 52.3084745763	 118.707770847	 229.691525424	667.4552	 282.0
27.0	 644.293697627	 33.8237288136	 117.033102373	 229.176271186	761.3268	 263.0
27.5	 640.455566102	 36.3389830508	 115.358433898	 228.661016949	755.814	 265.0
28.0	 688.617434576	 38.8542372881	 113.683765424	 228.145762712	802.3012	 267.0
28.5	 730.445703051	 15.3694915254	 112.009096949	 227.630508475	842.4548	 243.0
29.0	 774.710371525	 40.8847457627	 110.334428475	 227.115254237	885.0448	 268.0
29.5	 605.79584	 94.4	 108.65976	 226.6	714.4556	 321.0
30.0	 580.932108475	 100.915254237	 106.985091525	 226.084745763	687.9172	 327.0
30.5	 699.119176949	 60.4305084746	 105.310423051	 225.569491525	804.4296	 286.0
31.0	 719.999045424	 67.9457627119	 103.635754576	 225.054237288	823.6348	 293.0
31.5	 680.699313898	 64.4610169492	 101.961086102	 224.538983051	782.6604	 289.0
32.0	 607.527982373	 79.9762711864	 100.286417627	 224.023728814	707.8144	 304.0
32.5	 648.663850847	 47.4915254237	 98.6117491525	 223.508474576	747.2756	 271.0
33.0	 566.005319322	 61.006779661	 96.937080678	 222.993220339	662.9424	 284.0
33.5	 521.371987797	 31.5220338983	 95.2624122034	 222.477966102	616.6344	 254.0
34.0	 543.790256271	 33.0372881356	 93.5877437288	 221.962711864	637.378	 255.0
34.5	 595.977724746	 31.5525423729	 91.9130752542	 221.447457627	687.8908	 253.0
35.0	 472.90879322	 31.0677966102	 90.2384067797	 220.93220339	563.1472	 252.0
35.5	 554.250261695	 44.5830508475	 88.5637383051	 220.416949153	642.814	 265.0
36.0	 570.463330169	 39.0983050847	 86.8890698305	 219.901694915	657.3524	 259.0
36.5	 535.265998644	 19.613559322	 85.2144013559	 219.386440678	620.4804	 239.0
37.0	 546.813067119	 79.1288135593	 83.5397328814	 218.871186441	630.3528	 298.0
37.5	 502.794935593	 31.6440677966	 81.8650644068	 218.355932203	584.66	 250.0
38.0	 654.803204068	 58.1593220339	 80.1903959322	 217.840677966	734.9936	 276.0
38.5	 663.350672542	 156.674576271	 78.5157274576	 217.325423729	741.8664	 374.0
39.0	 711.537341017	 77.1898305085	 76.8410589831	 216.810169492	788.3784	 294.0
39.5	 777.340009492	 57.7050847458	 75.1663905085	 216.294915254	852.5064	 274.0
40.0	 560.861077966	 82.2203389831	 73.4917220339	 215.779661017	634.3528	 298.0
40.5	 359.124946441	 29.7355932203	 71.8170535593	 215.26440678	430.942	 245.0
41.0	 351.953614915	 45.2508474576	 70.1423850847	 214.749152542	422.096	 260.0
41.5	 389.47468339	 69.7661016949	 68.4677166102	 214.233898305	457.9424	 284.0
42.0	 446.969751864	 59.2813559322	 66.7930481356	 213.718644068	513.7628	 273.0
42.5	 416.977220339	 7.79661016949	 65.118379661	 213.203389831	482.0956	 221.0
43.0	 246.165088814	 45.3118644068	 63.4437111864	 212.688135593	309.6088	 258.0
43.5	 298.967757288	 25.8271186441	 61.7690427119	 212.172881356	360.7368	 238.0
44.0	 298.924425763	 21.3423728814	 60.0943742373	 211.657627119	359.0188	 233.0
44.5	 302.599094237	 21.8576271186	 58.4197057627	 211.142372881	361.0188	 233.0
45.0	 163.170962712	 -0.627118644068	 56.7450372881	 210.627118644	219.916	 210.0
45.5	 235.640431186	 -7.11186440678	 55.0703688136	 210.111864407	290.7108	 203.0
46.0	 295.289899661	 36.4033898305	 53.395700339	 209.596610169	348.6856	 246.0
46.5	 239.605368136	 14.9186440678	 51.7210318644	 209.081355932	291.3264	 224.0
47.0	 165.28003661	 15.4338983051	 50.0463633898	 208.566101695	215.3264	 224.0
47.5	 76.6215050847	 28.9491525424	 48.3716949153	 208.050847458	124.9932	 237.0
48.0	 96.3473735593	 21.4644067797	 46.6970264407	 207.53559322	143.0444	 229.0
48.5	 53.3552420339	 8.97966101695	 45.0223579661	 207.020338983	98.3776	 216.0
49.0	 58.8759105085	 -5.50508474576	 43.3476894915	 206.505084746	102.2236	 201.0
49.5	 51.1917789831	 12.0101694915	 41.6730210169	 205.989830508	92.8648	 218.0
50.0	 61.6100474576	 13.5254237288	 39.9983525424	 205.474576271	101.6084	 219.0
50.5	 122.720715932	 24.0406779661	 38.3236840678	 204.959322034	161.0444	 229.0
51.0	 98.4721844068	 12.5559322034	 36.6490155932	 204.444067797	135.1212	 217.0
51.5	 42.4288528814	 8.07118644068	 34.9743471186	 203.928813559	77.4032	 212.0
52.0	 53.1035213559	 8.58644067797	 33.2996786441	 203.413559322	86.4032	 212.0
52.5	 152.572989831	 2.10169491525	 31.6250101695	 202.898305085	184.198	 205.0
53.0	 31.5044583051	 40.6169491525	 29.9503416949	 202.383050847	61.4548	 243.0
53.5	 88.7431267797	 31.1322033898	 28.2756732203	 201.86779661	117.0188	 233.0
54.0	 41.1353952542	 -2.35254237288	 26.6010047458	 201.352542373	67.7364	 199.0
54.5	 -2.13873627119	 -9.83728813559	 24.9263362712	 200.837288136	22.7876	 191.0
55.0	 3.58713220339	 -17.3220338983	 23.2516677966	 200.322033898	26.8388	 183.0
55.5	 -0.917399322034	 11.193220339	 21.576999322	 199.806779661	20.6596	 211.0
56.0	 9.37246915254	 -6.29152542373	 19.9023308475	 199.291525424	29.2748	 193.0
56.5	 -1.00406237288	 2.22372881356	 18.2276623729	 198.776271186	17.2236	 201.0
57.0	 -6.30379389831	 -1.26101694915	 16.5529938983	 198.261016949	10.2492	 197.0
57.5	 -19.3727254237	 -1.74576271186	 14.8783254237	 197.745762712	-4.4944	 196.0
58.0	 -16.1596569492	 -7.23050847458	 13.2036569492	 197.230508475	-2.956	 190.0
58.5	 17.7202115254	 0.284745762712	 11.5289884746	 196.715254237	29.2492	 197.0
Actin association begins: 3.5
Actin association ends: 54.0
Length of actin association: 50.5
Cofilin association begins: 15.5
Cofilin association ends: 44.5
Length of cofilin association: 29.0
Delay between actin and cofilin association: 12.0
Maximum normalized actin intensity: 777.340009492
Maximum normalized cofilin intensity: 156.674576271