Time	 Int488	 Int561	 Back488	 Back561	 Raw488	 Raw561
0.0	 1.6104	 14.0	 77.0752	 232.0	78.6856	 246.0
0.5	 -21.0637522449	 -16.8642857143	 76.6977522449	 231.864285714	55.634	 215.0
1.0	 -48.1991044898	 -14.7285714286	 76.3203044898	 231.728571429	28.1212	 217.0
1.5	 58.2299432653	 16.4071428571	 75.9428567347	 231.592857143	134.1728	 248.0
2.0	 13.1969910204	 2.54285714286	 75.5654089796	 231.457142857	88.7624	 234.0
2.5	 -13.1431612245	 36.6785714286	 75.1879612245	 231.321428571	62.0448	 268.0
3.0	 90.4902865306	 -3.18571428571	 74.8105134694	 231.185714286	165.3008	 228.0
3.5	 85.7909342857	 8.95	 74.4330657143	 231.05	160.224	 240.0
4.0	 28.0147820408	 33.0857142857	 74.0556179592	 230.914285714	102.0704	 264.0
4.5	 84.3154297959	 45.2214285714	 73.6781702041	 230.778571429	157.9936	 276.0
5.0	 80.077677551	 63.3571428571	 73.300722449	 230.642857143	153.3784	 294.0
5.5	 101.557525306	 47.4928571429	 72.9232746939	 230.507142857	174.4808	 278.0
6.0	 124.857773061	 20.6285714286	 72.5458269388	 230.371428571	197.4036	 251.0
6.5	 157.491620816	 19.7642857143	 72.1683791837	 230.235714286	229.66	 250.0
7.0	 122.664268571	 51.9	 71.7909314286	 230.1	194.4552	 282.0
7.5	 161.041716327	 52.0357142857	 71.4134836735	 229.964285714	232.4552	 282.0
8.0	 79.8035640816	 31.1714285714	 71.0360359184	 229.828571429	150.8396	 261.0
8.5	 168.924611837	 32.3071428571	 70.6585881633	 229.692857143	239.5832	 262.0
9.0	 230.738059592	 42.4428571429	 70.2811404082	 229.557142857	301.0192	 272.0
9.5	 235.115507347	 42.5785714286	 69.9036926531	 229.421428571	305.0192	 272.0
10.0	 260.723755102	 45.7142857143	 69.526244898	 229.285714286	330.25	 275.0
10.5	 271.972802857	 26.85	 69.1487971429	 229.15	341.1216	 256.0
11.0	 219.324650612	 30.9857142857	 68.7713493878	 229.014285714	288.096	 260.0
11.5	 264.446098367	 71.1214285714	 68.3939016327	 228.878571429	332.84	 300.0
12.0	 318.797546122	 36.2571428571	 68.0164538776	 228.742857143	386.814	 265.0
12.5	 446.816593878	 92.3928571429	 67.6390061224	 228.607142857	514.4556	 321.0
13.0	 345.091241633	 69.5285714286	 67.2615583673	 228.471428571	412.3528	 298.0
13.5	 260.314289388	 15.6642857143	 66.8841106122	 228.335714286	327.1984	 244.0
14.0	 452.205337143	 91.8	 66.5066628571	 228.2	518.712	 320.0
14.5	 422.530784898	 21.9357142857	 66.129215102	 228.064285714	488.66	 250.0
15.0	 450.933832653	 18.0714285714	 65.7517673469	 227.928571429	516.6856	 246.0
15.5	 370.440480408	 115.207142857	 65.3743195918	 227.792857143	435.8148	 343.0
16.0	 540.253128163	 47.3428571429	 64.9968718367	 227.657142857	605.25	 275.0
16.5	 382.014975918	 26.4785714286	 64.6194240816	 227.521428571	446.6344	 254.0
17.0	 468.751623673	 48.6142857143	 64.2419763265	 227.385714286	532.9936	 276.0
17.5	 463.180271429	 40.75	 63.8645285714	 227.25	527.0448	 268.0
18.0	 481.788519184	 43.8857142857	 63.4870808163	 227.114285714	545.2756	 271.0
18.5	 403.396766939	 47.0214285714	 63.1096330612	 226.978571429	466.5064	 274.0
19.0	 503.236614694	 131.157142857	 62.7321853061	 226.842857143	565.9688	 358.0
19.5	 514.382462449	 50.2928571429	 62.354737551	 226.707142857	576.7372	 277.0
20.0	 496.863110204	 112.428571429	 61.9772897959	 226.571428571	558.8404	 339.0
20.5	 528.778557959	 67.5642857143	 61.5998420408	 226.435714286	590.3784	 294.0
21.0	 550.746005714	 92.7	 61.2223942857	 226.3	611.9684	 319.0
21.5	 679.481853469	 36.8357142857	 60.8449465306	 226.164285714	740.3268	 263.0
22.0	 571.962501224	 98.9714285714	 60.4674987755	 226.028571429	632.43	 325.0
22.5	 659.26274898	 72.1071428571	 60.0900510204	 225.892857143	719.3528	 298.0
23.0	 570.794596735	 126.242857143	 59.7126032653	 225.757142857	630.5072	 352.0
23.5	 592.06964449	 142.378571429	 59.3351555102	 225.621428571	651.4048	 368.0
24.0	 596.523092245	 52.5142857143	 58.9577077551	 225.485714286	655.4808	 278.0
24.5	 688.02894	 71.65	 58.58026	 225.35	746.6092	 297.0
25.0	 540.073187755	 84.7857142857	 58.2028122449	 225.214285714	598.276	 310.0
25.5	 593.62983551	 56.9214285714	 57.8253644898	 225.078571429	651.4552	 282.0
26.0	 754.725683265	 101.057142857	 57.4479167347	 224.942857143	812.1736	 326.0
26.5	 721.51353102	 115.192857143	 57.0704689796	 224.807142857	778.584	 340.0
27.0	 658.224178776	 102.328571429	 56.6930212245	 224.671428571	714.9172	 327.0
27.5	 764.525226531	 153.464285714	 56.3155734694	 224.535714286	820.8408	 378.0
28.0	 768.799474286	 91.6	 55.9381257143	 224.4	824.7376	 316.0
28.5	 733.536122041	 113.735714286	 55.5606779592	 224.264285714	789.0968	 338.0
29.0	 853.605969796	 122.871428571	 55.1832302041	 224.128571429	908.7892	 347.0
29.5	 705.675417551	 93.0071428571	 54.805782449	 223.992857143	760.4812	 317.0
30.0	 789.489265306	 142.142857143	 54.4283346939	 223.857142857	843.9176	 366.0
30.5	 999.276713061	 117.278571429	 54.0508869388	 223.721428571	1053.3276	 341.0
31.0	 922.884560816	 81.4142857143	 53.6734391837	 223.585714286	976.558	 305.0
31.5	 938.878008571	 141.55	 53.2959914286	 223.45	992.174	 365.0
32.0	 1003.38345633	 121.685714286	 52.9185436735	 223.314285714	1056.302	 345.0
32.5	 919.761304082	 160.821428571	 52.5410959184	 223.178571429	972.3024	 384.0
33.0	 896.471551837	 108.957142857	 52.1636481633	 223.042857143	948.6352	 332.0
33.5	 1023.10619959	 186.092857143	 51.7862004082	 222.907142857	1074.8924	 409.0
34.0	 893.304047347	 175.228571429	 51.4087526531	 222.771428571	944.7128	 398.0
34.5	 1032.4502951	 133.364285714	 51.031304898	 222.635714286	1083.4816	 356.0
35.0	 961.879342857	 164.5	 50.6538571429	 222.5	1012.5332	 387.0
35.5	 972.795190612	 158.635714286	 50.2764093878	 222.364285714	1023.0716	 381.0
36.0	 1090.40343837	 161.771428571	 49.8989616327	 222.228571429	1140.3024	 384.0
36.5	 1004.52408612	 123.907142857	 49.5215138776	 222.092857143	1054.0456	 346.0
37.0	 959.773133878	 105.042857143	 49.1440661224	 221.957142857	1008.9172	 327.0
37.5	 999.074181633	 156.178571429	 48.7666183673	 221.821428571	1047.8408	 378.0
38.0	 1048.65602939	 85.3142857143	 48.3891706122	 221.685714286	1097.0452	 307.0
38.5	 897.341477143	 115.45	 48.0117228571	 221.55	945.3532	 337.0
39.0	 893.821724898	 138.585714286	 47.634275102	 221.414285714	941.456	 360.0
39.5	 888.403972653	 106.721428571	 47.2568273469	 221.278571429	935.6608	 328.0
40.0	 898.243020408	 112.857142857	 46.8793795918	 221.142857143	945.1224	 334.0
40.5	 857.620868163	 151.992857143	 46.5019318367	 221.007142857	904.1228	 373.0
41.0	 775.972315918	 117.128571429	 46.1244840816	 220.871428571	822.0968	 338.0
41.5	 968.836563673	 80.2642857143	 45.7470363265	 220.735714286	1014.5836	 301.0
42.0	 1064.77841143	 109.4	 45.3695885714	 220.6	1110.148	 330.0
42.5	 851.232659184	 97.5357142857	 44.9921408163	 220.464285714	896.2248	 318.0
43.0	 872.507706939	 113.671428571	 44.6146930612	 220.328571429	917.1224	 334.0
43.5	 900.115954694	 116.807142857	 44.2372453061	 220.192857143	944.3532	 337.0
44.0	 902.339402449	 101.942857143	 43.859797551	 220.057142857	946.1992	 322.0
44.5	 939.280850204	 92.0785714286	 43.4823497959	 219.921428571	982.7632	 312.0
45.0	 792.094697959	 141.214285714	 43.1049020408	 219.785714286	835.1996	 361.0
45.5	 884.010145714	 96.35	 42.7274542857	 219.65	926.7376	 316.0
46.0	 865.027993469	 35.4857142857	 42.3500065306	 219.514285714	907.378	 255.0
46.5	 948.919041224	 111.621428571	 41.9725587755	 219.378571429	990.8916	 331.0
47.0	 936.57808898	 67.7571428571	 41.5951110204	 219.242857143	978.1732	 287.0
47.5	 972.904336735	 75.8928571429	 41.2176632653	 219.107142857	1014.122	 295.0
48.0	 943.66618449	 55.0285714286	 40.8402155102	 218.971428571	984.5064	 274.0
48.5	 978.069632245	 90.1642857143	 40.4627677551	 218.835714286	1018.5324	 309.0
49.0	 873.54908	 35.3	 40.08532	 218.7	913.6344	 254.0
49.5	 1051.72172776	 67.4357142857	 39.7078722449	 218.564285714	1091.4296	 286.0
50.0	 935.15077551	 98.5714285714	 39.3304244898	 218.428571429	974.4812	 317.0
50.5	 803.041023265	 96.7071428571	 38.9529767347	 218.292857143	841.994	 315.0
51.0	 1027.85407102	 67.8428571429	 38.5755289796	 218.157142857	1066.4296	 286.0
51.5	 867.359518776	 47.9785714286	 38.1980812245	 218.021428571	905.5576	 266.0
52.0	 943.942566531	 94.1142857143	 37.8206334694	 217.885714286	981.7632	 312.0
52.5	 908.372014286	 164.25	 37.4431857143	 217.75	945.8152	 382.0
53.0	 902.800262041	 117.385714286	 37.0657379592	 217.614285714	939.866	 335.0
53.5	 902.510509796	 65.5214285714	 36.6882902041	 217.478571429	939.1988	 283.0
54.0	 804.067957551	 115.657142857	 36.310842449	 217.342857143	840.3788	 333.0
54.5	 1039.16260531	 42.7928571429	 35.9333946939	 217.207142857	1075.096	 260.0
55.0	 999.335253061	 74.9285714286	 35.5559469388	 217.071428571	1034.8912	 292.0
55.5	 1017.99510082	 109.064285714	 35.1784991837	 216.935714286	1053.1736	 326.0
56.0	 960.500548571	 89.2	 34.8010514286	 216.8	995.3016	 306.0
56.5	 1013.80119633	 101.335714286	 34.4236036735	 216.664285714	1048.2248	 318.0
57.0	 978.794644082	 161.471428571	 34.0461559184	 216.528571429	1012.8408	 378.0
57.5	 957.017691837	 107.607142857	 33.6687081633	 216.392857143	990.6864	 324.0
58.0	 1098.85673959	 113.742857143	 33.2912604082	 216.257142857	1132.148	 330.0
58.5	 919.618187347	 53.8785714286	 32.9138126531	 216.121428571	952.532	 270.0
59.0	 984.329635102	 119.014285714	 32.536364898	 215.985714286	1016.866	 335.0
59.5	 965.886282857	 91.15	 32.1589171429	 215.85	998.0452	 307.0
60.0	 1103.87933061	 112.285714286	 31.7814693878	 215.714285714	1135.6608	 328.0
60.5	 984.537978367	 29.4214285714	 31.4040216327	 215.578571429	1015.942	 245.0
61.0	 854.197426122	 24.5571428571	 31.0265738776	 215.442857143	885.224	 240.0
61.5	 901.216473878	 80.6928571429	 30.6491261224	 215.307142857	931.8656	 296.0
62.0	 1031.38872163	 73.8285714286	 30.2716783673	 215.171428571	1061.6604	 289.0
62.5	 1080.22776939	 79.9642857143	 29.8942306122	 215.035714286	1110.122	 295.0
63.0	 1033.96401714	 63.1	 29.5167828571	 214.9	1063.4808	 278.0
63.5	 805.649464898	 93.2357142857	 29.139335102	 214.764285714	834.7888	 308.0
64.0	 1075.53971265	 91.3714285714	 28.7618873469	 214.628571429	1104.3016	 306.0
64.5	 779.225160408	 121.507142857	 28.3844395918	 214.492857143	807.6096	 336.0
65.0	 912.166608163	 111.642857143	 28.0069918367	 214.357142857	940.1736	 326.0
65.5	 893.672455918	 130.778571429	 27.6295440816	 214.221428571	921.302	 345.0
66.0	 857.972303673	 64.9142857143	 27.2520963265	 214.085714286	885.2244	 279.0
66.5	 825.812151429	 149.05	 26.8746485714	 213.95	852.6868	 363.0
67.0	 839.907199184	 115.185714286	 26.4972008163	 213.814285714	866.4044	 329.0
67.5	 1003.71984694	 47.3214285714	 26.1197530612	 213.678571429	1029.8396	 261.0
68.0	 820.841294694	 87.4571428571	 25.7423053061	 213.542857143	846.5836	 301.0
68.5	 845.859542449	 65.5928571429	 25.364857551	 213.407142857	871.2244	 279.0
69.0	 829.698990204	 110.728571429	 24.9874097959	 213.271428571	854.6864	 324.0
69.5	 916.793637959	 37.8642857143	 24.6099620408	 213.135714286	941.4036	 251.0
70.0	 967.607085714	 48.0	 24.2325142857	 213.0	991.8396	 261.0
70.5	 780.702533469	 53.1357142857	 23.8550665306	 212.864285714	804.5576	 266.0
71.0	 731.310781224	 56.2714285714	 23.4776187755	 212.728571429	754.7884	 269.0
71.5	 779.66302898	 99.4071428571	 23.1001710204	 212.592857143	802.7632	 312.0
72.0	 627.219676735	 71.5428571429	 22.7227232653	 212.457142857	649.9424	 284.0
72.5	 719.77592449	 4.67857142857	 22.3452755102	 212.321428571	742.1212	 217.0
73.0	 607.435772245	 38.8142857143	 21.9678277551	 212.185714286	629.4036	 251.0
73.5	 677.14642	 25.95	 21.59038	 212.05	698.7368	 238.0
74.0	 648.729067755	 33.0857142857	 21.2129322449	 211.914285714	669.942	 245.0
74.5	 607.26171551	 165.221428571	 20.8354844898	 211.778571429	628.0972	 377.0
75.0	 629.355963265	 53.3571428571	 20.4580367347	 211.642857143	649.814	 265.0
75.5	 402.27221102	 86.4928571429	 20.0805889796	 211.507142857	422.3528	 298.0
76.0	 603.726458776	 74.6285714286	 19.7031412245	 211.371428571	623.4296	 286.0
76.5	 603.027106531	 86.7642857143	 19.3256934694	 211.235714286	622.3528	 298.0
77.0	 427.481354286	 74.9	 18.9482457143	 211.1	446.4296	 286.0
77.5	 481.704802041	 60.0357142857	 18.5707979592	 210.964285714	500.2756	 271.0
78.0	 474.415849796	 86.1714285714	 18.1933502041	 210.828571429	492.6092	 297.0
78.5	 435.639297551	 71.3071428571	 17.815902449	 210.692857143	453.4552	 282.0
79.0	 507.427145306	 85.4428571429	 17.4384546939	 210.557142857	524.8656	 296.0
79.5	 375.060993061	 84.5785714286	 17.0610069388	 210.421428571	392.122	 295.0
80.0	 371.848440816	 59.7142857143	 16.6835591837	 210.285714286	388.532	 270.0
80.5	 433.969488571	 60.85	 16.3061114286	 210.15	450.2756	 271.0
81.0	 362.372536327	 56.9857142857	 15.9286636735	 210.014285714	378.3012	 267.0
81.5	 351.391184082	 74.1214285714	 15.5512159184	 209.878571429	366.9424	 284.0
82.0	 180.153431837	 92.2571428571	 15.1737681633	 209.742857143	195.3272	 302.0
82.5	 279.659279592	 111.392857143	 14.7963204082	 209.607142857	294.4556	 321.0
83.0	 268.959927347	 123.528571429	 14.4188726531	 209.471428571	283.3788	 333.0
83.5	 265.977775102	 62.6642857143	 14.041424898	 209.335714286	280.0192	 272.0
84.0	 146.098422857	 24.8	 13.6639771429	 209.2	159.7624	 234.0
84.5	 72.3474706122	 5.93571428571	 13.2865293878	 209.064285714	85.634	 215.0
85.0	 46.2377183673	 4.07142857143	 12.9090816327	 208.928571429	59.1468	 213.0
85.5	 72.5383661224	 16.2071428571	 12.5316338776	 208.792857143	85.07	 225.0
86.0	 83.7878138776	 36.3428571429	 12.1541861224	 208.657142857	95.942	 245.0
86.5	 42.7548616327	 22.4785714286	 11.7767383673	 208.521428571	54.5316	 231.0
87.0	 73.9527093878	 11.6142857143	 11.3992906122	 208.385714286	85.352	 220.0
87.5	 24.3557571429	 7.75	 11.0218428571	 208.25	35.3776	 216.0
88.0	 38.168804898	 -21.1142857143	 10.644395102	 208.114285714	48.8132	 187.0
88.5	 30.5718526531	 -24.9785714286	 10.2669473469	 207.978571429	40.8388	 183.0
89.0	 2.12890040816	 -13.8428571429	 9.88949959184	 207.842857143	12.0184	 194.0
89.5	 9.91674816327	 0.292857142857	 9.51205183673	 207.707142857	19.4288	 208.0
90.0	 -0.603004081633	 23.4285714286	 9.13460408163	 207.571428571	8.5316	 231.0
90.5	 3.18444367347	 -1.43571428571	 8.75715632653	 207.435714286	11.9416	 206.0
91.0	 -11.3869085714	 -9.3	 8.37970857143	 207.3	-3.0072	 198.0
91.5	 42.8365391837	 -24.1642857143	 8.00226081633	 207.164285714	50.8388	 183.0
92.0	 32.6503869388	 24.9714285714	 7.62481306122	 207.028571429	40.2752	 232.0
92.5	 0.899434693878	 6.10714285714	 7.24736530612	 206.892857143	8.1468	 213.0
93.0	 -0.56951755102	 -17.7571428571	 6.86991755102	 206.757142857	6.3004	 189.0
93.5	 42.7827302041	 25.3785714286	 6.49246979592	 206.621428571	49.2752	 232.0
94.0	 32.9033779592	 -12.4857142857	 6.11502204082	 206.485714286	39.0184	 194.0
94.5	 53.8196257143	 20.65	 5.73757428571	 206.35	59.5572	 227.0
95.0	 76.6582734694	 -12.2142857143	 5.36012653061	 206.214285714	82.0184	 194.0
95.5	 3.60012122449	 16.9214285714	 4.98267877551	 206.078571429	8.5828	 223.0
96.0	 10.1311689796	 -6.94285714286	 4.60523102041	 205.942857143	14.7364	 199.0
96.5	 -19.4657832653	 -10.8071428571	 4.22778326531	 205.807142857	-15.238	 195.0
97.0	 4.3220644898	 3.32857142857	 3.8503355102	 205.671428571	8.1724	 209.0
97.5	 -4.2492877551	 -4.53571428571	 3.4728877551	 205.535714286	-0.7764	 201.0
Actin association begins: 3.0
Actin association ends: 89.5
Length of actin association: 86.5
Cofilin association begins: 3.5
Cofilin association ends: 87.5
Length of cofilin association: 84.0
Delay between actin and cofilin association: 0.5
Maximum normalized actin intensity: 1103.87933061
Maximum normalized cofilin intensity: 186.092857143