Time	 Int488	 Int561	 Back488	 Back561	 Raw488	 Raw561
0.0	 -20.5433038281	 -4.0630730856	 119.71112	 234.2	103.5316	 231.0
0.5	 -40.2863412482	 -4.93162856405	 118.516765217	 233.884057971	86.788	 230.0
1.0	 16.902370787	 25.9425744388	 117.322410435	 233.568115942	130.6344	 254.0
1.5	 43.1289422574	 -15.5567118957	 116.128055652	 233.252173913	150.0956	 221.0
2.0	 15.9631781941	 2.62038771463	 114.93370087	 232.936231884	127.506	 235.0
2.5	 23.4696483067	 -40.1486089591	 113.739346087	 232.620289855	132.2236	 201.0
3.0	 56.9569313811	 -25.7806403665	 112.544991304	 232.304347826	157.4032	 212.0
3.5	 -71.7201427687	 31.7574797606	 111.350636522	 231.988405797	54.8652	 257.0
4.0	 -28.8568106652	 19.4615312289	 110.156281739	 231.672463768	87.4292	 247.0
4.5	 5.02052742546	 -27.1165964626	 108.961926957	 231.356521739	112.916	 210.0
5.0	 17.0207563708	 21.5335512897	 107.767572174	 231.04057971	121.1728	 248.0
5.5	 107.286438512	 -7.26863165223	 106.573217391	 230.724637681	191.07	 225.0
6.0	 49.6476263063	 10.9084679581	 105.378862609	 230.408695652	144.4804	 239.0
6.5	 62.3309594142	 2.42165044414	 104.184507826	 230.092753623	153.2752	 232.0
7.0	 57.8899631186	 40.9141154825	 102.990153043	 229.776811594	148.5832	 262.0
7.5	 67.9358539098	 -1.85488119125	 101.795798261	 229.460869565	155.3008	 228.0
8.0	 77.4286588772	 -7.8022780267	 100.601443478	 229.144927536	161.5828	 223.0
8.5	 61.2347157974	 31.9598973509	 99.4070886957	 228.828985507	147.6344	 254.0
9.0	 124.836480814	 3.15771440892	 98.212733913	 228.513043478	196.5316	 231.0
9.5	 143.477294834	 -43.4204132825	 97.0183791304	 228.197101449	210.0184	 194.0
10.0	 112.372381414	 -4.92794824422	 95.8240243478	 227.88115942	184.3264	 224.0
10.5	 228.455845709	 -0.717662365663	 94.6296695652	 227.565217391	274.5572	 227.0
11.0	 293.587865626	 -20.6318729329	 93.4353147826	 227.249275362	324.6596	 211.0
11.5	 325.707924607	 8.9726197307	 92.24096	 226.933333333	348.7624	 234.0
12.0	 507.100209912	 25.8800090018	 91.0466052174	 226.617391304	490.4292	 247.0
12.5	 421.853323974	 42.7873982728	 89.8522504348	 226.301449275	422.096	 260.0
13.0	 136.317250282	 8.90637397387	 88.6578956522	 225.985507246	196.0188	 233.0
13.5	 425.243843638	 -12.2775469326	 87.4635408696	 225.669565217	422.3776	 216.0
14.0	 505.775418434	 -8.06726105402	 86.269186087	 225.353623188	484.6084	 219.0
14.5	 483.330437412	 16.4583902525	 85.0748313043	 225.037681159	465.7368	 238.0
15.0	 600.0	 28.2869381666	 83.8804765217	 224.72173913	556.4292	 247.0
15.5	 407.934922642	 70.5885342227	 82.6861217391	 224.405797101	403.968	 280.0
16.0	 403.427901408	 20.2012755135	 81.4917669565	 224.089855072	399.224	 240.0
16.5	 413.604318423	 6.63561664252	 80.2974121739	 223.773913043	406.0444	 229.0
17.0	 468.155588141	 3.22764048557	 79.1030573913	 223.457971014	447.8136	 226.0
17.5	 419.46975748	 11.2470573819	 77.9087026087	 223.142028986	408.2752	 232.0
18.0	 388.332339475	 54.8183637772	 76.7143478261	 222.826086957	382.5576	 266.0
18.5	 414.949473846	 1.89168438949	 75.5199930435	 222.510144928	402.3264	 224.0
19.0	 395.890048473	 -6.59513312446	 74.3256382609	 222.194202899	386.1212	 217.0
19.5	 336.42793222	 -1.11513690665	 73.1312834783	 221.87826087	338.0956	 221.0
20.0	 321.243154918	 29.7590660962	 71.9369286957	 221.562318841	324.942	 245.0
20.5	 276.626491952	 -2.85224786353	 70.742573913	 221.246376812	288.6084	 219.0
21.0	 359.274419941	 17.8642724253	 69.5482191304	 220.930434783	352.506	 235.0
21.5	 288.742968951	 16.9957169468	 68.3538643478	 220.614492754	295.7624	 234.0
22.0	 274.72988035	 13.5877407899	 67.1595095652	 220.298550725	283.5316	 231.0
22.5	 304.603567799	 47.0013644712	 65.9651547826	 219.982608696	305.8652	 257.0
23.0	 416.910913545	 95.6515122235	 64.7708	 219.666666667	393.122	 295.0
23.5	 389.419595751	 115.098322173	 63.5764452174	 219.350724638	370.276	 310.0
24.0	 552.970927137	 142.163394158	 62.3820904348	 219.034782609	497.8916	 331.0
24.5	 420.190657055	 96.854976806	 61.1877356522	 218.71884058	392.122	 295.0
25.0	 375.932560289	 107.413814381	 59.9933808696	 218.402898551	356.0708	 303.0
25.5	 411.991768626	 116.702941616	 58.799026087	 218.086956522	383.276	 310.0
26.0	 224.548436903	 32.0335037474	 57.6046713043	 217.771014493	234.4548	 243.0
26.5	 275.714150973	 61.6379964109	 56.4103165217	 217.455072464	273.5576	 266.0
27.0	 183.011525923	 53.151178897	 55.2159617391	 217.139130435	199.3524	 259.0
27.5	 145.036463799	 24.348995955	 54.0216069565	 216.823188406	168.2496	 236.0
28.0	 4.27987336579	 -14.6108697009	 52.8272521739	 216.507246377	56.198	 205.0
28.5	 -8.07243411157	 20.0724643196	 51.6328973913	 216.191304348	45.2752	 232.0
29.0	 30.0701149507	 1.42796409168	 50.4385426087	 215.875362319	74.1212	 217.0
29.5	 -1.39336466895	 -3.24972240452	 49.2441878261	 215.55942029	48.1468	 213.0
30.0	 5.95058252029	 -20.6245122932	 48.0498330435	 215.243478261	52.7364	 199.0
30.5	 -7.86697068856	 -4.9868333614	 46.8554782609	 214.927536232	40.6596	 211.0
31.0	 40.0426981873	 -12.2039405361	 45.6611234783	 214.611594203	77.198	 205.0
31.5	 -29.7071191179	 13.5914211097	 44.4667686957	 214.295652174	21.07	 225.0
32.0	 -23.5028639292	 -24.098734207	 43.272413913	 213.979710145	24.762	 195.0
32.5	 -2.1265859547	 -2.11250357893	 42.0780591304	 213.663768116	40.4032	 212.0
33.0	 -19.7207655966	 8.44633399588	 40.8837043478	 213.347826087	25.352	 220.0
33.5	 26.91919294	 1.22922682119	 39.6893495652	 213.031884058	60.8904	 214.0
34.0	 -4.31624670267	 10.5183540567	 38.4949947826	 212.715942029	35.0956	 221.0
Actin association begins: 4.5
Actin association ends: 28.0
Length of actin association: 23.5
Area under actin curve during patch life: 13687.2734158
Cofilin association begins: 21.0
Cofilin association ends: 27.5
Length of cofilin association: 6.5
Delay between actin and cofilin association: 16.5
Area under cofilin curve during patch life: 940.505731001
Cofilin intensity score: 264.820830992