Time	 Int488	 Int561	 Back488	 Back561	 Raw488	 Raw561
0.0	 -5.91272	 9.8	 122.70152	 298.2	116.7888	 308.0
0.5	 -37.4627309474	 15.3115789474	 121.969530947	 297.688421053	84.5068	 313.0
1.0	 -28.1411418947	 1.82315789474	 121.237541895	 297.176842105	93.0964	 299.0
1.5	 31.3084471579	 -31.6652631579	 120.505552842	 296.665263158	151.814	 265.0
2.0	 47.5280362105	 9.84631578947	 119.773563789	 296.153684211	167.3016	 306.0
2.5	 8.67002526316	 -14.6421052632	 119.041574737	 295.642105263	127.7116	 281.0
3.0	 29.5820143158	 35.8694736842	 118.309585684	 295.130526316	147.8916	 331.0
3.5	 21.8780033684	 26.3810526316	 117.577596632	 294.618947368	139.4556	 321.0
4.0	 47.8663924211	 25.8926315789	 116.845607579	 294.107368421	164.712	 320.0
4.5	 143.546381474	 -43.5957894737	 116.113618526	 293.595789474	259.66	 250.0
5.0	 131.279170526	 34.9157894737	 115.381629474	 293.084210526	246.6608	 328.0
5.5	 198.343959579	 -16.5726315789	 114.649640421	 292.572631579	312.9936	 276.0
6.0	 199.306748632	 -13.0610526316	 113.917651368	 292.061052632	313.2244	 279.0
6.5	 248.551537684	 -14.5494736842	 113.185662316	 291.549473684	361.7372	 277.0
7.0	 319.847926737	 14.9621052632	 112.453673263	 291.037894737	432.3016	 306.0
7.5	 309.349115789	 12.4736842105	 111.721684211	 290.526315789	421.0708	 303.0
8.0	 437.747504842	 -13.0147368421	 110.989695158	 290.014736842	548.7372	 277.0
8.5	 405.299893895	 -23.5031578947	 110.257706105	 289.503157895	515.5576	 266.0
9.0	 498.083882947	 47.0084210526	 109.525717053	 288.991578947	607.6096	 336.0
9.5	 535.251472	 18.52	 108.793728	 288.48	644.0452	 307.0
10.0	 558.727061053	 20.0315789474	 108.061738947	 287.968421053	666.7888	 308.0
10.5	 607.023050105	 10.5431578947	 107.329749895	 287.456842105	714.3528	 298.0
11.0	 600.832239158	 38.0547368421	 106.597760842	 286.945263158	707.43	 325.0
11.5	 662.615828211	 69.5663157895	 105.865771789	 286.433684211	768.4816	 356.0
12.0	 620.476217263	 89.0778947368	 105.133782737	 285.922105263	725.61	 375.0
12.5	 763.387806316	 100.589473684	 104.401793684	 285.410526316	867.7896	 386.0
13.0	 781.837795368	 106.101052632	 103.669804632	 284.898947368	885.5076	 391.0
13.5	 740.287784421	 111.612631579	 102.937815579	 284.387368421	843.2256	 396.0
14.0	 793.173373474	 88.1242105263	 102.205826526	 283.875789474	895.3792	 372.0
14.5	 734.238562526	 75.6357894737	 101.473837474	 283.364210526	835.7124	 359.0
15.0	 795.816951579	 100.147368421	 100.741848421	 282.852631579	896.5588	 383.0
15.5	 759.574940632	 135.658947368	 100.009859368	 282.341052632	859.5848	 418.0
16.0	 751.435329684	 155.170526316	 99.2778703158	 281.829473684	850.7132	 437.0
16.5	 746.936118737	 113.682105263	 98.5458812632	 281.317894737	845.482	 395.0
17.0	 798.770907789	 137.193684211	 97.8138922105	 280.806315789	896.5848	 418.0
17.5	 758.631296842	 156.705263158	 97.0819031579	 280.294736842	855.7132	 437.0
18.0	 797.696885895	 183.216842105	 96.3499141053	 279.783157895	894.0468	 463.0
18.5	 843.839274947	 197.728421053	 95.6179250526	 279.271578947	939.4572	 477.0
19.0	 891.494864	 249.24	 94.885936	 278.76	986.3808	 528.0
19.5	 820.868053053	 266.751578947	 94.1539469474	 278.248421053	915.022	 545.0
20.0	 860.471642105	 248.263157895	 93.4219578947	 277.736842105	953.8936	 526.0
20.5	 927.331631158	 228.774736842	 92.6899688421	 277.225263158	1020.0216	 506.0
21.0	 882.679220211	 250.286315789	 91.9579797895	 276.713684211	974.6372	 527.0
21.5	 924.514009263	 273.797894737	 91.2259907368	 276.202105263	1015.74	 550.0
22.0	 784.758798316	 272.309473684	 90.4940016842	 275.690526316	875.2528	 548.0
22.5	 721.541987368	 264.821052632	 89.7620126316	 275.178947368	811.304	 540.0
23.0	 739.120776421	 328.332631579	 89.0300235789	 274.667368421	828.1508	 603.0
23.5	 822.288365474	 299.844210526	 88.2980345263	 274.155789474	910.5864	 574.0
24.0	 839.507154526	 263.355789474	 87.5660454737	 273.644210526	927.0732	 537.0
24.5	 756.931143579	 233.867368421	 86.8340564211	 273.132631579	843.7652	 507.0
25.0	 646.457532632	 188.378947368	 86.1020673684	 272.621052632	732.5596	 461.0
25.5	 644.651121684	 194.890526316	 85.3700783158	 272.109473684	730.0212	 467.0
26.0	 622.255910737	 293.402105263	 84.6380892632	 271.597894737	706.894	 565.0
26.5	 816.911099789	 305.913684211	 83.9061002105	 271.086315789	900.8172	 577.0
27.0	 832.001888842	 289.425263158	 83.1741111579	 270.574736842	915.176	 560.0
27.5	 792.452277895	 333.936842105	 82.4421221053	 270.063157895	874.8944	 604.0
28.0	 778.671466947	 336.448421053	 81.7101330526	 269.551578947	860.3816	 606.0
28.5	 680.813456	 311.96	 80.978144	 269.04	761.7916	 581.0
29.0	 691.597445053	 382.471578947	 80.2461549474	 268.528421053	771.8436	 651.0
29.5	 821.611434105	 377.983157895	 79.5141658947	 268.016842105	901.1256	 646.0
30.0	 719.214623158	 320.494736842	 78.7821768421	 267.505263158	797.9968	 588.0
30.5	 635.639012211	 330.006315789	 78.0501877895	 266.993684211	713.6892	 597.0
31.0	 658.499401263	 349.517894737	 77.3181987368	 266.482105263	735.8176	 616.0
31.5	 690.359390316	 330.029473684	 76.5862096842	 265.970526316	766.9456	 596.0
32.0	 442.141779368	 244.541052632	 75.8542206316	 265.458947368	517.996	 510.0
32.5	 77.6153684211	 51.0526315789	 75.1222315789	 264.947368421	152.7376	 316.0
33.0	 42.7065574737	 73.5642105263	 74.3902425263	 264.435789474	117.0968	 338.0
33.5	 53.8225465263	 14.0757894737	 73.6582534737	 263.924210526	127.4808	 278.0
34.0	 11.5545355789	 14.5873684211	 72.9262644211	 263.412631579	84.4808	 278.0
34.5	 7.90172463158	 -2.90105263158	 72.1942753684	 262.901052632	80.096	 260.0
35.0	 -37.8530863158	 34.6105263158	 71.4622863158	 262.389473684	33.6092	 297.0
35.5	 2.13490273684	 -4.87789473684	 70.7302972632	 261.877894737	72.8652	 257.0
36.0	 -20.3127082105	 -15.3663157895	 69.9983082105	 261.366315789	49.6856	 246.0
36.5	 -5.01631915789	 14.1452631579	 69.2663191579	 260.854736842	64.25	 275.0
37.0	 -1.97633010526	 44.6568421053	 68.5343301053	 260.343157895	66.558	 305.0
37.5	 21.8068589474	 37.1684210526	 67.8023410526	 259.831578947	89.6092	 297.0
38.0	 6.718048	 9.68	 67.070352	 259.32	73.7884	 269.0
38.5	 -35.0367629474	 47.1915789474	 66.3383629474	 258.808421053	31.3016	 306.0
39.0	 9.48962610526	 1.70315789474	 65.6063738947	 258.296842105	75.096	 260.0
39.5	 17.0936151579	 22.2147368421	 64.8743848421	 257.785263158	81.968	 280.0
40.0	 -6.43079578947	 23.7263157895	 64.1423957895	 257.273684211	57.7116	 281.0
40.5	 -1.05760673684	 41.2378947368	 63.4104067368	 256.762105263	62.3528	 298.0
41.0	 -1.73641768421	 -11.2505263158	 62.6784176842	 256.250526316	60.942	 245.0
41.5	 -14.3888286316	 10.2610526316	 61.9464286316	 255.738947368	47.5576	 266.0
42.0	 -18.5544395789	 -5.22736842105	 61.2144395789	 255.227368421	42.66	 250.0
42.5	 -14.2836505263	 28.2842105263	 60.4824505263	 254.715789474	46.1988	 283.0
43.0	 -29.8592614737	 37.7957894737	 59.7504614737	 254.204210526	29.8912	 292.0
43.5	 7.66712757895	 -7.69263157895	 59.0184724211	 253.692631579	66.6856	 246.0
44.0	 5.06591663158	 5.81894736842	 58.2864833684	 253.181052632	63.3524	 259.0
44.5	 23.0543056842	 5.33052631579	 57.5544943158	 252.669473684	80.6088	 258.0
45.0	 8.60669473684	 -5.15789473684	 56.8225052632	 252.157894737	65.4292	 247.0
45.5	 -4.22531621053	 5.35368421053	 56.0905162105	 251.646315789	51.8652	 257.0
46.0	 26.3014728421	 -1.13473684211	 55.3585271579	 251.134736842	81.66	 250.0
46.5	 -34.9921381053	 3.37684210526	 54.6265381053	 250.623157895	19.6344	 254.0
47.0	 -6.67054905263	 -10.1115789474	 53.8945490526	 250.111578947	47.224	 240.0
Actin association begins: 1.5
Actin association ends: 34.5
Length of actin association: 33.0
Cofilin association begins: 9.0
Cofilin association ends: 34.0
Length of cofilin association: 25.0
Delay between actin and cofilin association: 7.5
Maximum normalized actin intensity: 927.331631158
Maximum normalized cofilin intensity: 382.471578947