Time	 Int488	 Int561	 Back488	 Back561	 Raw488	 Raw561
0.0	 1.40504	 -8.6	 27.12616	 200.6	28.5312	 192.0
0.5	 -17.6845204938	 -18.5259259259	 27.7797204938	 200.525925926	10.0952	 182.0
1.0	 18.1491190123	 -16.4518518519	 28.4332809877	 200.451851852	46.5824	 184.0
1.5	 -33.9656414815	 16.6222222222	 29.0868414815	 200.377777778	-4.8788	 217.0
2.0	 25.5603980247	 27.6962962963	 29.7404019753	 200.303703704	55.3008	 228.0
2.5	 50.3680375309	 -5.22962962963	 30.3939624691	 200.22962963	80.762	 195.0
3.0	 -29.080322963	 1.84444444444	 31.047522963	 200.155555556	1.9672	 202.0
3.5	 -8.99028345679	 2.91851851852	 31.7010834568	 200.081481481	22.7108	 203.0
4.0	 -14.1822439506	 8.99259259259	 32.3546439506	 200.007407407	18.1724	 209.0
4.5	 -20.7334044444	 -6.93333333333	 33.0082044444	 199.933333333	12.2748	 193.0
5.0	 -0.156164938272	 -3.85925925926	 33.6617649383	 199.859259259	33.5056	 196.0
5.5	 14.9594745679	 -6.78518518519	 34.3153254321	 199.785185185	49.2748	 193.0
6.0	 17.8699140741	 -16.7111111111	 34.9688859259	 199.711111111	52.8388	 183.0
6.5	 -13.7836464198	 -16.637037037	 35.6224464198	 199.637037037	21.8388	 183.0
7.0	 32.5371930864	 -12.562962963	 36.2760069136	 199.562962963	68.8132	 187.0
7.5	 77.3708325926	 -10.4888888889	 36.9295674074	 199.488888889	114.3004	 189.0
8.0	 10.9224720988	 -3.41481481481	 37.5831279012	 199.414814815	48.5056	 196.0
8.5	 -5.78228839506	 4.65925925926	 38.2366883951	 199.340740741	32.4544	 204.0
9.0	 28.6665511111	 -11.2666666667	 38.8902488889	 199.266666667	67.5568	 188.0
9.5	 28.2693906173	 -12.1925925926	 39.5438093827	 199.192592593	67.8132	 187.0
10.0	 53.8978301235	 -17.1185185185	 40.1973698765	 199.118518519	94.0952	 182.0
10.5	 41.3214696296	 9.95555555556	 40.8509303704	 199.044444444	82.1724	 209.0
11.0	 102.462709136	 3.02962962963	 41.5044908642	 198.97037037	143.9672	 202.0
11.5	 74.834748642	 -0.896296296296	 42.158051358	 198.896296296	116.9928	 198.0
12.0	 103.283588148	 -16.8222222222	 42.8116118519	 198.822222222	146.0952	 182.0
12.5	 122.860827654	 -13.7481481481	 43.4651723457	 198.748148148	166.326	 185.0
13.0	 119.41246716	 -6.67407407407	 44.1187328395	 198.674074074	163.5312	 192.0
13.5	 121.682106667	 5.4	 44.7722933333	 198.6	166.4544	 204.0
14.0	 98.5669461728	 -0.525925925926	 45.4258538272	 198.525925926	143.9928	 198.0
14.5	 154.913385679	 -0.451851851852	 46.079414321	 198.451851852	200.9928	 198.0
15.0	 115.234225185	 3.62222222222	 46.7329748148	 198.377777778	161.9672	 202.0
15.5	 250.631864691	 -4.3037037037	 47.3865353086	 198.303703704	298.0184	 194.0
16.0	 160.080704198	 -20.2296296296	 48.0400958025	 198.22962963	208.1208	 178.0
16.5	 267.170743704	 -19.1555555556	 48.6936562963	 198.155555556	315.8644	 179.0
17.0	 130.13278321	 1.91851851852	 49.3472167901	 198.081481481	179.48	 200.0
17.5	 114.684422716	 8.99259259259	 50.000777284	 198.007407407	164.6852	 207.0
18.0	 153.953662222	 -17.9333333333	 50.6543377778	 197.933333333	204.608	 180.0
18.5	 153.069701728	 18.1407407407	 51.3078982716	 197.859259259	204.3776	 216.0
19.0	 223.544141235	 -1.78518518519	 51.9614587654	 197.785185185	275.5056	 196.0
19.5	 195.044580741	 13.2888888889	 52.6150192593	 197.711111111	247.6596	 211.0
20.0	 195.596220247	 20.362962963	 53.2685797531	 197.637037037	248.8648	 218.0
20.5	 142.763059753	 9.43703703704	 53.9221402469	 197.562962963	196.6852	 207.0
21.0	 187.391499259	 4.51111111111	 54.5757007407	 197.488888889	241.9672	 202.0
21.5	 110.943138765	 11.5851851852	 55.2292612346	 197.414814815	166.1724	 209.0
22.0	 169.058778272	 8.65925925926	 55.8828217284	 197.340740741	224.9416	 206.0
22.5	 116.225617778	 -2.26666666667	 56.5363822222	 197.266666667	172.762	 195.0
23.0	 129.597657284	 -6.19259259259	 57.189942716	 197.192592593	186.7876	 191.0
23.5	 94.1492967901	 0.881481481482	 57.8435032099	 197.118518519	151.9928	 198.0
24.0	 118.495736296	 0.955555555556	 58.4970637037	 197.044444444	176.9928	 198.0
24.5	 142.098575802	 0.0296296296296	 59.1506241975	 196.97037037	201.2492	 197.0
25.0	 127.752615309	 -8.8962962963	 59.8041846914	 196.896296296	187.5568	 188.0
25.5	 114.355454815	 -9.82222222222	 60.4577451852	 196.822222222	174.8132	 187.0
26.0	 183.189094321	 -7.74814814815	 61.111305679	 196.748148148	244.3004	 189.0
26.5	 139.227933827	 1.32592592593	 61.7648661728	 196.674074074	200.9928	 198.0
27.0	 179.369173333	 -5.6	 62.4184266667	 196.6	241.7876	 191.0
27.5	 158.25401284	 -11.5259259259	 63.0719871605	 196.525925926	221.326	 185.0
28.0	 107.370052346	 24.5481481481	 63.7255476543	 196.451851852	171.0956	 221.0
28.5	 63.7160918519	 -14.3777777778	 64.3791081481	 196.377777778	128.0952	 182.0
29.0	 118.396131358	 11.6962962963	 65.032668642	 196.303703704	183.4288	 208.0
29.5	 100.537370864	 4.77037037037	 65.6862291358	 196.22962963	166.2236	 201.0
30.0	 51.3198103704	 14.8444444444	 66.3397896296	 196.155555556	117.6596	 211.0
30.5	 92.2302498765	 4.91851851852	 66.9933501235	 196.081481481	159.2236	 201.0
31.0	 62.7306893827	 19.9925925926	 67.6469106173	 196.007407407	130.3776	 216.0
31.5	 56.3079288889	 23.0666666667	 68.3004711111	 195.933333333	124.6084	 219.0
32.0	 30.1927683951	 17.1407407407	 68.9540316049	 195.859259259	99.1468	 213.0
32.5	 30.1288079012	 3.21481481481	 69.6075920988	 195.785185185	99.7364	 199.0
33.0	 32.6804474074	 10.2888888889	 70.2611525926	 195.711111111	102.9416	 206.0
33.5	 78.1292869136	 -5.63703703704	 70.9147130864	 195.637037037	149.044	 190.0
34.0	 23.1425264198	 7.43703703704	 71.5682735802	 195.562962963	94.7108	 203.0
34.5	 68.5657659259	 -4.48888888889	 72.2218340741	 195.488888889	140.7876	 191.0
35.0	 29.3738054321	 1.58518518519	 72.8753945679	 195.414814815	102.2492	 197.0
35.5	 11.5662449383	 -13.3407407407	 73.5289550617	 195.340740741	85.0952	 182.0
36.0	 -4.75371555556	 12.7333333333	 74.1825155556	 195.266666667	69.4288	 208.0
36.5	 29.4643239506	 -6.19259259259	 74.8360760494	 195.192592593	104.3004	 189.0
37.0	 -22.3684365432	 21.8814814815	 75.4896365432	 195.118518519	53.1212	 217.0
37.5	 0.849602962963	 2.95555555556	 76.143197037	 195.044444444	76.9928	 198.0
38.0	 48.4268424691	 6.02962962963	 76.7967575309	 194.97037037	125.2236	 201.0
38.5	 -31.9703180247	 5.1037037037	 77.4503180247	 194.896296296	45.48	 200.0
39.0	 11.4785214815	 -10.8222222222	 78.1038785185	 194.822222222	89.5824	 184.0
39.5	 -10.8158390123	 11.2518518519	 78.7574390123	 194.748148148	67.9416	 206.0
40.0	 -7.31579950617	 -12.6740740741	 79.4109995062	 194.674074074	72.0952	 182.0
Actin association begins: 9.0
Actin association ends: 35.5
Length of actin association: 26.5
Cofilin association begins: 29.0
Cofilin association ends: 33.0
Length of cofilin association: 4.0
Delay between actin and cofilin association: 20.0
Maximum normalized actin intensity: 267.170743704
Maximum normalized cofilin intensity: 23.0666666667