Time	 Int488	 Int561	 Back488	 Back561	 Raw488	 Raw561
0.0	 11.8768	 -12.0	 76.178	 1255.0	88.0548	 1243.0
0.5	 -2.81756169014	 34.214084507	 76.1035616901	 1250.78591549	73.286	 1285.0
1.0	 -45.7423233803	 116.428169014	 76.0291233803	 1246.57183099	30.2868	 1363.0
1.5	 -4.00268507042	 -22.3577464789	 75.9546850704	 1242.35774648	71.952	 1220.0
2.0	 41.4301532394	 -74.1436619718	 75.8802467606	 1238.14366197	117.3104	 1164.0
2.5	 -2.3154084507	 -19.9295774648	 75.8058084507	 1233.92957746	73.4904	 1214.0
3.0	 23.7838298592	 -97.7154929577	 75.7313701408	 1229.71549296	99.5152	 1132.0
3.5	 -4.57693183099	 -25.5014084507	 75.656931831	 1225.50140845	71.08	 1200.0
4.0	 11.0863064789	 -113.287323944	 75.5824935211	 1221.28732394	86.6688	 1108.0
4.5	 31.6739447887	 -72.0732394366	 75.5080552113	 1217.07323944	107.182	 1145.0
5.0	 0.286783098592	 -73.8591549296	 75.4336169014	 1212.85915493	75.7204	 1139.0
5.5	 -53.5339785915	 148.354929577	 75.3591785915	 1208.64507042	21.8252	 1357.0
6.0	 44.3584597183	 -92.4309859155	 75.2847402817	 1204.43098592	119.6432	 1112.0
6.5	 33.0744980282	 -32.2169014085	 75.2103019718	 1200.21690141	108.2848	 1168.0
7.0	 30.456536338	 -37.0028169014	 75.135863662	 1196.0028169	105.5924	 1159.0
7.5	 -19.4946253521	 -28.7887323944	 75.0614253521	 1191.78873239	55.5668	 1163.0
8.0	 15.6050129577	 -67.5746478873	 74.9869870423	 1187.57464789	90.592	 1120.0
8.5	 8.93585126761	 -64.3605633803	 74.9125487324	 1183.36056338	83.8484	 1119.0
9.0	 -15.0913104225	 33.8535211268	 74.8381104225	 1179.14647887	59.7468	 1213.0
9.5	 8.46992788732	 1.0676056338	 74.7636721127	 1174.93239437	83.2336	 1176.0
10.0	 94.0827661972	 -0.718309859155	 74.6892338028	 1170.71830986	168.772	 1170.0
10.5	 24.746004507	 -88.5042253521	 74.614795493	 1166.50422535	99.3608	 1078.0
11.0	 126.717642817	 -107.290140845	 74.5403571831	 1162.29014085	201.258	 1055.0
11.5	 71.3320811268	 46.923943662	 74.4659188732	 1158.07605634	145.798	 1205.0
12.0	 102.765319437	 34.138028169	 74.3914805634	 1153.86197183	177.1568	 1188.0
12.5	 92.9405577465	 -133.647887324	 74.3170422535	 1149.64788732	167.2576	 1016.0
13.0	 90.4013960563	 44.5661971831	 74.2426039437	 1145.43380282	164.644	 1190.0
13.5	 175.526634366	 1.78028169014	 74.1681656338	 1141.21971831	249.6948	 1143.0
14.0	 123.831472676	 -30.0056338028	 74.0937273239	 1137.0056338	197.9252	 1107.0
14.5	 191.982710986	 -37.7915492958	 74.0192890141	 1132.7915493	266.002	 1095.0
15.0	 180.184749296	 -92.5774647887	 73.9448507042	 1128.57746479	254.1296	 1036.0
15.5	 194.105987606	 -25.3633802817	 73.8704123944	 1124.36338028	267.9764	 1099.0
16.0	 192.130425915	 103.850704225	 73.7959740845	 1120.14929577	265.9264	 1224.0
16.5	 157.794064225	 55.0647887324	 73.7215357746	 1115.93521127	231.5156	 1171.0
17.0	 263.637302535	 17.2788732394	 73.6470974648	 1111.72112676	337.2844	 1129.0
17.5	 304.865340845	 -2.50704225352	 73.5726591549	 1107.50704225	378.438	 1105.0
18.0	 234.708579155	 -40.2929577465	 73.4982208451	 1103.29295775	308.2068	 1063.0
18.5	 217.528217465	 120.921126761	 73.4237825352	 1099.07887324	290.952	 1220.0
19.0	 262.422255775	 36.1352112676	 73.3493442254	 1094.86478873	335.7716	 1131.0
19.5	 231.701894085	 47.3492957746	 73.2749059155	 1090.65070423	304.9768	 1138.0
20.0	 195.982332394	 136.563380282	 73.2004676056	 1086.43661972	269.1828	 1223.0
20.5	 188.980770704	 230.777464789	 73.1260292958	 1082.22253521	262.1068	 1313.0
21.0	 308.669609014	 138.991549296	 73.0515909859	 1078.0084507	381.7212	 1217.0
21.5	 275.795647324	 174.205633803	 72.9771526761	 1073.7943662	348.7728	 1248.0
22.0	 402.228485634	 122.41971831	 72.9027143662	 1069.58028169	475.1312	 1192.0
22.5	 229.714123944	 218.633802817	 72.8282760563	 1065.36619718	302.5424	 1284.0
23.0	 289.147362254	 205.847887324	 72.7538377465	 1061.15211268	361.9012	 1267.0
23.5	 344.504600563	 283.061971831	 72.6793994366	 1056.93802817	417.184	 1340.0
24.0	 425.195438873	 386.276056338	 72.6049611268	 1052.72394366	497.8004	 1439.0
24.5	 288.909477183	 251.490140845	 72.5305228169	 1048.50985915	361.44	 1300.0
25.0	 306.369515493	 351.704225352	 72.456084507	 1044.29577465	378.8256	 1396.0
25.5	 368.853153803	 252.918309859	 72.3816461972	 1040.08169014	441.2348	 1293.0
26.0	 366.235992113	 326.132394366	 72.3072078873	 1035.86760563	438.5432	 1362.0
26.5	 323.002830423	 339.346478873	 72.2327695775	 1031.65352113	395.2356	 1371.0
27.0	 391.000468732	 355.56056338	 72.1583312676	 1027.43943662	463.1588	 1383.0
27.5	 359.742507042	 450.774647887	 72.0838929577	 1023.22535211	431.8264	 1474.0
28.0	 294.535345352	 498.988732394	 72.0094546479	 1019.01126761	366.5448	 1518.0
28.5	 355.839783662	 428.202816901	 71.935016338	 1014.7971831	427.7748	 1443.0
29.0	 305.068221972	 447.416901408	 71.8605780282	 1010.58309859	376.9288	 1458.0
29.5	 369.578660282	 461.630985915	 71.7861397183	 1006.36901408	441.3648	 1468.0
30.0	 413.062298592	 362.845070423	 71.7117014085	 1002.15492958	484.774	 1365.0
30.5	 341.316736901	 417.05915493	 71.6372630986	 997.94084507	412.954	 1415.0
31.0	 317.903975211	 419.273239437	 71.5628247887	 993.726760563	389.4668	 1413.0
31.5	 369.158013521	 434.487323944	 71.4883864789	 989.512676056	440.6464	 1424.0
32.0	 316.154451831	 333.701408451	 71.413948169	 985.298591549	387.5684	 1319.0
32.5	 379.228490141	 298.915492958	 71.3395098592	 981.084507042	450.568	 1280.0
33.0	 355.970128451	 355.129577465	 71.2650715493	 976.870422535	427.2352	 1332.0
33.5	 355.352166761	 350.343661972	 71.1906332394	 972.656338028	426.5428	 1323.0
34.0	 354.45260507	 389.557746479	 71.1161949296	 968.442253521	425.5688	 1358.0
34.5	 337.44984338	 366.771830986	 71.0417566197	 964.228169014	408.4916	 1331.0
35.0	 411.75388169	 256.985915493	 70.9673183099	 960.014084507	482.7212	 1217.0
35.5	 439.59792	 297.2	 70.89288	 955.8	510.4908	 1253.0
36.0	 364.10715831	 194.414084507	 70.8184416901	 951.585915493	434.9256	 1146.0
36.5	 344.92559662	 238.628169014	 70.7440033803	 947.371830986	415.6696	 1186.0
37.0	 283.69323493	 329.842253521	 70.6695650704	 943.157746479	354.3628	 1273.0
37.5	 355.381673239	 199.056338028	 70.5951267606	 938.943661972	425.9768	 1138.0
38.0	 332.584511549	 222.270422535	 70.5206884507	 934.729577465	403.1052	 1157.0
38.5	 299.966549859	 217.484507042	 70.4462501408	 930.515492958	370.4128	 1148.0
39.0	 443.091388169	 135.698591549	 70.371811831	 926.301408451	513.4632	 1062.0
39.5	 324.320626479	 232.912676056	 70.2973735211	 922.087323944	394.618	 1155.0
40.0	 313.189464789	 191.126760563	 70.2229352113	 917.873239437	383.4124	 1109.0
40.5	 316.752303099	 314.34084507	 70.1484969014	 913.65915493	386.9008	 1228.0
41.0	 406.697141408	 182.554929577	 70.0740585915	 909.445070423	476.7712	 1092.0
41.5	 417.694779718	 198.769014085	 69.9996202817	 905.230985915	487.6944	 1104.0
42.0	 367.973618028	 131.983098592	 69.9251819718	 901.016901408	437.8988	 1033.0
42.5	 221.509656338	 142.197183099	 69.850743662	 896.802816901	291.3604	 1039.0
43.0	 312.969294648	 203.411267606	 69.7763053521	 892.588732394	382.7456	 1096.0
43.5	 291.992132958	 176.625352113	 69.7018670423	 888.374647887	361.694	 1065.0
44.0	 220.348971268	 214.83943662	 69.6274287324	 884.16056338	289.9764	 1099.0
44.5	 277.603809577	 308.053521127	 69.5529904225	 879.946478873	347.1568	 1188.0
45.0	 304.344647887	 286.267605634	 69.4785521127	 875.732394366	373.8232	 1162.0
45.5	 224.443486197	 169.481690141	 69.4041138028	 871.518309859	293.8476	 1041.0
46.0	 134.723524507	 219.695774648	 69.329675493	 867.304225352	204.0532	 1087.0
46.5	 178.874362817	 172.909859155	 69.2552371831	 863.090140845	248.1296	 1036.0
47.0	 157.411601127	 300.123943662	 69.1807988732	 858.876056338	226.5924	 1159.0
47.5	 235.459639437	 230.338028169	 69.1063605634	 854.661971831	304.566	 1085.0
48.0	 149.612077746	 339.552112676	 69.0319222535	 850.447887324	218.644	 1190.0
48.5	 165.839316056	 241.766197183	 68.9574839437	 846.233802817	234.7968	 1088.0
49.0	 161.887354366	 171.98028169	 68.8830456338	 842.01971831	230.7704	 1014.0
49.5	 158.807792676	 161.194366197	 68.8086073239	 837.805633803	227.6164	 999.0
50.0	 193.855830986	 91.4084507042	 68.7341690141	 833.591549296	262.59	 925.0
50.5	 248.546269296	 155.622535211	 68.6597307042	 829.377464789	317.206	 985.0
51.0	 157.390307606	 195.836619718	 68.5852923944	 825.163380282	225.9756	 1021.0
51.5	 136.029545915	 268.050704225	 68.5108540845	 820.949295775	204.5404	 1089.0
52.0	 27.7179842254	 137.264788732	 68.4364157746	 816.735211268	96.1544	 954.0
52.5	 69.4080225352	 162.478873239	 68.3619774648	 812.521126761	137.77	 975.0
53.0	 98.8920608451	 102.692957746	 68.2875391549	 808.307042254	167.1796	 911.0
53.5	 43.0948991549	 125.907042254	 68.2131008451	 804.092957746	111.308	 930.0
54.0	 75.5529374648	 31.1211267606	 68.1386625352	 799.878873239	143.6916	 831.0
54.5	 28.9109757746	 186.335211268	 68.0642242254	 795.664788732	96.9752	 982.0
55.0	 73.9578140845	 -0.450704225352	 67.9897859155	 791.450704225	141.9476	 791.0
55.5	 64.2394523944	 205.763380282	 67.9153476056	 787.236619718	132.1548	 993.0
56.0	 11.4150907042	 76.9774647887	 67.8409092958	 783.022535211	79.256	 860.0
56.5	 35.2343290141	 199.191549296	 67.7664709859	 778.808450704	103.0008	 978.0
57.0	 0.410767323944	 148.405633803	 67.6920326761	 774.594366197	68.1028	 923.0
57.5	 -11.0795943662	 84.6197183099	 67.6175943662	 770.38028169	56.538	 855.0
58.0	 -9.36315605634	 183.833802817	 67.5431560563	 766.166197183	58.18	 950.0
58.5	 27.2744822535	 100.047887324	 67.4687177465	 761.952112676	94.7432	 862.0
59.0	 -9.80427943662	 167.261971831	 67.3942794366	 757.738028169	57.59	 925.0
59.5	 -3.11464112676	 153.476056338	 67.3198411268	 753.523943662	64.2052	 907.0
60.0	 13.4209971831	 124.690140845	 67.2454028169	 749.309859155	80.6664	 874.0
60.5	 6.59783549296	 112.904225352	 67.170964507	 745.095774648	73.7688	 858.0
61.0	 23.2102738028	 72.1183098592	 67.0965261972	 740.881690141	90.3068	 813.0
61.5	 13.6943121127	 12.3323943662	 67.0220878873	 736.667605634	80.7164	 749.0
62.0	 6.51155042254	 -60.4535211268	 66.9476495775	 732.453521127	73.4592	 672.0
62.5	 -22.4132112676	 21.7605633803	 66.8732112676	 728.23943662	44.46	 750.0
63.0	 13.8404270423	 -2.02535211268	 66.7987729577	 724.025352113	80.6392	 722.0
63.5	 10.4532653521	 -3.81126760563	 66.7243346479	 719.811267606	77.1776	 716.0
64.0	 22.963703662	 10.4028169014	 66.649896338	 715.597183099	89.6136	 726.0
64.5	 21.5505419718	 -26.3830985915	 66.5754580282	 711.383098592	88.126	 685.0
65.0	 18.5737802817	 -14.1690140845	 66.5010197183	 707.169014085	85.0748	 693.0
65.5	 35.6730185915	 -91.9549295775	 66.4265814085	 702.954929577	102.0996	 611.0
66.0	 19.8762569014	 -29.7408450704	 66.3521430986	 698.74084507	86.2284	 669.0
66.5	 3.23349521127	 47.4732394366	 66.2777047887	 694.526760563	69.5112	 742.0
67.0	 37.9747335211	 64.6873239437	 66.2032664789	 690.312676056	104.178	 755.0
67.5	 -45.181628169	 65.9014084507	 66.128828169	 686.098591549	20.9472	 752.0
68.0	 -21.0311898592	 -19.8845070423	 66.0543898592	 681.884507042	45.0232	 662.0
68.5	 3.1972484507	 -0.670422535211	 65.9799515493	 677.670422535	69.1772	 677.0
69.0	 21.8360867606	 32.5436619718	 65.9055132394	 673.456338028	87.7416	 706.0
69.5	 -24.0638749296	 32.7577464789	 65.8310749296	 669.242253521	41.7672	 702.0
70.0	 -10.0670366197	 -29.0281690141	 65.7566366197	 665.028169014	55.6896	 636.0
70.5	 7.98100169014	 -98.814084507	 65.6821983099	 660.814084507	73.6632	 562.0
Actin association begins: 9.5
Actin association ends: 57.0
Length of actin association: 47.5
Cofilin association begins: 18.5
Cofilin association ends: 54.5
Length of cofilin association: 36.0
Delay between actin and cofilin association: 9.0
Maximum normalized actin intensity: 443.091388169
Maximum normalized cofilin intensity: 498.988732394