Time	 Int488	 Int561	 Back488	 Back561	 Raw488	 Raw561
0.0	 11.6694295214	 5.81058374821	 52.87512	 224.2	66.5316	 231.0
0.5	 2.64241256204	 9.40572613187	 52.4136419512	 223.992682927	55.506	 235.0
1.0	 -20.8454383514	 2.74689719517	 51.9521639024	 223.785365854	27.5572	 227.0
1.5	 -6.31908318792	 -2.20293652147	 51.4906858537	 223.57804878	44.0956	 221.0
2.0	 16.7959983535	 -13.9887511184	 51.0292078049	 223.370731707	70.6852	 207.0
2.5	 8.00994972015	 -14.6660967848	 50.5677297561	 223.163414634	59.9416	 206.0
3.0	 31.5635594351	 5.1645001894	 50.1062517073	 222.956097561	87.0444	 229.0
3.5	 58.6882855618	 1.06916408279	 49.6447736585	 222.748780488	118.3264	 224.0
4.0	 3.7812411256	 -3.02617202382	 49.1832956098	 222.541463415	53.6084	 219.0
4.5	 -2.90137619091	 1.42346796988	 48.721817561	 222.334146341	45.3264	 224.0
5.0	 25.8667197394	 7.58210318364	 48.2603395122	 222.126829268	78.5316	 231.0
5.5	 31.6946310319	 -6.76720424334	 47.7988614634	 221.919512195	84.8904	 214.0
6.0	 28.8463153911	 -0.608569029583	 47.3373834146	 221.712195122	81.0956	 221.0
6.5	 6.41018013606	 -4.70390513619	 46.8759053659	 221.504878049	54.3776	 216.0
7.0	 12.3259337828	 0.600232467534	 46.4144273171	 221.297560976	60.8392	 222.0
7.5	 32.4830863973	 -16.3125677895	 45.9529492683	 221.090243902	83.9672	 202.0
8.0	 39.8449917993	 -3.31795169553	 45.4914712195	 220.882926829	92.1212	 217.0
8.5	 11.6027161836	 -1.43180453193	 45.0299931707	 220.675609756	58.6084	 219.0
9.0	 22.3166448102	 -11.5086239088	 44.568515122	 220.468292683	70.6852	 207.0
9.5	 24.4637221977	 -18.1674528455	 44.1070370732	 220.26097561	72.7364	 199.0
10.0	 36.3828342534	 -16.2813056819	 43.6455590244	 220.053658537	86.2236	 201.0
10.5	 37.5660383368	 -5.85018241794	 43.1840809756	 219.846341463	87.1468	 213.0
11.0	 34.0823182732	 -0.546044814215	 42.7226029268	 219.63902439	82.6084	 219.0
11.5	 39.1873245875	 -2.07788809073	 42.261124878	 219.431707317	88.1212	 217.0
12.0	 36.79907046	 -1.04623853716	 41.7996468293	 219.224390244	84.8648	 218.0
12.5	 92.7576221406	 -4.28707703374	 41.3381687805	 219.017073171	149.8904	 214.0
13.0	 59.848422378	 -7.52791553032	 40.8766907317	 218.809756098	110.916	 210.0
13.5	 104.348161108	 10.5936862239	 40.4152126829	 218.602439024	162.5316	 231.0
14.0	 103.647027062	 15.0433262176	 39.9537346341	 218.395121951	161.2496	 236.0
14.5	 166.068998665	 3.25751162068	 39.4922565854	 218.187804878	233.8392	 222.0
15.0	 211.51073556	 7.70715161437	 39.0307785366	 217.980487805	286.5572	 227.0
15.5	 157.69915706	 -0.66067254239	 38.5693004878	 217.773170732	223.1212	 217.0
16.0	 249.39348239	 20.0244220419	 38.107822439	 217.565853659	329.9676	 241.0
16.5	 288.218331592	 23.6195644256	 37.6463443902	 217.358536585	374.942	 245.0
17.0	 301.145409029	 34.9051852995	 37.1848663415	 217.151219512	389.6088	 258.0
17.5	 248.473046742	 15.4288922123	 36.7233882927	 216.943902439	327.506	 235.0
18.0	 265.738579445	 49.7859485571	 36.2619102439	 216.736585366	347.25	 275.0
18.5	 350.355613769	 41.4181244003	 35.8004321951	 216.529268293	445.814	 265.0
19.0	 444.174903756	 30.4868074135	 35.3389541463	 216.32195122	555.1472	 252.0
19.5	 317.95046339	 54.5898924379	 34.8774760976	 216.114634146	406.968	 280.0
20.0	 375.46454252	 41.949580231	 34.4159980488	 215.907317073	473.814	 265.0
20.5	 398.317122395	 71.1796509156	 33.95452	 215.7	500.0964	 299.0
21.0	 423.732511503	 33.7589080177	 33.4930419512	 215.492682927	529.378	 255.0
21.5	 427.633017986	 86.9149117832	 33.0315639024	 215.285365854	533.4812	 317.0
22.0	 451.975158096	 83.6740732866	 32.5700858537	 215.07804878	561.5068	 313.0
22.5	 421.629451163	 80.43323479	 32.1086078049	 214.870731707	525.5324	 309.0
23.0	 390.144528017	 88.3008652238	 31.6471297561	 214.663414634	488.2248	 318.0
23.5	 530.610500736	 65.4065816966	 31.1856517073	 214.456097561	652.1476	 291.0
24.0	 520.773078243	 95.4911499912	 30.7241736585	 214.248780488	640.1736	 326.0
24.5	 518.910511045	 81.1418425642	 30.2626956098	 214.041463415	637.5324	 309.0
25.0	 578.287053166	 77.9010040676	 29.801217561	 213.834146341	706.558	 305.0
25.5	 506.706709564	 108.840069972	 29.3397395122	 213.626829268	622.3276	 341.0
26.0	 512.117967822	 59.456360534	 28.8782614634	 213.419512195	628.1988	 283.0
26.5	 490.62451433	 108.339876249	 28.4167834146	 213.212195122	602.584	 340.0
27.0	 504.909901168	 107.662530583	 27.9553053659	 213.004878049	618.8404	 339.0
27.5	 600.0	 98.440208816	 27.4938273171	 212.797560976	729.6608	 328.0
28.0	 568.076890479	 108.01683447	 27.0323492683	 212.590243902	691.8404	 339.0
28.5	 401.997656184	 117.593460124	 26.5708712195	 212.382926829	497.02	 350.0
29.0	 306.70978909	 81.027214836	 26.1093931707	 212.175609756	385.0452	 307.0
29.5	 140.652088134	 53.8604432586	 25.647915122	 211.968292683	190.25	 275.0
30.0	 227.460054331	 36.9476430015	 25.1864370732	 211.76097561	291.378	 255.0
30.5	 206.864506928	 45.6697710454	 24.7249590244	 211.553658537	266.814	 265.0
31.0	 250.9916847	 55.2463966992	 24.2634809756	 211.346341463	317.9936	 276.0
31.5	 229.454139132	 77.6404865036	 23.8020029268	 211.13902439	292.3272	 302.0
32.0	 206.119755989	 80.3811312772	 23.340524878	 210.931707317	264.558	 305.0
32.5	 100.534509096	 83.9762736609	 22.8790468293	 210.724390244	140.5324	 309.0
33.0	 94.5088295426	 52.5370140333	 22.4175687805	 210.517073171	133.0192	 272.0
33.5	 42.0555604433	 32.2062233361	 21.9560907317	 210.309756098	71.1728	 248.0
34.0	 20.5832984924	 11.0209350289	 21.4946126829	 210.102439024	45.5828	 223.0
34.5	 35.9860264048	 2.65311087212	 21.0331346341	 209.895121951	63.1468	 213.0
35.0	 7.17397178271	 -6.56921089467	 20.5716565854	 209.687804878	28.9672	 202.0
35.5	 -0.80132951825	 -0.410575680917	 20.1101785366	 209.480487805	19.1724	 209.0
36.0	 17.8662628625	 15.1475332432	 19.6487004878	 209.273170732	40.5572	 227.0
36.5	 16.7266006427	 -12.0192383343	 19.187222439	 209.065853659	38.762	 195.0
37.0	 -1.9189832142	 -7.56959834056	 18.7257443902	 208.858536585	16.48	 200.0
37.5	 1.06071664447	 -10.8104368371	 18.2642663415	 208.651219512	19.5056	 196.0
38.0	 7.78721762361	 1.32968164683	 17.8027882927	 208.443902439	26.916	 210.0
38.5	 2.17819110434	 4.92482403049	 17.3413102439	 208.236585366	19.8904	 214.0
39.0	 -0.363530793962	 -3.44300012627	 16.8798321951	 208.029268293	16.4544	 204.0
39.5	 -16.0074354464	 -0.702355352635	 16.4183541463	 207.82195122	-2.3148	 207.0
40.0	 2.13412820563	 -3.08869623918	 15.9568760976	 207.614634146	18.4544	 204.0
40.5	 6.14366858391	 -0.348051465549	 15.4953980488	 207.407317073	22.6852	 207.0
Actin association begins: 5.0
Actin association ends: 35.0
Length of actin association: 30.0
Area under actin curve during patch life: 14272.20781
Cofilin association begins: 16.0
Cofilin association ends: 34.5
Length of cofilin association: 18.5
Delay between actin and cofilin association: 11.0
Area under cofilin curve during patch life: 2397.92662366
Cofilin intensity score: 198.72364345