Time	 Int488	 Int561	 Back488	 Back561	 Raw488	 Raw561
0.0	 -25.7335414797	 12.6404326401	 81.73184	 254.4	54.0448	 268.0
0.5	 -23.9994338168	 3.33965976003	 81.4300918182	 254.406818182	55.6088	 258.0
1.0	 7.35752773822	 -23.6205410731	 81.1283436364	 254.413636364	89.0444	 229.0
1.5	 9.40169777825	 -8.75578096478	 80.8265954545	 254.420454545	90.942	 245.0
2.0	 35.778328873	 16.3328584848	 80.5248472727	 254.427272727	119.0192	 272.0
2.5	 22.8082673786	 17.255964946	 80.2230990909	 254.434090909	104.7628	 273.0
3.0	 0.138532720125	 8.88463564242	 79.9213509091	 254.440909091	80.0704	 264.0
3.5	 4.32748675724	 15.3844035625	 79.6196027273	 254.447727273	84.2756	 271.0
4.0	 -9.76274013553	 9.80140498831	 79.3178545455	 254.454545455	68.814	 265.0
4.5	 15.6840756054	 -1.35825504472	 79.0161063636	 254.461363636	95.8908	 253.0
5.0	 8.62415992506	 -16.2356893837	 78.7143581818	 254.468181818	87.9932	 237.0
5.5	 -2.82049877162	 0.487957877651	 78.41261	 254.475	75.378	 255.0
6.0	 2.3930738642	 -7.88337142594	 78.1108618182	 254.481818182	80.6856	 246.0
6.5	 22.5970842789	 1.40472722354	 77.8091136364	 254.488636364	102.1216	 256.0
7.0	 4.21728939196	 12.551713026	 77.5073654545	 254.495454545	82.0448	 268.0
7.5	 -22.4799101722	 16.2631502166	 77.2056172727	 254.502272727	53.0192	 272.0
8.0	 -6.30373644049	 1.38571587766	 76.9038690909	 254.509090909	70.1216	 256.0
8.5	 33.299248525	 -6.98561342594	 76.6021209091	 254.515909091	112.4292	 247.0
9.0	 7.31734873736	 30.1857925179	 76.3003727273	 254.522727273	84.1732	 287.0
9.5	 18.8938920977	 7.87280956712	 75.9986245455	 254.529545455	96.3268	 263.0
10.0	 32.3296943885	 21.808126099	 75.6968763636	 254.536363636	110.4808	 278.0
10.5	 21.385076336	 -3.2931875812	 75.3951281818	 254.543181818	98.4036	 251.0
11.0	 37.9426937114	 -5.15841184945	 75.09338	 254.55	115.9164	 249.0
11.5	 77.0214724998	 -4.23530538827	 74.7916318182	 254.556818182	157.66	 250.0
12.0	 137.691969125	 -0.523868197651	 74.4898836364	 254.563636364	222.6344	 254.0
12.5	 221.955833272	 -16.3307461131	 74.1881354545	 254.570454545	312.9932	 237.0
13.0	 188.75290045	 23.6289905602	 73.8863872727	 254.577272727	276.968	 280.0
13.5	 224.876420443	 14.3282176801	 73.5846390909	 254.584090909	315.532	 270.0
14.0	 230.995642899	 9.67466268243	 73.2828909091	 254.590909091	321.814	 265.0
14.5	 307.419092813	 20.8216484849	 72.9811427273	 254.597727273	403.7372	 277.0
15.0	 375.787241139	 19.8858677931	 72.6793945455	 254.604545455	476.9936	 276.0
15.5	 380.786669974	 44.9745072427	 72.3776463636	 254.611363636	482.0708	 303.0
16.0	 449.631065188	 5.93153991534	 72.0758981818	 254.618181818	555.8396	 261.0
16.5	 454.463565958	 20.7963000237	 71.77415	 254.625	560.7372	 277.0
17.0	 471.998586198	 47.7438266263	 71.4724018182	 254.631818182	579.3016	 306.0
17.5	 479.523870897	 41.2313844756	 71.1706536364	 254.638636364	587.0964	 299.0
18.0	 422.036064532	 63.5316931958	 70.8689054545	 254.645454545	524.9428	 323.0
18.5	 495.146605761	 47.7248152804	 70.5671572727	 254.652272727	603.3016	 306.0
19.0	 541.47021134	 42.1418167062	 70.2654090909	 254.659090909	652.84	 300.0
19.5	 543.824443757	 81.172109803	 69.9636609091	 254.665909091	655.0712	 342.0
20.0	 517.674872348	 35.6230374403	 69.6619127273	 254.672727273	626.6348	 293.0
20.5	 510.901597067	 84.8772098783	 69.3601645455	 254.679545455	619.0456	 346.0
21.0	 580.175395213	 87.6592034925	 69.0584163636	 254.686363636	693.2764	 349.0
21.5	 546.996256146	 123.90116586	 68.7566681818	 254.693181818	657.2768	 388.0
22.0	 537.910525247	 98.7998521796	 68.45492	 254.7	647.1996	 361.0
22.5	 540.717210797	 103.440732947	 68.1531718182	 254.706818182	649.9176	 366.0
23.0	 578.580277387	 76.4805321135	 67.8514236364	 254.713636364	690.3532	 337.0
23.5	 600.0	 113.651938057	 67.5496754545	 254.720454545	713.0972	 377.0
24.0	 543.489224722	 128.516698166	 67.2479272727	 254.727272727	651.9948	 393.0
24.5	 540.647867547	 144.310901851	 66.9461790909	 254.734090909	648.636	 410.0
25.0	 536.686344973	 153.5990005	 66.6444309091	 254.740909091	644.072	 420.0
25.5	 574.239720963	 138.721566161	 66.3426827273	 254.747727273	684.1744	 404.0
26.0	 519.23018295	 136.856341893	 66.0409345455	 254.754545455	624.6872	 402.0
26.5	 597.464560728	 119.190576824	 65.7391863636	 254.761363636	708.5588	 383.0
27.0	 435.449670865	 99.6659246031	 65.4374381818	 254.768181818	533.9432	 362.0
27.5	 384.730072623	 117.319015441	 65.13569	 254.775	479.0716	 381.0
28.0	 422.474170436	 108.947686137	 64.8339418182	 254.781818182	519.3792	 372.0
28.5	 454.427091212	 97.7880261043	 64.5321936364	 254.788636364	553.456	 360.0
29.0	 566.193562565	 141.465537083	 64.2304454545	 254.795454545	673.4052	 407.0
29.5	 417.42993566	 193.508040251	 63.9286972727	 254.802272727	513.0468	 463.0
30.0	 401.813934192	 135.876201394	 63.6269490909	 254.809090909	495.9436	 401.0
30.5	 441.251478201	 262.27419068	 63.3252009091	 254.815909091	538.0732	 537.0
31.0	 341.341264563	 123.780760669	 63.0234527273	 254.822727273	430.2768	 388.0
31.5	 462.687696747	 122.844979977	 62.7217045455	 254.829545455	560.5332	 387.0
32.0	 327.960898512	 160.016385921	 62.4199563636	 254.836363636	415.2772	 427.0
32.5	 148.882168139	 120.043975017	 62.1182081818	 254.843181818	222.3024	 384.0
33.0	 192.107752388	 126.543742937	 61.81646	 254.85	268.5076	 391.0
33.5	 0.159202700318	 28.0163867155	 61.5147118182	 254.856818182	61.686	 285.0
34.0	 -17.7205515425	 -2.66158842355	 61.2129636364	 254.863636364	42.1472	 252.0
34.5	 -3.85571809679	 16.8503895672	 60.9112154545	 254.870454545	56.7628	 273.0
35.0	 -23.1891220932	 -4.53314980709	 60.6094672727	 254.877272727	35.66	 250.0
35.5	 -30.4873471065	 -18.4811405696	 60.3077190909	 254.884090909	27.506	 235.0
36.0	 -29.420208154	 3.81916815062	 60.0059709091	 254.890909091	28.3524	 259.0
36.5	 14.5916853608	 -3.6227175765	 59.7042227273	 254.897727273	75.4036	 251.0
37.0	 -12.7728546912	 -4.55849826827	 59.4024745455	 254.904545455	45.66	 250.0
37.5	 -12.063365627	 1.0118260753	 59.1007263636	 254.911363636	46.1216	 256.0
38.0	 -8.61313334445	 14.0176990307	 58.7989781818	 254.918181818	49.532	 270.0
38.5	 -0.563642468084	 -1.78917888472	 58.49723	 254.925	57.8908	 253.0
39.0	 0.574877751026	 9.35780691772	 58.1954818182	 254.931818182	58.814	 265.0
39.5	 -16.2560923601	 -3.66074026826	 57.8937336364	 254.938636364	40.4036	 251.0
40.0	 -17.738974804	 17.7101248754	 57.5919854545	 254.945454545	38.5064	 274.0
40.5	 -29.3743553226	 27.9276671014	 57.2902372727	 254.952272727	25.686	 285.0
41.0	 -20.3474615812	 40.9335400568	 56.9884890909	 254.959090909	35.0964	 299.0
41.5	 8.50706608845	 5.60834703534	 56.6867409091	 254.965909091	65.8396	 261.0
42.0	 -46.1927813252	 -8.33964372712	 56.3849927273	 254.972727273	6.6856	 246.0
42.5	 9.09177566262	 1.87789849884	 56.0832445455	 254.979545455	65.8652	 257.0
43.0	 19.5961129132	 1.87156138354	 55.7814963636	 254.986363636	76.8652	 257.0
43.5	 4.79095802139	 -0.923106461184	 55.4797481818	 254.993181818	60.6344	 254.0
Actin association begins: 8.5
Actin association ends: 33.5
Length of actin association: 25.0
Area under actin curve during patch life: 18876.1725449
Cofilin association begins: 13.0
Cofilin association ends: 33.5
Length of cofilin association: 20.5
Delay between actin and cofilin association: 4.5
Area under cofilin curve during patch life: 3867.30699076
Cofilin intensity score: 300.267662851