Time	 Int488	 Int561	 Back488	 Back561	 Raw488	 Raw561
0.0	 -68.6036	 149.0	 74.468	 2530.0	5.8644	 2679.0
0.5	 46.1678646154	 31.6351648352	 74.7465353846	 2522.36483516	120.9144	 2554.0
1.0	 57.6061292308	 -72.7296703297	 75.0250707692	 2514.72967033	132.6312	 2442.0
1.5	 -6.49360615385	 -132.094505495	 75.3036061538	 2507.09450549	68.81	 2375.0
2.0	 -31.4621415385	 100.540659341	 75.5821415385	 2499.45934066	44.12	 2600.0
2.5	 10.4645230769	 115.175824176	 75.8606769231	 2491.82417582	86.3252	 2607.0
3.0	 -6.89081230769	 134.810989011	 76.1392123077	 2484.18901099	69.2484	 2619.0
3.5	 -65.3237476923	 88.4461538462	 76.4177476923	 2476.55384615	11.094	 2565.0
4.0	 -64.3682830769	 411.081318681	 76.6962830769	 2468.91868132	12.328	 2880.0
4.5	 -40.8792184615	 259.716483516	 76.9748184615	 2461.28351648	36.0956	 2721.0
5.0	 -33.9289538462	 75.3516483516	 77.2533538462	 2453.64835165	43.3244	 2529.0
5.5	 61.4845107692	 52.9868131868	 77.5318892308	 2446.01318681	139.0164	 2499.0
6.0	 -13.1260246154	 190.621978022	 77.8104246154	 2438.37802198	64.6844	 2629.0
6.5	 -42.66176	 121.257142857	 78.08896	 2430.74285714	35.4272	 2552.0
7.0	 -22.1978953846	 12.8923076923	 78.3674953846	 2423.10769231	56.1696	 2436.0
7.5	 -37.0424307692	 -164.472527473	 78.6460307692	 2415.47252747	41.6036	 2251.0
8.0	 131.629033846	 -31.8373626374	 78.9245661538	 2407.83736264	210.5536	 2376.0
8.5	 30.6348984615	 204.797802198	 79.2031015385	 2400.2021978	109.838	 2605.0
9.0	 -39.2096369231	 27.432967033	 79.4816369231	 2392.56703297	40.272	 2420.0
9.5	 73.2554276923	 36.0681318681	 79.7601723077	 2384.93186813	153.0156	 2421.0
10.0	 -33.0215076923	 199.703296703	 80.0387076923	 2377.2967033	47.0172	 2577.0
10.5	 28.8519569231	 27.3384615385	 80.3172430769	 2369.66153846	109.1692	 2397.0
11.0	 53.1642215385	 137.973626374	 80.5957784615	 2362.02637363	133.76	 2500.0
11.5	 -6.67871384615	 116.608791209	 80.8743138462	 2354.39120879	74.1956	 2471.0
12.0	 22.1711507692	 143.243956044	 81.1528492308	 2346.75604396	103.324	 2490.0
12.5	 128.175015385	 184.879120879	 81.4313846154	 2339.12087912	209.6064	 2524.0
13.0	 131.99888	 176.514285714	 81.70992	 2331.48571429	213.7088	 2508.0
13.5	 202.513144615	 -17.8505494505	 81.9884553846	 2323.85054945	284.5016	 2306.0
14.0	 183.800609231	 174.784615385	 82.2669907692	 2316.21538462	266.0676	 2491.0
14.5	 278.341673846	 93.4197802198	 82.5455261538	 2308.58021978	360.8872	 2402.0
15.0	 219.114738462	 132.054945055	 82.8240615385	 2300.94505495	301.9388	 2433.0
15.5	 262.734603077	 233.69010989	 83.1025969231	 2293.30989011	345.8372	 2527.0
16.0	 299.507267692	 233.325274725	 83.3811323077	 2285.67472527	382.8884	 2519.0
16.5	 259.126332308	 256.96043956	 83.6596676923	 2278.03956044	342.786	 2535.0
17.0	 234.515796923	 394.595604396	 83.9382030769	 2270.4043956	318.454	 2665.0
17.5	 298.672861538	 373.230769231	 84.2167384615	 2262.76923077	382.8896	 2636.0
18.0	 304.470726154	 329.865934066	 84.4952738462	 2255.13406593	388.966	 2585.0
18.5	 299.322190769	 512.501098901	 84.7738092308	 2247.4989011	384.096	 2760.0
19.0	 278.506055385	 604.136263736	 85.0523446154	 2239.86373626	363.5584	 2844.0
19.5	 287.76592	 605.771428571	 85.33088	 2232.22857143	373.0968	 2838.0
20.0	 505.974184615	 576.406593407	 85.6094153846	 2224.59340659	591.5836	 2801.0
20.5	 354.748049231	 693.041758242	 85.8879507692	 2216.95824176	440.636	 2910.0
21.0	 425.163113846	 826.676923077	 86.1664861538	 2209.32307692	511.3296	 3036.0
21.5	 539.089378462	 802.312087912	 86.4450215385	 2201.68791209	625.5344	 3004.0
22.0	 459.731243077	 548.947252747	 86.7235569231	 2194.05274725	546.4548	 2743.0
22.5	 446.455507692	 829.582417582	 87.0020923077	 2186.41758242	533.4576	 3016.0
23.0	 529.432172308	 719.217582418	 87.2806276923	 2178.78241758	616.7128	 2898.0
23.5	 324.898436923	 844.852747253	 87.5591630769	 2171.14725275	412.4576	 3016.0
24.0	 355.773501538	 828.487912088	 87.8376984615	 2163.51208791	443.6112	 2992.0
24.5	 426.878966154	 776.123076923	 88.1162338462	 2155.87692308	514.9952	 2932.0
25.0	 478.755230769	 876.758241758	 88.3947692308	 2148.24175824	567.15	 3025.0
25.5	 592.885495385	 742.393406593	 88.6733046154	 2140.60659341	681.5588	 2883.0
26.0	 538.76176	 843.028571429	 88.95184	 2132.97142857	627.7136	 2976.0
26.5	 431.406424615	 862.663736264	 89.2303753846	 2125.33626374	520.6368	 2988.0
27.0	 593.871489231	 871.298901099	 89.5089107692	 2117.7010989	683.3804	 2989.0
27.5	 607.108153846	 1110.93406593	 89.7874461538	 2110.06593407	696.8956	 3221.0
28.0	 541.958418462	 1176.56923077	 90.0659815385	 2102.43076923	632.0244	 3279.0
28.5	 593.449883077	 1259.2043956	 90.3445169231	 2094.7956044	683.7944	 3354.0
29.0	 261.524547692	 703.83956044	 90.6230523077	 2087.16043956	352.1476	 2791.0
29.5	 562.148412308	 1195.47472527	 90.9015876923	 2079.52527473	653.05	 3275.0
30.0	 521.178276923	 1272.10989011	 91.1801230769	 2071.89010989	612.3584	 3344.0
30.5	 421.128541538	 1087.74505495	 91.4586584615	 2064.25494505	512.5872	 3152.0
31.0	 311.951606154	 1001.38021978	 91.7371938462	 2056.61978022	403.6888	 3058.0
31.5	 254.825870769	 907.015384615	 92.0157292308	 2048.98461538	346.8416	 2956.0
32.0	 237.754135385	 1077.65054945	 92.2942646154	 2041.34945055	330.0484	 3119.0
32.5	 314.4436	 465.285714286	 92.5728	 2033.71428571	407.0164	 2499.0
33.0	 -174.986135385	 730.920879121	 92.8513353846	 2026.07912088	-82.1348	 2757.0
33.5	 1.80532923077	 63.556043956	 93.1298707692	 2018.44395604	94.9352	 2082.0
34.0	 -46.4984061538	 114.191208791	 93.4084061538	 2010.80879121	46.91	 2125.0
34.5	 36.1450584615	 16.8263736264	 93.6869415385	 2003.17362637	129.832	 2020.0
35.0	 -24.6462769231	 26.4615384615	 93.9654769231	 1995.53846154	69.3192	 2022.0
35.5	 -39.0788123077	 19.0967032967	 94.2440123077	 1987.9032967	55.1652	 2007.0
36.0	 -27.1001476923	 103.731868132	 94.5225476923	 1980.26813187	67.4224	 2084.0
36.5	 -92.4822830769	 10.367032967	 94.8010830769	 1972.63296703	2.3188	 1983.0
37.0	 -14.5824184615	 -87.9978021978	 95.0796184615	 1964.9978022	80.4972	 1877.0
37.5	 -81.1405538462	 158.637362637	 95.3581538462	 1957.36263736	14.2176	 2116.0
38.0	 40.4773107692	 65.2725274725	 95.6366892308	 1949.72747253	136.114	 2015.0
38.5	 -2.82682461538	 76.9076923077	 95.9152246154	 1942.09230769	93.0884	 2019.0
39.0	 -6.97856	 -52.4571428571	 96.19376	 1934.45714286	89.2152	 1882.0
39.5	 54.0013046154	 149.178021978	 96.4722953846	 1926.82197802	150.4736	 2076.0
40.0	 -38.6376307692	 17.8131868132	 96.7508307692	 1919.18681319	58.1132	 1937.0
40.5	 -7.17176615385	 104.448351648	 97.0293661538	 1911.55164835	89.8576	 2016.0
41.0	 -29.9875015385	 235.083516484	 97.3079015385	 1903.91648352	67.3204	 2139.0
41.5	 3.55276307692	 75.7186813187	 97.5864369231	 1896.28131868	101.1392	 1972.0
42.0	 -1.39177230769	 148.353846154	 97.8649723077	 1888.64615385	96.4732	 2037.0
42.5	 6.09769230769	 35.989010989	 98.1435076923	 1881.01098901	104.2412	 1917.0
43.0	 -23.8980430769	 116.624175824	 98.4220430769	 1873.37582418	74.524	 1990.0
43.5	 -34.2293784615	 -23.7406593407	 98.7005784615	 1865.74065934	64.4712	 1842.0
44.0	 22.6716861538	 -5.10549450549	 98.9791138462	 1858.10549451	121.6508	 1853.0
44.5	 22.8791507692	 -112.47032967	 99.2576492308	 1850.47032967	122.1368	 1738.0
45.0	 16.7546153846	 -89.8351648352	 99.5361846154	 1842.83516484	116.2908	 1753.0
Actin association begins: 12.0
Actin association ends: 32.5
Length of actin association: 20.5
Cofilin association begins: 14.0
Cofilin association ends: 36.5
Length of cofilin association: 22.5
Delay between actin and cofilin association: 2.0
Maximum normalized actin intensity: 607.108153846
Maximum normalized cofilin intensity: 1272.10989011