Time	 Int488	 Int561	 Back488	 Back561	 Raw488	 Raw561
0.0	 32.89696	 -46.4	 127.63544	 355.4	160.5324	 309.0
0.5	 35.142705	 12.6958333333	 126.518495	 354.304166667	161.6612	 367.0
1.0	 -29.02155	 96.7916666667	 125.40155	 353.208333333	96.38	 450.0
1.5	 -15.213805	 -49.1125	 124.284605	 352.1125	109.0708	 303.0
2.0	 -12.63486	 -3.01666666667	 123.16766	 351.016666667	110.5328	 348.0
2.5	 45.584485	 -17.9208333333	 122.050715	 349.920833333	167.6352	 332.0
3.0	 8.54783	 7.175	 120.93377	 348.825	129.4816	 356.0
3.5	 -18.412025	 20.2708333333	 119.816825	 347.729166667	101.4048	 368.0
4.0	 66.93532	 -14.6333333333	 118.69988	 346.633333333	185.6352	 332.0
4.5	 -6.665335	 20.4625	 117.582935	 345.5375	110.9176	 366.0
5.0	 74.78481	 8.55833333333	 116.46599	 344.441666667	191.2508	 353.0
5.5	 19.440155	 3.65416666667	 115.349045	 343.345833333	134.7892	 347.0
6.0	 94.7391	 249.75	 114.2321	 342.25	208.9712	 592.0
6.5	 80.522845	 263.845833333	 113.115155	 341.154166667	193.638	 605.0
7.0	 120.92219	 298.941666667	 111.99821	 340.058333333	232.9204	 639.0
7.5	 139.475135	 310.0375	 110.881265	 338.9625	250.3564	 649.0
8.0	 167.20488	 59.1333333333	 109.76432	 337.866666667	276.9692	 397.0
8.5	 225.091025	 57.2291666667	 108.647375	 336.770833333	333.7384	 394.0
9.0	 266.54117	 45.325	 107.53043	 335.675	374.0716	 381.0
9.5	 296.863315	 53.4208333333	 106.413485	 334.579166667	403.2768	 388.0
10.0	 390.05706	 42.5166666667	 105.29654	 333.483333333	495.3536	 376.0
10.5	 294.353605	 54.6125	 104.179595	 332.3875	398.5332	 387.0
11.0	 331.72695	 54.7083333333	 103.06265	 331.291666667	434.7896	 386.0
11.5	 472.818695	 98.8041666667	 101.945705	 330.195833333	574.7644	 429.0
12.0	 378.78164	 84.9	 100.82876	 329.1	479.6104	 414.0
12.5	 440.770985	 144.995833333	 99.711815	 328.004166667	540.4828	 473.0
13.0	 494.73393	 131.091666667	 98.59487	 326.908333333	593.3288	 458.0
13.5	 519.749275	 226.1875	 97.477925	 325.8125	617.2272	 552.0
14.0	 460.76302	 165.283333333	 96.36098	 324.716666667	557.124	 490.0
14.5	 479.623565	 167.379166667	 95.244035	 323.620833333	574.8676	 491.0
15.0	 603.33051	 193.475	 94.12709	 322.525	697.4576	 516.0
15.5	 603.113455	 129.570833333	 93.010145	 321.429166667	696.1236	 451.0
16.0	 674.9736	 92.6666666667	 91.8932	 320.333333333	766.8668	 413.0
16.5	 871.116145	 89.7625	 90.776255	 319.2375	961.8924	 409.0
17.0	 878.82349	 154.858333333	 89.65931	 318.141666667	968.4828	 473.0
17.5	 792.300435	 255.954166667	 88.542365	 317.045833333	880.8428	 573.0
18.0	 1009.74978	 166.05	 87.42542	 315.95	1097.1752	 482.0
18.5	 1025.610725	 207.145833333	 86.308475	 314.854166667	1111.9192	 522.0
19.0	 821.57327	 154.241666667	 85.19153	 313.758333333	906.7648	 468.0
19.5	 926.024215	 220.3375	 84.074585	 312.6625	1010.0988	 533.0
20.0	 872.60276	 227.433333333	 82.95764	 311.566666667	955.5604	 539.0
20.5	 1009.129305	 164.529166667	 81.840695	 310.470833333	1090.97	 475.0
21.0	 988.86185	 186.625	 80.72375	 309.375	1069.5856	 496.0
21.5	 903.977995	 109.720833333	 79.606805	 308.279166667	983.5848	 418.0
22.0	 985.83814	 72.8166666667	 78.48986	 307.183333333	1064.328	 380.0
22.5	 861.007485	 182.9125	 77.372915	 306.0875	938.3804	 489.0
23.0	 908.74043	 244.008333333	 76.25597	 304.991666667	984.9964	 549.0
23.5	 984.369375	 165.104166667	 75.139025	 303.895833333	1059.5084	 469.0
24.0	 968.46072	 170.2	 74.02208	 302.8	1042.4828	 473.0
24.5	 854.116065	 165.295833333	 72.905135	 301.704166667	927.0212	 467.0
25.0	 756.25861	 162.391666667	 71.78819	 300.608333333	828.0468	 463.0
25.5	 889.323555	 93.4875	 70.671245	 299.5125	959.9948	 393.0
26.0	 704.3637	 106.583333333	 69.5543	 298.416666667	773.918	 405.0
26.5	 618.608645	 87.6791666667	 68.437355	 297.320833333	687.046	 385.0
27.0	 731.39279	 140.775	 67.32041	 296.225	798.7132	 437.0
27.5	 492.406935	 118.870833333	 66.203465	 295.129166667	558.6104	 414.0
28.0	 596.44788	 209.966666667	 65.08652	 294.033333333	661.5344	 504.0
28.5	 575.768425	 62.0625	 63.969575	 292.9375	639.738	 355.0
29.0	 423.24457	 85.1583333333	 62.85263	 291.841666667	486.0972	 377.0
29.5	 452.849915	 205.254166667	 61.735685	 290.745833333	514.5856	 496.0
30.0	 655.58246	 227.35	 60.61874	 289.65	716.2012	 517.0
30.5	 558.366205	 241.445833333	 59.501795	 288.554166667	617.868	 530.0
31.0	 494.19995	 130.541666667	 58.38485	 287.458333333	552.5848	 418.0
31.5	 312.393695	 119.6375	 57.267905	 286.3625	369.6616	 406.0
32.0	 373.92104	 134.733333333	 56.15096	 285.266666667	430.072	 420.0
32.5	 447.191985	 150.829166667	 55.034015	 284.170833333	502.226	 435.0
33.0	 360.12973	 179.925	 53.91707	 283.075	414.0468	 463.0
33.5	 474.451875	 188.020833333	 52.800125	 281.979166667	527.252	 470.0
34.0	 523.74802	 161.116666667	 51.68318	 280.883333333	575.4312	 442.0
34.5	 333.222965	 67.2125	 50.566235	 279.7875	383.7892	 347.0
35.0	 322.31591	 228.308333333	 49.44929	 278.691666667	371.7652	 507.0
35.5	 309.868055	 161.404166667	 48.332345	 277.595833333	358.2004	 439.0
36.0	 194.6002	 144.5	 47.2154	 276.5	241.8156	 421.0
36.5	 226.179545	 229.595833333	 46.098455	 275.404166667	272.278	 505.0
37.0	 287.01369	 157.691666667	 44.98151	 274.308333333	331.9952	 432.0
37.5	 168.668235	 74.7875	 43.864565	 273.2125	212.5328	 348.0
38.0	 17.06678	 31.8833333333	 42.74762	 272.116666667	59.8144	 304.0
38.5	 59.901325	 -1.02083333333	 41.630675	 271.020833333	101.532	 270.0
39.0	 0.76187	 1.075	 40.51373	 269.925	41.2756	 271.0
39.5	 5.904415	 -1.82916666667	 39.396785	 268.829166667	45.3012	 267.0
40.0	 -24.59424	 -21.7333333333	 38.27984	 267.733333333	13.6856	 246.0
40.5	 28.420305	 -4.6375	 37.162895	 266.6375	65.5832	 262.0
41.0	 21.94725	 -28.5416666667	 36.04595	 265.541666667	57.9932	 237.0
41.5	 39.731395	 24.5541666667	 34.929005	 264.445833333	74.6604	 289.0
42.0	 -17.20326	 -5.35	 33.81206	 263.35	16.6088	 258.0
42.5	 17.837285	 46.7458333333	 32.695115	 262.254166667	50.5324	 309.0
43.0	 -23.68697	 30.8416666667	 31.57817	 261.158333333	7.8912	 292.0
43.5	 -16.852425	 -2.0625	 30.461225	 260.0625	13.6088	 258.0
44.0	 10.59812	 25.0333333333	 29.34428	 258.966666667	39.9424	 284.0
44.5	 18.739865	 -55.8708333333	 28.227335	 257.870833333	46.9672	 202.0
45.0	 -22.86079	 -20.775	 27.11039	 256.775	4.2496	 236.0
45.5	 -9.615445	 -0.679166666667	 25.993445	 255.679166667	16.378	 255.0
46.0	 -28.4729	 -3.58333333333	 24.8765	 254.583333333	-3.5964	 251.0
46.5	 -8.637955	 2.5125	 23.759555	 253.4875	15.1216	 256.0
47.0	 -14.11061	 17.6083333333	 22.64261	 252.391666667	8.532	 270.0
47.5	 44.082735	 -32.2958333333	 21.525665	 251.295833333	65.6084	 219.0
Actin association begins: 5.0
Actin association ends: 39.5
Length of actin association: 34.5
Cofilin association begins: 4.5
Cofilin association ends: 38.0
Length of cofilin association: 33.5
Delay between actin and cofilin association: -0.5
Maximum normalized actin intensity: 1025.610725
Maximum normalized cofilin intensity: 310.0375