Time	 Int488	 Int561	 Back488	 Back561	 Raw488	 Raw561
0.0	 33.18488	 25.8	 51.91112	 234.2	85.096	 260.0
0.5	 -24.5655968	 -9.02133333333	 51.6355968	 234.021333333	27.07	 225.0
1.0	 -6.0080736	 -13.8426666667	 51.3600736	 233.842666667	45.352	 220.0
1.5	 5.4726496	 -6.664	 51.0845504	 233.664	56.5572	 227.0
2.0	 -5.3286272	 5.51466666667	 50.8090272	 233.485333333	45.4804	 239.0
2.5	 35.126496	 16.6933333333	 50.533504	 233.306666667	85.66	 250.0
3.0	 27.2736192	 -2.128	 50.2579808	 233.128	77.5316	 231.0
3.5	 -10.7840576	 11.0506666667	 49.9824576	 232.949333333	39.1984	 244.0
4.0	 55.1834656	 -18.7706666667	 49.7069344	 232.770666667	104.8904	 214.0
4.5	 21.0741888	 -36.592	 49.4314112	 232.592	70.5056	 196.0
5.0	 -16.521888	 -17.4133333333	 49.155888	 232.413333333	32.634	 215.0
5.5	 -1.2719648	 -13.2346666667	 48.8803648	 232.234666667	47.6084	 219.0
6.0	 -7.4836416	 -15.056	 48.6048416	 232.056	41.1212	 217.0
6.5	 23.8430816	 -22.8773333333	 48.3293184	 231.877333333	72.1724	 209.0
7.0	 38.7086048	 2.30133333333	 48.0537952	 231.698666667	86.7624	 234.0
7.5	 29.650528	 -23.52	 47.778272	 231.52	77.4288	 208.0
8.0	 61.7980512	 -3.34133333333	 47.5027488	 231.341333333	109.3008	 228.0
8.5	 16.6119744	 -9.16266666667	 47.2272256	 231.162666667	63.8392	 222.0
9.0	 36.9642976	 -20.984	 46.9517024	 230.984	83.916	 210.0
9.5	 60.9066208	 -7.80533333333	 46.6761792	 230.805333333	107.5828	 223.0
10.0	 45.771744	 -21.6266666667	 46.400656	 230.626666667	92.1724	 209.0
10.5	 38.6884672	 -4.448	 46.1251328	 230.448	84.8136	 226.0
11.0	 70.8099904	 -19.2693333333	 45.8496096	 230.269333333	116.6596	 211.0
11.5	 67.4959136	 -5.09066666667	 45.5740864	 230.090666667	113.07	 225.0
12.0	 58.1302368	 -21.912	 45.2985632	 229.912	103.4288	 208.0
12.5	 34.20096	 10.2666666667	 45.02304	 229.733333333	79.224	 240.0
13.0	 29.9892832	 8.44533333333	 44.7475168	 229.554666667	74.7368	 238.0
13.5	 68.3928064	 -11.376	 44.4719936	 229.376	112.8648	 218.0
14.0	 39.6427296	 -7.19733333333	 44.1964704	 229.197333333	83.8392	 222.0
14.5	 67.2514528	 -20.0186666667	 43.9209472	 229.018666667	111.1724	 209.0
15.0	 102.655376	 -0.84	 43.645424	 228.84	146.3008	 228.0
15.5	 94.5208992	 24.3386666667	 43.3699008	 228.661333333	137.8908	 253.0
16.0	 57.3860224	 10.5173333333	 43.0943776	 228.482666667	100.4804	 239.0
16.5	 78.9179456	 9.696	 42.8188544	 228.304	121.7368	 238.0
17.0	 53.1166688	 21.8746666667	 42.5433312	 228.125333333	95.66	 250.0
17.5	 117.366192	 -12.9466666667	 42.267808	 227.946666667	159.634	 215.0
18.0	 87.7445152	 10.232	 41.9922848	 227.768	129.7368	 238.0
18.5	 119.7636384	 11.4106666667	 41.7167616	 227.589333333	161.4804	 239.0
19.0	 68.6543616	 -6.41066666667	 41.4412384	 227.410666667	110.0956	 221.0
19.5	 76.3658848	 3.768	 41.1657152	 227.232	117.5316	 231.0
20.0	 75.000208	 -13.0533333333	 40.890192	 227.053333333	115.8904	 214.0
20.5	 145.7885312	 -14.8746666667	 40.6146688	 226.874666667	186.4032	 212.0
21.0	 107.0900544	 20.304	 40.3391456	 226.696	147.4292	 247.0
21.5	 193.3655776	 20.4826666667	 40.0636224	 226.517333333	233.4292	 247.0
22.0	 190.2563008	 2.66133333333	 39.7880992	 226.338666667	230.0444	 229.0
22.5	 237.737024	 9.84	 39.512576	 226.16	277.2496	 236.0
23.0	 336.7561472	 11.0186666667	 39.2370528	 225.981333333	375.9932	 237.0
23.5	 307.9036704	 31.1973333333	 38.9615296	 225.802666667	346.8652	 257.0
24.0	 389.3839936	 -0.624	 38.6860064	 225.624	428.07	 225.0
24.5	 459.4543168	 -7.44533333333	 38.4104832	 225.445333333	497.8648	 218.0
25.0	 452.88384	 7.73333333333	 38.13496	 225.266666667	491.0188	 233.0
25.5	 442.2621632	 30.912	 37.8594368	 225.088	480.1216	 256.0
26.0	 528.5376864	 31.0906666667	 37.5839136	 224.909333333	566.1216	 256.0
26.5	 563.5312096	 36.2693333333	 37.3083904	 224.730666667	600.8396	 261.0
27.0	 614.2683328	 42.448	 37.0328672	 224.552	651.3012	 267.0
27.5	 535.415456	 23.6266666667	 36.757344	 224.373333333	572.1728	 248.0
28.0	 652.0245792	 49.8053333333	 36.4818208	 224.194666667	688.5064	 274.0
28.5	 634.2749024	 92.984	 36.2062976	 224.016	670.4812	 317.0
29.0	 682.1140256	 44.1626666667	 35.9307744	 223.837333333	718.0448	 268.0
29.5	 585.0563488	 57.3413333333	 35.6552512	 223.658666667	620.7116	 281.0
30.0	 692.280672	 65.52	 35.379728	 223.48	727.6604	 289.0
30.5	 751.2997952	 66.6986666667	 35.1042048	 223.301333333	786.404	 290.0
31.0	 645.8321184	 104.877333333	 34.8286816	 223.122666667	680.6608	 328.0
31.5	 682.3380416	 69.056	 34.5531584	 222.944	716.8912	 292.0
32.0	 594.5115648	 124.234666667	 34.2776352	 222.765333333	628.7892	 347.0
32.5	 753.530688	 125.413333333	 34.002112	 222.586666667	787.5328	 348.0
33.0	 699.1394112	 112.592	 33.7265888	 222.408	732.866	 335.0
33.5	 644.6457344	 115.770666667	 33.4510656	 222.229333333	678.0968	 338.0
34.0	 607.2544576	 102.949333333	 33.1755424	 222.050666667	640.43	 325.0
34.5	 550.1967808	 116.128	 32.9000192	 221.872	583.0968	 338.0
35.0	 596.061904	 102.306666667	 32.624496	 221.693333333	628.6864	 324.0
35.5	 564.6194272	 97.4853333333	 32.3489728	 221.514666667	596.9684	 319.0
36.0	 521.8437504	 105.664	 32.0734496	 221.336	553.9172	 327.0
36.5	 577.1960736	 93.8426666667	 31.7979264	 221.157333333	608.994	 315.0
37.0	 625.2407968	 91.0213333333	 31.5224032	 220.978666667	656.7632	 312.0
37.5	 634.15792	 147.2	 31.24688	 220.8	665.4048	 368.0
38.0	 602.3818432	 116.378666667	 30.9713568	 220.621333333	633.3532	 337.0
38.5	 578.5805664	 128.557333333	 30.6958336	 220.442666667	609.2764	 349.0
39.0	 424.1896896	 154.736	 30.4203104	 220.264	454.61	 375.0
39.5	 504.3112128	 139.914666667	 30.1447872	 220.085333333	534.456	 360.0
40.0	 519.278736	 110.093333333	 29.869264	 219.906666667	549.148	 330.0
40.5	 508.7854592	 152.272	 29.5937408	 219.728	538.3792	 372.0
41.0	 625.8561824	 184.450666667	 29.3182176	 219.549333333	655.1744	 404.0
41.5	 560.9513056	 95.6293333333	 29.0426944	 219.370666667	589.994	 315.0
42.0	 548.5344288	 86.808	 28.7671712	 219.192	577.3016	 306.0
42.5	 525.835952	 121.986666667	 28.491648	 219.013333333	554.3276	 341.0
43.0	 533.2394752	 102.165333333	 28.2161248	 218.834666667	561.4556	 321.0
43.5	 481.8741984	 124.344	 27.9406016	 218.656	509.8148	 343.0
44.0	 438.5341216	 103.522666667	 27.6650784	 218.477333333	466.1992	 322.0
44.5	 527.5528448	 65.7013333333	 27.3895552	 218.298666667	554.9424	 284.0
45.0	 378.418368	 90.88	 27.114032	 218.12	405.5324	 309.0
45.5	 353.9758912	 86.0586666667	 26.8385088	 217.941333333	380.8144	 304.0
46.0	 359.4306144	 58.2373333333	 26.5629856	 217.762666667	385.9936	 276.0
46.5	 346.3985376	 67.416	 26.2874624	 217.584	372.686	 285.0
47.0	 275.0072608	 54.5946666667	 26.0119392	 217.405333333	301.0192	 272.0
47.5	 296.693184	 68.7733333333	 25.736416	 217.226666667	322.4296	 286.0
48.0	 229.3019072	 55.952	 25.4608928	 217.048	254.7628	 273.0
48.5	 200.9366304	 78.1306666667	 25.1853696	 216.869333333	226.122	 295.0
49.0	 212.3657536	 54.3093333333	 24.9098464	 216.690666667	237.2756	 271.0
49.5	 209.5128768	 35.488	 24.6343232	 216.512	234.1472	 252.0
50.0	 213.866	 101.666666667	 24.3588	 216.333333333	238.2248	 318.0
50.5	 177.9103232	 59.8453333333	 24.0832768	 216.154666667	201.9936	 276.0
51.0	 150.4934464	 51.024	 23.8077536	 215.976	174.3012	 267.0
51.5	 124.9997696	 54.2026666667	 23.5322304	 215.797333333	148.532	 270.0
52.0	 110.3268928	 85.3813333333	 23.2567072	 215.618666667	133.5836	 301.0
52.5	 163.269216	 98.56	 22.981184	 215.44	186.2504	 314.0
53.0	 162.9035392	 81.7386666667	 22.7056608	 215.261333333	185.6092	 297.0
53.5	 144.9738624	 74.9173333333	 22.4301376	 215.082666667	167.404	 290.0
54.0	 118.9925856	 37.096	 22.1546144	 214.904	141.1472	 252.0
54.5	 14.1653088	 14.2746666667	 21.8790912	 214.725333333	36.0444	 229.0
55.0	 16.107632	 27.4533333333	 21.603568	 214.546666667	37.7112	 242.0
55.5	 -1.4632448	 3.632	 21.3280448	 214.368	19.8648	 218.0
56.0	 13.5302784	 8.81066666667	 21.0525216	 214.189333333	34.5828	 223.0
56.5	 1.1646016	 -8.01066666667	 20.7769984	 214.010666667	21.9416	 206.0
57.0	 -8.2262752	 18.168	 20.5014752	 213.832	12.2752	 232.0
57.5	 -12.130352	 7.34666666667	 20.225952	 213.653333333	8.0956	 221.0
58.0	 -13.5984288	 6.52533333333	 19.9504288	 213.474666667	6.352	 220.0
58.5	 12.8822944	 13.704	 19.6749056	 213.296	32.5572	 227.0
59.0	 11.5166176	 -3.11733333333	 19.3993824	 213.117333333	30.916	 210.0
59.5	 -4.8230592	 15.0613333333	 19.1238592	 212.938666667	14.3008	 228.0
60.0	 15.324464	 35.24	 18.848336	 212.76	34.1728	 248.0
60.5	 20.5487872	 43.4186666667	 18.5728128	 212.581333333	39.1216	 256.0
61.0	 -15.6628896	 41.5973333333	 18.2972896	 212.402666667	2.6344	 254.0
61.5	 -5.3361664	 33.776	 18.0217664	 212.224	12.6856	 246.0
62.0	 -7.7274432	 20.9546666667	 17.7462432	 212.045333333	10.0188	 233.0
62.5	 -5.65712	 14.1333333333	 17.47072	 211.866666667	11.8136	 226.0
63.0	 22.4132032	 7.312	 17.1951968	 211.688	39.6084	 219.0
63.5	 10.9707264	 2.49066666667	 16.9196736	 211.509333333	27.8904	 214.0
64.0	 21.7078496	 8.66933333333	 16.6441504	 211.330666667	38.352	 220.0
64.5	 11.8809728	 24.848	 16.3686272	 211.152	28.2496	 236.0
65.0	 -0.484704	 8.02666666667	 16.093104	 210.973333333	15.6084	 219.0
65.5	 -18.4143808	 1.20533333333	 15.8175808	 210.794666667	-2.5968	 212.0
66.0	 -29.1132576	 -2.616	 15.5420576	 210.616	-13.5712	 208.0
66.5	 -20.7349344	 20.5626666667	 15.2665344	 210.437333333	-5.4684	 231.0
67.0	 -1.2802112	 -7.25866666667	 14.9910112	 210.258666667	13.7108	 203.0
67.5	 3.533712	 -13.08	 14.715488	 210.08	18.2492	 197.0
68.0	 2.2964352	 -10.9013333333	 14.4399648	 209.901333333	16.7364	 199.0
68.5	 16.2387584	 2.27733333333	 14.1644416	 209.722666667	30.4032	 212.0
69.0	 4.8474816	 -10.544	 13.8889184	 209.544	18.7364	 199.0
69.5	 -23.1845952	 -1.36533333333	 13.6133952	 209.365333333	-9.5712	 208.0
70.0	 1.398528	 -10.1866666667	 13.337872	 209.186666667	14.7364	 199.0
70.5	 2.0588512	 7.992	 13.0623488	 209.008	15.1212	 217.0
71.0	 17.8983744	 -1.82933333333	 12.7868256	 208.829333333	30.6852	 207.0
71.5	 -15.5697024	 -2.65066666667	 12.5113024	 208.650666667	-3.0584	 206.0
72.0	 -2.6273792	 10.528	 12.2357792	 208.472	9.6084	 219.0
72.5	 -1.044256	 1.70666666667	 11.960256	 208.293333333	10.916	 210.0
73.0	 -25.5379328	 4.88533333333	 11.6847328	 208.114666667	-13.8532	 213.0
73.5	 -6.3908096	 -13.936	 11.4092096	 207.936	5.0184	 194.0
74.0	 26.2951136	 0.242666666667	 11.1336864	 207.757333333	37.4288	 208.0
74.5	 2.5450368	 4.42133333333	 10.8581632	 207.578666667	13.4032	 212.0
Actin association begins: 6.5
Actin association ends: 55.0
Length of actin association: 48.5
Cofilin association begins: 25.0
Cofilin association ends: 56.0
Length of cofilin association: 31.0
Delay between actin and cofilin association: 18.5
Maximum normalized actin intensity: 753.530688
Maximum normalized cofilin intensity: 184.450666667