Time	 Int488	 Int561	 Back488	 Back561	 Raw488	 Raw561
0.0	 -51.4512220946	 71.9865993302	 57.18008	 457.8	9.15	 525.0
0.5	 12.7506470773	 -13.7192694913	 57.0155807035	 456.807035176	68.9184	 444.0
1.0	 16.7451527261	 18.4100689242	 56.851081407	 455.814070352	72.4828	 473.0
1.5	 23.4305860165	 -35.1589251963	 56.6865821106	 454.821105528	78.5592	 422.0
2.0	 0.287000701149	 -30.881544855	 56.5220828141	 453.828140704	56.79	 425.0
2.5	 -23.1033958119	 11.9600851274	 56.3575835176	 452.835175879	34.7904	 464.0
3.0	 25.4983773968	 62.3003192068	 56.1930842211	 451.842211055	79.996	 510.0
3.5	 -18.1086842532	 41.939428944	 56.0285849246	 450.849246231	39.124	 490.0
4.0	 -17.3012995914	 -13.77202349	 55.8640856281	 449.856281407	39.7132	 437.0
4.5	 -1.30345699595	 25.8559190224	 55.6995863317	 448.863316583	54.4828	 473.0
5.0	 -47.8495429602	 4.42379960289	 55.5350870352	 447.870351759	10.8672	 452.0
5.5	 -5.70342514143	 -24.5069239135	 55.3705877387	 446.877386935	50.0464	 424.0
6.0	 8.20637758177	 -35.226751766	 55.2060884422	 445.884422111	62.8668	 413.0
6.5	 -12.1083057766	 -54.5164128722	 55.0415891457	 444.891457286	43.7384	 394.0
7.0	 -3.41710301317	 -44.8828867474	 54.8770898492	 443.898492462	51.6872	 402.0
7.5	 -16.5074169388	 -21.3233815855	 54.7125905528	 442.905527638	39.3028	 423.0
8.0	 -37.4254165582	 53.6551230979	 54.5480912563	 441.912562814	19.6112	 492.0
8.5	 -23.6257361923	 18.2970246413	 54.3835919598	 440.91959799	32.3288	 458.0
9.0	 -29.8224762487	 -30.9870528524	 54.2190926633	 439.926633166	26.3796	 411.0
9.5	 -39.891066969	 22.5668686971	 54.0545933668	 438.933668342	16.816	 460.0
10.0	 20.8228800687	 -20.2898338564	 53.8900940704	 437.940703518	73.3284	 419.0
10.5	 5.53568938854	 53.6174416703	 53.7255947739	 436.947738693	58.8932	 487.0
11.0	 -37.9342549294	 11.8319682735	 53.5610954774	 435.954773869	18.1492	 447.0
11.5	 -5.07226596585	 -31.02473428	 53.3965961809	 434.961809045	48.6616	 406.0
12.0	 -17.9427636685	 0.0333749787514	 53.2320968844	 433.968844221	36.4824	 434.0
12.5	 22.8848853043	 -32.1110360078	 53.0675975879	 432.975879397	74.4308	 403.0
13.0	 31.6857819333	 -39.6171763902	 52.9030982915	 431.982914573	82.482	 395.0
13.5	 -6.26261881928	 -23.5562753252	 52.738598995	 430.989949749	46.8924	 409.0
14.0	 31.0496845528	 -8.56660341694	 52.5740996985	 429.996984925	81.5592	 422.0
14.5	 -10.0301332707	 -5.36045223237	 52.409600402	 429.004020101	43.0464	 424.0
15.0	 10.3070443927	 -16.0802800849	 52.2451011055	 428.011055276	61.8668	 413.0
15.5	 78.4921720609	 -54.6520660116	 52.080601809	 427.018090452	125.3536	 376.0
16.0	 53.7558832354	 -10.7392068724	 51.9161025126	 426.025125628	102.0976	 416.0
16.5	 64.974758317	 64.239297811	 51.7516032161	 425.032160804	112.406	 485.0
17.0	 84.8444515764	 1.02924128021	 51.5871039196	 424.03919598	130.79	 425.0
17.5	 75.1872128522	 -9.69058657231	 51.4226046231	 423.046231156	121.6104	 414.0
18.0	 93.3823606938	 21.3675226864	 51.2581053266	 422.053266332	138.4312	 442.0
18.5	 160.276442982	 -24.7028673372	 51.0936060302	 421.060301508	200.7128	 398.0
19.0	 103.018493943	 -4.35704964539	 50.9291067337	 420.067336683	147.0976	 416.0
19.5	 126.047884723	 24.5586013	 50.7646074372	 419.074371859	168.4312	 442.0
20.0	 179.428196954	 -2.22966390304	 50.6001081407	 418.081407035	218.0976	 416.0
20.5	 115.028577372	 4.19017475163	 50.4356088442	 417.088442211	157.8156	 421.0
21.0	 110.590367099	 14.8949300331	 50.2711095477	 416.095477387	153.508	 430.0
21.5	 135.761787701	 2.03264386718	 50.1066102513	 415.102512563	176.8412	 417.0
22.0	 181.011899124	 -9.75841314203	 49.9421109548	 414.109547739	218.918	 405.0
22.5	 217.912422009	 27.7270710569	 49.7776116583	 413.116582915	253.2004	 439.0
23.0	 158.868948211	 34.1469097116	 49.6131123618	 412.12361809	197.9184	 444.0
23.5	 245.512211232	 -1.21118874501	 49.4486130653	 411.130653266	278.636	 410.0
24.0	 241.925842385	 43.7728995508	 49.2841137688	 410.137688442	275.1236	 451.0
24.5	 315.028340374	 73.7597796529	 49.1196144724	 409.144723618	343.2008	 478.0
25.0	 261.011073779	 48.0427436066	 48.9551151759	 408.151758794	292.6108	 453.0
25.5	 308.101128402	 -0.170104730411	 48.7906158794	 407.15879397	336.4052	 407.0
26.0	 245.56973247	 49.0989001922	 48.6261165829	 406.165829146	277.8672	 452.0
26.5	 241.02139984	 35.1653848696	 48.4616172864	 405.172864322	273.4568	 438.0
27.0	 246.85627718	 72.6508690686	 48.2971179899	 404.179899497	278.7392	 472.0
27.5	 293.232464692	 52.2899788058	 48.1326186935	 403.186934673	321.8672	 452.0
28.0	 323.567638321	 27.6441719162	 47.968119397	 402.193969849	350.0208	 428.0
28.5	 243.841300457	 43.7050729811	 47.8036201005	 401.201005025	275.4312	 442.0
29.0	 279.259242189	 145.464306582	 47.639120804	 400.208040201	308.3296	 536.0
29.5	 260.071063412	 159.382749334	 47.4746215075	 399.215075377	290.2528	 548.0
30.0	 343.884995984	 105.813755213	 47.3101222111	 398.222110553	368.3292	 497.0
30.5	 338.046474958	 167.937510016	 47.1456229146	 397.229145729	362.7144	 554.0
31.0	 285.870437038	 231.132493976	 46.9811236181	 396.236180905	313.8432	 612.0
31.5	 334.471353263	 197.916853833	 46.8166243216	 395.24321608	359.048	 580.0
32.0	 398.701502885	 191.481942607	 46.6521250251	 394.250251256	418.8428	 573.0
32.5	 445.105542356	 208.614072829	 46.4876257286	 393.257286432	461.9968	 588.0
33.0	 404.519775419	 176.469661842	 46.3231264322	 392.264321608	423.9452	 557.0
33.5	 369.042914577	 141.111563386	 46.1586271357	 391.271356784	390.6628	 523.0
34.0	 410.750256933	 180.739505898	 45.9941278392	 390.27839196	429.4324	 559.0
34.5	 430.648659134	 238.578344074	 45.8296285427	 389.285427136	447.8432	 612.0
35.0	 459.142604088	 125.020517178	 45.6651292462	 388.292462312	474.278	 505.0
35.5	 399.303421273	 213.925000899	 45.5006299497	 387.299497487	418.2532	 587.0
36.0	 414.751509065	 213.917464613	 45.3361306533	 386.306532663	432.5096	 586.0
36.5	 526.472246645	 151.778637239	 45.1716313568	 385.313567839	536.6372	 527.0
37.0	 381.264241382	 231.04205855	 45.0071320603	 384.320603015	400.92	 600.0
37.5	 409.374686298	 219.25100154	 44.8426327638	 383.327638191	426.9968	 588.0
38.0	 462.206100709	 236.383131762	 44.6781334673	 382.334673367	476.1508	 603.0
38.5	 540.307810926	 280.295990901	 44.5136341709	 381.341708543	548.8948	 643.0
39.0	 495.876331317	 221.370850997	 44.3491348744	 380.348743719	507.2532	 587.0
39.5	 505.116860392	 228.861918809	 44.1846355779	 379.355778894	515.7148	 593.0
40.0	 472.964666361	 301.697965179	 44.0201362814	 378.36281407	485.536	 660.0
40.5	 460.203862524	 315.61640793	 43.8556369849	 377.369849246	473.4592	 672.0
41.0	 435.466716715	 275.973392847	 43.6911376884	 376.376884422	450.2024	 634.0
41.5	 425.040763948	 301.675356322	 43.526638392	 375.383919598	440.3052	 657.0
42.0	 517.232565509	 278.100778589	 43.3621390955	 374.390954774	526.2024	 634.0
42.5	 425.996941586	 251.312513386	 43.197639799	 373.39798995	440.8688	 608.0
43.0	 450.618607384	 198.814748422	 43.0331405025	 372.405025126	463.6888	 558.0
43.5	 496.99565188	 262.009732382	 42.868641206	 371.412060302	506.8176	 616.0
44.0	 441.495375641	 258.788508626	 42.7041419095	 370.419095477	454.8432	 612.0
44.5	 418.104550636	 259.852201498	 42.5396426131	 369.426130653	432.8432	 612.0
45.0	 503.045416282	 281.269248346	 42.3751433166	 368.433165829	511.9716	 631.0
45.5	 523.382593945	 270.549420494	 42.2106440201	 367.440201005	530.792	 620.0
46.0	 415.85914494	 278.040488305	 42.0461447236	 366.447236181	430.2536	 626.0
46.5	 387.936163619	 275.890493706	 41.8816454271	 365.454271357	404.0228	 623.0
47.0	 552.010869529	 318.732123688	 41.7171461307	 364.461306533	557.0232	 662.0
47.5	 473.35533233	 293.015087642	 41.5526468342	 363.468341709	483.4332	 637.0
48.0	 435.599324334	 320.859509431	 41.3881475377	 362.475376884	448.0232	 662.0
48.5	 488.704973409	 295.142473385	 41.2236482412	 361.48241206	497.4332	 637.0
49.0	 525.440098511	 274.781583122	 41.0591489447	 360.489447236	531.5612	 617.0
49.5	 455.107583368	 287.628796717	 40.8946496482	 359.496482412	465.7408	 628.0
50.0	 559.137752586	 255.48438573	 40.7301503518	 358.503517588	562.6892	 597.0
50.5	 512.564671647	 280.115120049	 40.5656510553	 357.510552764	519.0484	 619.0
51.0	 479.999411653	 250.113167376	 40.4011517588	 356.51758794	488.484	 590.0
51.5	 542.252072251	 259.7466935	 40.2366524623	 355.524623116	546.4328	 598.0
52.0	 600.0	 261.881615528	 40.0721531658	 354.531658291	600.1764	 599.0
52.5	 534.310192022	 344.358724309	 39.9076538693	 353.538693467	538.69	 675.0
53.0	 486.82913725	 217.946147532	 39.7431545729	 352.545728643	494.2016	 556.0
53.5	 516.314611912	 367.910693185	 39.5786552764	 351.552763819	521.562	 695.0
54.0	 438.371656348	 189.007887731	 39.4141559799	 350.559798995	448.6372	 527.0
54.5	 467.196825357	 232.92074687	 39.2496566834	 349.566834171	475.3812	 567.0
55.0	 490.418608894	 273.619918539	 39.0851573869	 348.573869347	496.8944	 604.0
55.5	 502.377917568	 232.905674299	 38.9206580905	 347.580904523	507.894	 565.0
56.0	 467.643632777	 290.744512475	 38.756158794	 346.587939698	475.3048	 618.0
56.5	 534.236056935	 291.808205346	 38.5916594975	 345.594974874	537.3048	 618.0
57.0	 442.781045281	 299.299273157	 38.427160201	 344.60201005	451.7664	 624.0
57.5	 440.320752523	 335.7135282	 38.2626609045	 343.609045226	449.3052	 657.0
58.0	 425.362214948	 316.423867094	 38.098161608	 342.616080402	435.1768	 638.0
58.5	 468.963490453	 227.504310802	 37.9336623116	 341.623115578	475.7144	 554.0
59.0	 375.723811023	 304.625273799	 37.7691630151	 340.630150754	388.51	 625.0
59.5	 396.143259086	 281.050696066	 37.6046637186	 339.63718593	407.4072	 602.0
60.0	 369.70328741	 256.404889176	 37.4401644221	 338.644221106	382.5608	 578.0
60.5	 327.826903585	 258.539811204	 37.2756651256	 337.651256281	343.3044	 579.0
61.0	 350.059299873	 244.606295882	 37.1111658291	 336.658291457	363.894	 565.0
61.5	 369.105432156	 226.387863932	 36.9466665327	 335.665326633	381.5092	 547.0
62.0	 413.340018339	 289.582847892	 36.7821672362	 334.672361809	422.638	 605.0
62.5	 407.611191178	 334.566936188	 36.6176679397	 333.679396985	417.1256	 646.0
63.0	 282.837953309	 317.419733395	 36.4531686432	 332.686432161	300.4844	 629.0
63.5	 229.891915871	 291.702697349	 36.2886693467	 331.693467337	250.8944	 604.0
64.0	 269.593917245	 309.906056727	 36.1241700503	 330.700502513	287.792	 620.0
64.5	 242.083144904	 327.038186949	 35.9596707538	 329.707537688	261.946	 635.0
65.0	 312.739812483	 237.0474015	 35.7951714573	 328.714572864	327.74	 550.0
65.5	 152.809262182	 315.239593654	 35.6306721608	 327.72160804	178.2792	 622.0
66.0	 249.505368101	 257.385682907	 35.4661728643	 326.728643216	268.3812	 567.0
66.5	 263.113512694	 293.799937949	 35.3016735678	 325.735678392	280.92	 600.0
67.0	 222.115536778	 242.373402142	 35.1371742714	 324.742713568	242.4836	 551.0
67.5	 212.046946058	 295.927323691	 34.9726749749	 323.749748744	232.92	 600.0
68.0	 87.1365908558	 300.204704033	 34.8081756784	 322.75678392	116.1508	 603.0
68.5	 184.684966692	 318.408063411	 34.6436763819	 321.763819095	207.0484	 619.0
69.0	 215.184252628	 226.274819649	 34.4791770854	 320.770854271	235.3552	 532.0
69.5	 185.832680104	 196.272866976	 34.3146777889	 319.777889447	207.7908	 503.0
70.0	 148.433177171	 168.413372616	 34.1501784925	 318.784924623	172.7136	 476.0
70.5	 106.502803397	 262.67400212	 33.985679196	 317.791959799	133.4068	 563.0
71.0	 133.679136488	 229.458361977	 33.8211798995	 316.798994975	158.6116	 531.0
71.5	 105.563762411	 215.524846655	 33.656680603	 315.806030151	132.2012	 517.0
72.0	 61.819583429	 216.588539526	 33.4921813065	 314.813065327	91.2012	 517.0
72.5	 96.0557451547	 251.931565411	 33.3276820101	 313.820100503	122.9964	 549.0
73.0	 22.2623028523	 261.565091536	 33.1631827136	 312.827135678	53.9452	 557.0
73.5	 81.7126279767	 206.924868259	 32.9986834171	 311.834170854	109.278	 505.0
74.0	 51.4805050856	 21.5946878644	 32.8341841206	 310.84120603	80.8916	 331.0
74.5	 74.4006304917	 109.427942428	 32.6696848241	 309.848241206	102.1232	 412.0
75.0	 63.4532033712	 174.765384701	 32.5051855276	 308.855276382	91.7392	 472.0
75.5	 3.00813334452	 107.270411544	 32.3406862312	 307.862311558	35.1488	 408.0
76.0	 47.3515564095	 69.7698547738	 32.1761869347	 306.869346734	76.3792	 372.0
76.5	 5.74940724925	 29.0556105337	 32.0116876382	 305.87638191	37.3788	 333.0
77.0	 -18.4936876726	 -45.9379667208	 31.8471883417	 304.883417085	14.5832	 262.0
77.5	 -0.188845965253	 -32.0195239692	 31.6826890452	 303.890452261	31.5064	 274.0
78.0	 0.289885591248	 5.46596022971	 31.5181897487	 302.897487437	31.7888	 308.0
78.5	 54.7152889875	 108.296422987	 31.3536904523	 301.904522613	82.4308	 403.0
79.0	 -14.7936651798	 76.1520120008	 31.1891911558	 300.911557789	17.3792	 372.0
79.5	 5.62535439114	 10.7994971566	 31.0246918593	 299.918592965	36.276	 310.0
80.0	 41.3445257614	 23.6467107515	 30.8601925628	 298.925628141	69.4556	 321.0
80.5	 7.48822038738	 -13.8538460185	 30.6956932663	 297.932663317	37.686	 285.0
81.0	 31.6711107233	 2.20705504647	 30.5311939698	 296.939698492	60.0964	 299.0
81.5	 13.1698040814	 34.3363934619	 30.3666946734	 295.946733668	42.6608	 328.0
82.0	 37.3522659257	 8.61935741561	 30.2021953769	 294.953768844	65.0708	 303.0
82.5	 27.4207925374	 40.7486958311	 30.0376960804	 293.96080402	55.6352	 332.0
83.0	 -18.6860894726	 -7.46415250593	 29.8731967839	 292.967839196	12.4296	 286.0
83.5	 20.576707948	 37.5199357899	 29.7086974874	 291.974874372	48.9172	 327.0
84.0	 50.3347033071	 -22.4764332708	 29.544198191	 290.981909548	76.532	 270.0
84.5	 -28.375252333	 2.15430104779	 29.3796988945	 289.988944724	2.8912	 292.0
85.0	 -12.7900472087	 -19.2778183717	 29.215199598	 288.995979899	17.2756	 271.0
85.5	 -2.2854677288	 41.7747072746	 29.0507003015	 288.003015075	26.9172	 327.0
86.0	 13.3820077947	 7.48783797472	 28.886201005	 287.010050251	41.3784	 294.0
86.5	 6.8009107169	 -23.5853438551	 28.7217017085	 286.017085427	35.0704	 264.0
87.0	 -22.8244679798	 31.0398068511	 28.5572024121	 285.024120603	7.2504	 314.0
87.5	 1.52296315458	 21.3912081552	 28.3927031156	 284.031155779	29.8144	 304.0
88.0	 -6.18421001275	 -1.11214042098	 28.2282038191	 283.038190955	22.4552	 282.0
88.5	 25.0846469489	 -46.1113012879	 28.0637045226	 282.045226131	51.4804	 239.0
89.0	 26.4147914392	 -16.1244211858	 27.8992052261	 281.052261307	52.5576	 266.0
89.5	 -0.244139476824	 35.2870420502	 27.7347059296	 280.059296482	27.5068	 313.0
90.0	 28.7725653058	 7.42754769052	 27.5702066332	 279.066331658	54.4296	 286.0
90.5	 48.6701105233	 -18.2894883558	 27.4057073367	 278.073366834	72.8396	 261.0
91.0	 -0.539908107874	 -0.0861289774231	 27.2412080402	 277.08040201	26.7372	 277.0
91.5	 13.5897108383	 -3.30735273305	 27.0767087437	 276.087437186	39.7628	 273.0
92.0	 13.546111058	 -9.74226395877	 26.9122094472	 275.094472362	39.5576	 266.0
92.5	 -7.455015944	 -5.46488361749	 26.7477101508	 274.101507538	19.7884	 269.0
93.0	 16.9746855896	 -27.9682321937	 26.5832108543	 273.108542714	42.4292	 247.0
93.5	 10.4214404699	 -21.548393539	 26.4187115578	 272.115577889	36.1472	 252.0
94.0	 31.2261025373	 20.2220072867	 26.2542122613	 271.122613065	55.404	 290.0
94.5	 14.8389737591	 -26.9196118936	 26.0897129648	 270.129648241	39.942	 245.0
95.0	 0.924241874474	 -41.9243563729	 25.9252136683	 269.136683417	26.788	 230.0
95.5	 8.79145517056	 -29.077142778	 25.7607143719	 268.143718593	33.9676	 241.0
96.0	 -5.3152409789	 -14.0874708698	 25.5962150754	 267.150753769	20.6344	 254.0
96.5	 25.6793813187	 -16.2374654687	 25.4317157789	 266.157788945	49.4036	 251.0
97.0	 35.9637160839	 -4.46148103052	 25.2672164824	 265.164824121	58.8396	 261.0
97.5	 -1.92983773586	 3.02958678086	 25.1027171859	 264.171859296	23.3012	 267.0
98.0	 -9.16995499088	 -8.76147022836	 24.9382178894	 263.178894472	16.378	 255.0
98.5	 0.37266070629	 -6.62654820049	 24.773718593	 262.185929648	25.1216	 256.0
99.0	 -27.8798307032	 0.864519610884	 24.6092192965	 261.192964824	-1.4168	 262.0
Actin association begins: 15.0
Actin association ends: 76.5
Length of actin association: 61.5
Area under actin curve during patch life: 39142.9472329
Cofilin association begins: 26.0
Cofilin association ends: 76.5
Length of cofilin association: 50.5
Delay between actin and cofilin association: 11.0
Area under cofilin curve during patch life: 23524.0286361
Cofilin intensity score: 125.333775706