Time	 Int488	 Int561	 Back488	 Back561	 Raw488	 Raw561
0.0	 -14.0019724827	 -2.43783907004	 40.98792	 222.2	34.0956	 221.0
0.5	 -7.35373923302	 5.98237968616	 40.6897988571	 222.055238095	37.07	 225.0
1.0	 -14.7702121914	 -9.97579225803	 40.3916777143	 221.91047619	33.1212	 217.0
1.5	 59.1266244183	 -34.0600944357	 40.0935565714	 221.765714286	69.198	 205.0
2.0	 -16.9442724306	 43.432231305	 39.7954354286	 221.620952381	31.4548	 243.0
2.5	 -36.7067750527	 -27.3773197151	 39.4973142857	 221.476190476	21.4288	 208.0
3.0	 -53.4983644615	 72.4618641676	 39.1991931429	 221.331428571	12.8652	 257.0
3.5	 69.571311417	 -16.6314798778	 38.901072	 221.186666667	73.1468	 213.0
4.0	 -18.7416006286	 -10.24279368	 38.6029508571	 221.041904762	29.3776	 216.0
4.5	 -31.8878080147	 -3.85410748216	 38.3048297143	 220.897142857	22.6084	 219.0
5.0	 92.3284648397	 -34.0330073349	 38.0067085714	 220.752380952	83.4544	 204.0
5.5	 19.1220288981	 -7.32899555342	 37.7085874286	 220.607619048	47.1212	 217.0
6.0	 115.105687482	 9.21735343624	 37.4104662857	 220.462857143	94.07	 225.0
6.5	 61.0679801486	 -22.9930789749	 37.1123451429	 220.318095238	67.1724	 209.0
7.0	 96.5745396963	 -0.352132310117	 36.814224	 220.173333333	84.352	 220.0
7.5	 -21.3264251423	 -52.8778903049	 36.5161028571	 220.028571429	26.0184	 194.0
8.0	 89.242824598	 -13.9846831732	 36.2179817143	 219.883809524	80.1468	 213.0
8.5	 39.3730094609	 16.782393725	 35.9198605714	 219.739047619	55.3008	 228.0
9.0	 -6.17370439205	 6.91881945592	 35.6217394286	 219.594285714	32.5828	 223.0
9.5	 -61.3571960888	 -4.97628737154	 35.3236182857	 219.44952381	5.1212	 217.0
10.0	 -14.5991966198	 5.47546394303	 35.0254971429	 219.304761905	27.8392	 222.0
10.5	 -50.3011036949	 -34.8610987016	 34.727376	 219.16	9.9672	 202.0
11.0	 -67.4055491176	 34.5050968056	 34.4292548571	 219.015238095	1.2496	 236.0
11.5	 58.9982779956	 -20.0521937475	 34.1311337143	 218.87047619	63.1724	 209.0
12.0	 -35.9821239065	 -3.50584475787	 33.8330125714	 218.725714286	16.1212	 217.0
12.5	 18.1202720675	 -29.6216794939	 33.5348914286	 218.580952381	42.4544	 204.0
13.0	 -4.76672762941	 -9.0122653875	 33.2367702857	 218.436190476	30.8904	 214.0
13.5	 -37.3425124037	 17.691746394	 32.9386491429	 218.291428571	14.5572	 227.0
14.0	 79.1645006982	 1.73357444981	 32.640528	 218.146666667	71.6084	 219.0
14.5	 89.2500870367	 -50.792183545	 32.3424068571	 218.001904762	76.2748	 193.0
15.0	 118.558034442	 -11.8989764133	 32.0442857143	 217.857142857	90.4032	 212.0
15.5	 88.9507250424	 -52.2355390579	 31.7461645714	 217.712380952	75.5312	 192.0
16.0	 184.882376393	 -27.5630598347	 31.4480434286	 217.567619048	122.4544	 204.0
16.5	 454.796101268	 -47.5842968957	 31.1499222857	 217.422857143	255.0184	 194.0
17.0	 282.982325396	 -8.69108976398	 30.8518011429	 217.278095238	170.1468	 213.0
17.5	 441.214579408	 42.3913127179	 30.55368	 217.133333333	247.7368	 238.0
18.0	 387.540922708	 -46.7020313275	 30.2555588571	 216.988571429	221.0184	 194.0
18.5	 371.843110429	 40.947957205	 29.9574377143	 216.843809524	212.9932	 237.0
19.0	 507.363643051	 69.6835015449	 29.6593165714	 216.699047619	279.4036	 251.0
19.5	 423.216997976	 -19.4098425005	 29.3611954286	 216.554285714	237.6852	 207.0
20.0	 525.608110249	 27.6094948647	 29.0630742857	 216.40952381	287.788	 230.0
20.5	 580.649074265	 92.9126252551	 28.7649531429	 216.264761905	314.5832	 262.0
21.0	 490.928716463	 1.78774865136	 28.466832	 216.12	270.1212	 217.0
21.5	 555.866494491	 28.4917604329	 28.1687108571	 215.975238095	301.788	 230.0
22.0	 522.092105507	 4.4074582552	 27.8705897143	 215.83047619	284.8648	 218.0
22.5	 600.0	 -11.550713689	 27.5724685714	 215.685714286	322.916	 210.0
23.0	 434.332829036	 19.2163632092	 27.2743474286	 215.540952381	241.07	 225.0
23.5	 416.550664352	 35.7627121989	 26.9762262857	 215.396190476	232.0188	 233.0
24.0	 428.251725381	 48.2459960718	 26.6781051429	 215.251428571	237.4804	 239.0
24.5	 443.963844293	 68.8554101782	 26.379984	 215.106666667	244.9164	 249.0
25.0	 557.605583874	 24.4557824169	 26.0818628571	 214.961904762	300.5572	 227.0
25.5	 319.897017939	 43.0336639649	 25.7837417143	 214.817142857	183.2496	 236.0
26.0	 562.307042426	 35.2016222542	 25.4856205714	 214.672380952	302.2752	 232.0
26.5	 474.671037028	 15.1803851933	 25.1874994286	 214.527619048	258.8392	 222.0
27.0	 536.326671055	 -0.777786750917	 24.8893782857	 214.382857143	288.8904	 214.0
27.5	 585.012188615	 25.9262250306	 24.5912571429	 214.238095238	312.5572	 227.0
28.0	 474.040375026	 81.0716926292	 24.293136	 214.093333333	257.6344	 254.0
28.5	 462.195973704	 42.766662543	 23.9950148571	 213.948571429	251.506	 235.0
29.0	 439.464995707	 38.997685949	 23.6968937143	 213.803809524	240.0188	 233.0
29.5	 510.601385877	 49.4494372635	 23.3987725714	 213.659047619	274.7368	 238.0
30.0	 433.851957153	 -5.10785328961	 23.1006514286	 213.514285714	236.6596	 211.0
30.5	 396.692222314	 23.6276910503	 22.8025302857	 213.36952381	218.07	 225.0
31.0	 463.818367214	 105.183081908	 22.5044091429	 213.224761905	250.814	 265.0
31.5	 301.900592739	 26.2474006541	 22.206288	 213.08	170.8136	 226.0
32.0	 188.011498397	 61.0775426691	 21.9081668571	 212.935238095	114.4548	 243.0
32.5	 386.092669847	 75.5923591004	 21.6100457143	 212.79047619	211.66	 250.0
33.0	 167.500825286	 43.3819266892	 21.3119245714	 212.645714286	103.7624	 234.0
33.5	 356.674132775	 21.3291570699	 21.0138034286	 212.500952381	196.5828	 223.0
34.0	 117.350904761	 54.1277665265	 20.7156822857	 212.356190476	78.4804	 239.0
34.5	 312.097924977	 34.1065294656	 20.4175611429	 212.211428571	174.0444	 229.0
35.0	 135.648191806	 83.1573993891	 20.11944	 212.066666667	86.8908	 253.0
35.5	 228.192872076	 2.19018557721	 19.8213188571	 211.921904762	132.1468	 213.0
36.0	 182.750985303	 55.3041206175	 19.5231977143	 211.777142857	109.4804	 239.0
36.5	 59.6931782181	 14.9675579729	 19.2250765714	 211.632380952	48.6084	 219.0
37.0	 90.1989172202	 25.4193092874	 18.9269554286	 211.487619048	63.3264	 224.0
37.5	 89.0330636374	 -14.9172533571	 18.6288342857	 211.342857143	62.4544	 204.0
38.0	 -19.1254836644	 76.7958002921	 18.3307131429	 211.198095238	8.9164	 249.0
38.5	 26.6947603757	 75.0583562564	 18.032592	 211.053333333	31.1728	 248.0
39.0	 77.3069834145	 38.7848587286	 17.7344708571	 210.908571429	55.788	 230.0
39.5	 30.4056436516	 2.51136120072	 17.4363497143	 210.763809524	32.4032	 212.0
40.0	 54.9728066791	 -11.4152781851	 17.1382285714	 210.619047619	44.198	 205.0
40.5	 -1.92936156207	 7.16260336293	 16.8401074286	 210.474285714	15.8904	 214.0
41.0	 37.4314215554	 -16.9216988147	 16.5419862857	 210.32952381	34.9672	 202.0
41.5	 73.4588660512	 3.68771529166	 16.2438651429	 210.184761905	52.4032	 212.0
42.0	 -3.2377428257	 20.2340642813	 15.945744	 210.04	14.352	 220.0
42.5	 63.105855732	 -14.0079006882	 15.6476228571	 209.895238095	46.7108	 203.0
43.0	 32.5616035161	 12.6961110933	 15.3495017143	 209.75047619	31.3776	 216.0
43.5	 114.741404673	 43.4631879916	 15.0513805714	 209.605714286	71.5316	 231.0
44.0	 39.2425873924	 31.5680811641	 14.7532594286	 209.460952381	34.07	 225.0
44.5	 34.8474096547	 19.6729743366	 14.4551382857	 209.316190476	31.6084	 219.0
45.0	 26.9620589819	 -2.37979528266	 14.1570171429	 209.171428571	27.4288	 208.0
45.5	 46.9452719446	 -14.2749021101	 13.858896	 209.026666667	36.9672	 202.0
46.0	 7.38914129982	 -7.88621591229	 13.5607748571	 208.881904762	17.198	 205.0
46.5	 27.4771813426	 43.1961865696	 13.2626537143	 208.737142857	26.788	 230.0
47.0	 24.6966656824	 17.0803518336	 12.9645325714	 208.592380952	25.1212	 217.0
47.5	 -21.839810833	 3.15371244775	 12.6664114286	 208.447619048	1.916	 210.0
48.0	 -11.3373540136	 -35.1513176385	 12.3682902857	 208.302857143	6.7876	 191.0
48.5	 46.0471859617	 -18.6049686488	 12.0701691429	 208.158095238	34.7364	 199.0
49.0	 -24.55482524	 -2.05861965914	 11.772048	 208.013333333	-0.3148	 207.0
49.5	 11.9414969702	 24.6453921224	 11.4739268571	 207.868571429	17.352	 220.0
50.0	 -40.5335555198	 -13.6596379639	 11.1758057143	 207.723809524	-8.7764	 201.0
50.5	 -26.3320842181	 4.91824358416	 10.8776845714	 207.579047619	-2.084	 210.0
51.0	 54.9099615096	 23.4961251322	 10.5795634286	 207.434285714	37.6084	 219.0
51.5	 34.5225594725	 -29.0296328626	 10.2814422857	 207.28952381	27.2748	 193.0
52.0	 -31.651523365	 9.8635742691	 9.98332114286	 207.144761905	-5.5968	 212.0
Actin association begins: 14.0
Actin association ends: 37.5
Length of actin association: 23.5
Area under actin curve during patch life: 17259.6375429
Cofilin intensity score: 340.193122384