Time	 Int488	 Int561	 Back488	 Back561	 Raw488	 Raw561
0.0	 -24.4490309829	 6.08729981648	 86.6656	 296.0	66.5836	 301.0
0.5	 38.5883871294	 -1.47548879134	 86.6825838806	 295.211940299	118.3784	 294.0
1.0	 -32.5441265214	 29.9204414263	 86.6995677612	 294.423880597	59.9684	 319.0
1.5	 -30.1615377485	 -11.7312261538	 86.7165516418	 293.635820896	61.9424	 284.0
2.0	 48.359536177	 -13.2067149451	 86.7335355224	 292.847761194	126.4552	 282.0
2.5	 41.814247547	 -39.0314030024	 86.750519403	 292.059701493	121.096	 260.0
3.0	 13.1369977363	 16.7137264812	 86.7675032836	 291.271641791	97.558	 305.0
3.5	 -17.6328222593	 -28.5903209888	 86.7844871642	 290.48358209	72.3012	 267.0
4.0	 -19.2756431091	 83.1579668064	 86.8014710448	 289.695522388	70.9688	 358.0
4.5	 22.5959900493	 6.1999602907	 86.8184549254	 288.907462687	105.3784	 294.0
5.0	 83.3854900854	 -30.5818674362	 86.835438806	 288.119402985	155.3268	 263.0
5.5	 25.4575471965	 -17.447836668	 86.8524226866	 287.331343284	107.7628	 273.0
6.0	 96.1118818232	 -26.2280852391	 86.8694065672	 286.543283582	165.814	 265.0
6.5	 59.0370801696	 10.0376848317	 86.8863904478	 285.755223881	135.3784	 294.0
7.0	 88.4229309284	 29.2590154164	 86.9033743284	 284.967164179	159.5324	 309.0
7.5	 122.303643872	 11.9565471022	 86.920358209	 284.179104478	187.3784	 294.0
8.0	 158.088951182	 29.9604177236	 86.9373420896	 283.391044776	216.7888	 308.0
8.5	 171.522667533	 21.1801691525	 86.9543259701	 282.602985075	227.84	 300.0
9.0	 154.676206662	 35.531659884	 86.9713098507	 281.814925373	214.0196	 311.0
9.5	 184.280226246	 20.6641114964	 86.9882937313	 281.026865672	238.3528	 298.0
10.0	 231.085007176	 28.9283024115	 87.0052776119	 280.23880597	276.8144	 304.0
10.5	 285.787694379	 39.6274132531	 87.0222614925	 279.450746269	321.7632	 312.0
11.0	 389.125959181	 12.5852652325	 87.0392453731	 278.662686567	406.6604	 289.0
11.5	 300.324692575	 46.4161153768	 87.0562292537	 277.874626866	333.7376	 316.0
12.0	 274.394032441	 53.4628463285	 87.0732131343	 277.086567164	312.4556	 321.0
12.5	 327.129791328	 38.5952979409	 87.0901970149	 276.298507463	355.7888	 308.0
13.0	 481.445539712	 35.9023491863	 87.1071808955	 275.510447761	482.558	 305.0
13.5	 437.534456873	 94.0823985964	 87.1241647761	 274.72238806	446.5072	 352.0
14.0	 375.798299219	 131.565628631	 87.1411486567	 273.934328358	395.8152	 382.0
14.5	 528.209940221	 141.047279509	 87.1581325373	 273.146268657	521.0204	 389.0
15.0	 446.99393617	 131.049570974	 87.1751164179	 272.358208955	454.328	 380.0
15.5	 413.790170216	 180.707400642	 87.1921002985	 271.570149254	427.072	 420.0
16.0	 588.739917042	 140.273193025	 87.2090841791	 270.782089552	570.7896	 386.0
16.5	 538.896882277	 126.6231046	 87.2260680597	 269.994029851	529.8664	 374.0
17.0	 600.0	 231.066632616	 87.2430519403	 269.205970149	580.0724	 459.0
17.5	 561.986780207	 81.0610283024	 87.2600358209	 268.417910448	548.866	 335.0
18.0	 258.288246591	 117.326798373	 87.2770197015	 267.629850746	299.4304	 364.0
18.5	 281.742632409	 112.198929692	 87.2940035821	 266.841791045	318.7124	 359.0
19.0	 195.843303371	 25.50124347	 87.3109874627	 266.053731343	248.1732	 287.0
19.5	 291.472611685	 156.728890678	 87.3279713433	 265.265671642	326.7384	 394.0
20.0	 287.393409957	 126.034362767	 87.3449552239	 264.47761194	323.4048	 368.0
20.5	 170.402588377	 94.1223748937	 87.3619391045	 263.689552239	227.3276	 341.0
21.0	 190.330236173	 164.477023937	 87.3789229851	 262.901492537	243.7128	 398.0
21.5	 126.282852524	 87.5190174212	 87.3959068657	 262.113432836	191.1224	 334.0
22.0	 104.129727165	 122.567327529	 87.4128907463	 261.325373134	172.9432	 362.0
22.5	 51.3209599296	 96.7426394715	 87.4298746269	 260.537313433	129.584	 340.0
23.0	 89.1662094973	 78.222711194	 87.4468585075	 259.749253731	160.6864	 324.0
23.5	 78.7503721521	 86.486902109	 87.4638423881	 258.96119403	152.148	 330.0
24.0	 100.986811022	 33.8780948592	 87.4808262687	 258.173134328	170.4296	 286.0
24.5	 67.1275646239	 90.8406843061	 87.4978101493	 257.385074627	142.6352	 332.0
25.0	 -25.0772330556	 38.2318770563	 87.5147940299	 256.597014925	66.9168	 288.0
25.5	 36.5864032341	 7.5373491459	 87.5317779104	 255.808955224	117.5832	 262.0
26.0	 24.5786152409	 26.7586797306	 87.548761791	 255.020895522	107.7372	 277.0
26.5	 -8.93779443194	 30.1530307924	 87.5657456716	 254.232835821	80.2244	 279.0
27.0	 -9.9265957894	 -7.84625689778	 87.5827295522	 253.444776119	79.4292	 247.0
27.5	 -37.2622047206	 -19.0614253955	 87.5997134328	 252.656716418	56.9932	 237.0
28.0	 57.211003612	 7.46466496899	 87.6166973134	 251.868656716	134.6088	 258.0
28.5	 -36.2107670468	 2.33679628776	 87.633681194	 251.080597015	57.8908	 253.0
29.0	 -27.1472449793	 10.6009872028	 87.6506650746	 250.292537313	65.3524	 259.0
29.5	 60.7701849429	 15.2127982279	 87.6676489552	 249.504477612	137.5832	 262.0
30.0	 -64.7428563804	 -16.6991896458	 87.6846328358	 248.71641791	34.506	 235.0
30.5	 -53.4625832118	 25.6538802415	 87.7016167164	 247.928358209	43.7884	 269.0
31.0	 -33.2237526492	 -0.170807815746	 87.718600597	 247.140298507	60.4292	 247.0
31.5	 8.11804193314	 5.65846317269	 87.7355844776	 246.352238806	94.4036	 251.0
32.0	 2.91536815072	 7.83535427124	 87.7525683582	 245.564179104	90.1472	 252.0
32.5	 5.7664355175	 -11.9020339695	 87.7695522388	 244.776119403	92.506	 235.0
33.0	 16.7340649676	 -15.8124426875	 87.7865361194	 243.988059701	101.5316	 231.0
Actin association begins: 4.5
Actin association ends: 24.5
Length of actin association: 20.0
Area under actin curve during patch life: 10240.3632402
Cofilin association begins: 6.5
Cofilin association ends: 26.5
Length of cofilin association: 20.0
Delay between actin and cofilin association: 2.0
Area under cofilin curve during patch life: 3166.91136966
Cofilin intensity score: 181.697593901