Time	 Int488	 Int561	 Back488	 Back561	 Raw488	 Raw561
0.0	 10.5873252971	 64.6405026626	 159.31648	 2256.8	173.2712	 2342.0
0.5	 -8.16429792299	 8.83830788961	 158.569826824	 2246.35058824	147.8088	 2258.0
1.0	 51.4620539797	 -112.970033969	 157.823173647	 2235.90117647	225.6532	 2087.0
1.5	 -20.5314931236	 89.1828288324	 157.076520471	 2225.45176471	130.0148	 2343.0
2.0	 -27.6887951972	 29.5871773303	 156.329867294	 2215.00235294	119.8344	 2254.0
2.5	 -54.7666007227	 -29.2497828259	 155.583214118	 2204.55294118	83.3976	 2166.0
3.0	 36.0650297095	 11.3018233183	 154.836560941	 2194.10352941	202.3724	 2209.0
3.5	 5.02017887505	 98.1336015568	 154.089907765	 2183.65411765	160.7068	 2313.0
4.0	 -24.5473481709	 72.679060616	 153.343254588	 2173.20470588	120.9884	 2269.0
4.5	 -9.44859135349	 121.576271564	 152.596601412	 2162.75529412	140.1428	 2323.0
5.0	 59.7497140445	 74.8783729407	 151.849948235	 2152.30588235	230.6036	 2251.0
5.5	 -37.7498221987	 53.9759800748	 151.103295059	 2141.85647059	101.3468	 2213.0
6.0	 15.9056288125	 64.9386237326	 150.356641882	 2131.40705882	171.3212	 2217.0
6.5	 72.5166378305	 -59.9044835087	 149.609988706	 2120.95764706	245.1912	 2042.0
7.0	 59.3696193201	 75.4835408613	 148.863335529	 2110.50823529	227.116	 2210.0
7.5	 67.9697295458	 13.6118153218	 148.116682353	 2100.05882353	237.7048	 2118.0
8.0	 85.6738324447	 -77.8488727041	 147.370029176	 2089.60941176	260.2932	 1987.0
8.5	 60.8150473674	 -9.225686765	 146.623376	 2079.16	226.7812	 2067.0
9.0	 69.0069816491	 -36.9563017432	 145.876722824	 2068.71058824	236.832	 2020.0
9.5	 -10.6523828123	 58.9797726449	 145.130069647	 2058.26117647	131.0896	 2136.0
10.0	 22.6543593514	 48.6990586202	 144.383416471	 2047.81176471	174.2432	 2112.0
10.5	 48.9386544183	 68.7659984277	 143.636763294	 2037.36235294	208.1408	 2128.0
11.0	 71.3305594046	 -73.5270097672	 142.890110118	 2026.91294118	236.908	 1930.0
11.5	 153.487009512	 77.7935328647	 142.143456941	 2016.46352941	344.4484	 2119.0
12.0	 153.100875962	 145.658027458	 141.396803765	 2006.01411765	343.1928	 2198.0
12.5	 192.825843435	 -8.01535092392	 140.650150588	 1995.56470588	394.806	 1985.0
13.0	 244.613699829	 -1.60485534089	 139.903497412	 1985.11529412	462.3188	 1983.0
13.5	 292.57077188	 158.819983441	 139.156844235	 1974.66588235	524.7824	 2184.0
14.0	 295.315605776	 122.743763659	 138.410191059	 1964.21647059	527.6536	 2126.0
14.5	 290.455317621	 208.058159205	 137.663537882	 1953.76705882	520.5008	 2228.0
15.0	 282.598805603	 257.714061499	 136.916884706	 1943.31764706	509.3988	 2283.0
15.5	 499.645114417	 255.778952279	 136.170231529	 1932.86823529	794.732	 2270.0
16.0	 452.005256038	 238.670016142	 135.423578353	 1922.41882353	731.1932	 2237.0
16.5	 534.024231273	 263.289104024	 134.676925176	 1911.96941176	838.5524	 2259.0
17.0	 540.212006496	 193.071773681	 133.930272	 1901.52	845.9616	 2156.0
17.5	 509.789889518	 301.146909602	 133.183618824	 1891.07058824	805.1168	 2288.0
18.0	 600.0	 438.811008009	 132.436965647	 1880.62117647	923.2724	 2459.0
18.5	 580.060569609	 272.239876748	 131.690312471	 1870.17176471	896.2444	 2229.0
19.0	 599.283876059	 358.312963641	 130.943659294	 1859.72235294	920.8352	 2332.0
19.5	 566.079182701	 397.347187094	 130.197006118	 1849.27294118	876.3228	 2373.0
20.0	 583.882218951	 468.24644707	 129.450352941	 1838.82352941	899.0416	 2456.0
20.5	 592.094182685	 496.658991682	 128.703699765	 1828.37411765	909.1188	 2483.0
21.0	 532.237876255	 521.278079564	 127.957046588	 1817.92470588	829.478	 2505.0
21.5	 592.604103958	 461.682428062	 127.210393412	 1807.47529412	908.2976	 2416.0
22.0	 557.434400015	 481.749367869	 126.463740235	 1797.02588235	861.1952	 2432.0
22.5	 433.924496625	 375.873544273	 125.717087059	 1786.57647059	697.6552	 2282.0
23.0	 454.102236788	 579.543789766	 124.970433882	 1776.12705882	723.504	 2540.0
23.5	 305.205610538	 498.704780581	 124.223780706	 1765.67764706	526.5028	 2423.0
24.0	 424.672983649	 540.015078071	 123.477127529	 1755.22823529	683.2212	 2467.0
24.5	 414.85024714	 452.347846774	 122.730474353	 1744.77882353	669.5276	 2341.0
25.0	 312.411933712	 669.674536491	 121.983821176	 1734.32941176	533.7612	 2617.0
25.5	 231.444888847	 347.57167934	 121.237168	 1723.88	426.2952	 2182.0
26.0	 397.562371953	 419.988322009	 120.490514824	 1713.43058824	644.5012	 2267.0
26.5	 67.199521801	 64.5030456423	 119.743861647	 1702.98117647	208.3168	 1788.0
27.0	 21.4284719444	 170.302107526	 118.997208471	 1692.53176471	147.2412	 1917.0
27.5	 -5.82474302032	 79.6001108458	 118.250555294	 1682.08235294	110.5732	 1787.0
28.0	 208.811355127	 276.442134226	 117.503902118	 1671.63294118	392.7296	 2036.0
28.5	 -11.5597619525	 12.7585107023	 116.757248941	 1661.18352941	101.5208	 1678.0
29.0	 -23.8318576029	 100.348980287	 116.010595765	 1650.73411765	84.5988	 1783.0
29.5	 -9.43504201863	 -7.8029173471	 115.263942588	 1640.28470588	102.828	 1630.0
30.0	 10.0410603875	 68.40718205	 114.517289412	 1629.83529412	127.752	 1720.0
30.5	 22.9978797975	 -81.4727396029	 113.770636235	 1619.38588235	144.0832	 1512.0
31.0	 9.24663949926	 -59.1297257579	 113.023983059	 1608.93647059	125.2116	 1531.0
31.5	 -39.1509997965	 12.5282255644	 112.277329882	 1598.48705882	60.674	 1615.0
32.0	 26.4098358131	 0.730128848081	 111.530676706	 1588.03764706	146.3404	 1589.0
32.5	 8.6314618514	 0.312402318861	 110.784023529	 1577.58823529	122.1608	 1578.0
33.0	 -1.03498424098	 -22.8660645845	 110.037370353	 1567.13882353	108.6732	 1537.0
33.5	 -22.2165441035	 93.5546761403	 109.290717176	 1556.68941176	80.008	 1680.0
34.0	 -18.869005803	 22.5786544512	 108.544064	 1546.24	83.6736	 1576.0
34.5	 -4.17903188268	 46.4390509877	 107.797410824	 1535.79058824	102.2892	 1597.0
35.0	 -48.0636715771	 94.5775705901	 107.050757647	 1525.34117647	43.7	 1650.0
35.5	 45.4898399274	 -23.437314539	 106.304104471	 1514.89176471	166.2624	 1484.0
36.0	 -8.62772516264	 -6.40514011471	 105.557451294	 1504.44235294	94.1856	 1496.0
36.5	 29.9315889263	 -7.58155798973	 104.810798118	 1493.99294118	144.2624	 1484.0
37.0	 9.68261246609	 -7.24059317315	 104.064144941	 1483.54352941	116.8264	 1474.0
37.5	 16.2988965609	 -25.8669120017	 103.317491765	 1473.09411765	124.8004	 1439.0
38.0	 -8.38569298348	 -43.7345394845	 102.570838588	 1462.64470588	91.518	 1405.0
38.5	 -39.2945863288	 21.8538810714	 101.824185412	 1452.19529412	50.0316	 1481.0
39.0	 28.7948157981	 -29.3961656268	 101.077532235	 1441.74588235	139.0308	 1403.0
39.5	 -23.7079506315	 2.05114436784	 100.330879059	 1431.29647059	69.0824	 1434.0
40.0	 17.3808404043	 50.1896639702	 99.5842258824	 1420.84705882	122.4932	 1487.0
40.5	 2.20902643026	 27.7698884126	 98.8375727059	 1410.39764706	101.7492	 1447.0
41.0	 -23.8187502727	 -76.588552492	 98.0909195294	 1399.94823529	66.6964	 1299.0
41.5	 2.69891825217	 -63.3498347967	 97.3442663529	 1389.49882353	100.9016	 1306.0
42.0	 -6.96722436368	 -56.9393392137	 96.5976131765	 1379.04941176	87.4144	 1304.0
Actin association begins: 10.0
Actin association ends: 27.0
Length of actin association: 17.0
Area under actin curve during patch life: 12850.0471738
Cofilin association begins: 13.5
Cofilin association ends: 29.0
Length of cofilin association: 15.5
Delay between actin and cofilin association: 3.5
Area under cofilin curve during patch life: 10483.2935398
Cofilin intensity score: 80.2061060077