Time	 Int488	 Int561	 Back488	 Back561	 Raw488	 Raw561
0.0	 33.7190044107	 -25.1802210576	 69.37256	 224.6	104.9928	 198.0
0.5	 -7.3065863555	 18.5598893814	 68.9169659574	 224.393617021	61.1984	 244.0
1.0	 15.7463736957	 -3.01711495315	 68.4613719149	 224.187234043	85.0956	 221.0
1.5	 -28.7749133232	 -4.71499740008	 68.0057778723	 223.980851064	37.6084	 219.0
2.0	 -9.07111199764	 16.3061165959	 67.5501838298	 223.774468085	57.9676	 241.0
2.5	 -3.80977671086	 1.35548622395	 67.0945897872	 223.568085106	63.07	 225.0
3.0	 -2.04375902682	 -22.1147678142	 66.6389957447	 223.361702128	64.48	 200.0
3.5	 -20.593446612	 -14.3464017432	 66.1834017021	 223.155319149	44.4288	 208.0
4.0	 -1.47238754522	 -13.2044096348	 65.7278076596	 222.94893617	64.1724	 209.0
4.5	 11.0707647515	 -19.6354163406	 65.272213617	 222.742553191	76.9672	 202.0
5.0	 18.735391212	 -3.34742660356	 64.8166195745	 222.536170213	84.6084	 219.0
5.5	 27.7105251173	 -6.93855875408	 64.3610255319	 222.329787234	93.634	 215.0
6.0	 -26.7382060473	 -10.5296909046	 63.9054314894	 222.123404255	35.6596	 211.0
6.5	 9.20361933593	 -12.2275733515	 63.4498374468	 221.917021277	73.1724	 209.0
7.0	 7.81434706398	 -23.3917043164	 62.9942434043	 221.710638298	71.2492	 197.0
7.5	 9.58074339795	 -9.94358913465	 62.5386493617	 221.504255319	72.6596	 211.0
8.0	 47.5615987119	 2.55790119526	 62.0830553191	 221.29787234	112.3264	 224.0
8.5	 9.01124260818	 -7.65960491778	 61.6274612766	 221.091489362	71.1468	 213.0
9.0	 38.4967078523	 1.05538600497	 61.171867234	 220.885106383	101.8392	 222.0
9.5	 -3.69436743148	 5.03725266878	 60.7162731915	 220.678723404	56.8136	 226.0
10.0	 16.0332888404	 -14.6465019622	 60.2606791489	 220.472340426	77.198	 205.0
10.5	 88.0441716264	 5.42798718207	 59.8050851064	 220.265957447	152.8136	 226.0
11.0	 126.364675937	 1.83685503156	 59.3494910638	 220.059574468	192.8392	 222.0
11.5	 119.829929621	 18.1248447686	 58.8938970213	 219.853191489	185.4804	 239.0
12.0	 142.203213028	 -8.18528382484	 58.4383029787	 219.646808511	208.6596	 211.0
12.5	 206.568396211	 23.2487035409	 57.9827089362	 219.440425532	276.1984	 244.0
13.0	 261.879302012	 -9.68779901513	 57.5271148936	 219.234042553	334.1724	 209.0
13.5	 326.02562553	 -18.0120554246	 57.0715208511	 219.027659574	401.48	 200.0
14.0	 358.254030944	 5.8489331268	 56.6159268085	 218.821276596	435.07	 225.0
14.5	 423.346979313	 -2.47532328266	 56.160332766	 218.614893617	503.3776	 216.0
15.0	 406.2535794	 -0.386706322433	 55.7047387234	 218.408510638	484.8648	 218.0
15.5	 558.872976165	 -3.03121362116	 55.2491446809	 218.20212766	645.634	 215.0
16.0	 439.325611243	 -3.7824712163	 54.7935506383	 217.995744681	518.8904	 214.0
16.5	 472.743356122	 19.1318924833	 54.3379565957	 217.789361702	553.7368	 238.0
17.0	 436.450132314	 -10.9647355173	 53.8823625532	 217.582978723	514.9416	 206.0
17.5	 559.967251936	 22.362501552	 53.4267685106	 217.376595745	644.9676	 241.0
18.0	 491.634563395	 6.46524632818	 52.9711744681	 217.170212766	572.3264	 224.0
18.5	 565.732943305	 33.1661094349	 52.5155804255	 216.963829787	650.1472	 252.0
19.0	 600.0	 34.3081015434	 52.059986383	 216.757446809	685.8908	 253.0
19.5	 454.359489013	 6.10472324633	 51.6043923404	 216.55106383	531.5828	 223.0
20.0	 446.78080481	 0.620341392237	 51.1487982979	 216.344680851	523.1212	 217.0
20.5	 510.684792365	 30.1610790544	 50.6932042553	 216.138297872	590.1728	 248.0
21.0	 553.155678676	 6.69082501627	 50.2376102128	 215.931914894	634.5828	 223.0
21.5	 518.173340964	 -6.36655565214	 49.7820161702	 215.725531915	597.1724	 209.0
22.0	 551.906501243	 4.24168497419	 49.3264221277	 215.519148936	632.352	 220.0
22.5	 587.897172469	 31.8891729327	 48.8708280851	 215.312765957	669.9164	 249.0
23.0	 391.600115113	 5.57904433927	 48.4152340426	 215.106382979	462.0956	 221.0
23.5	 314.141205701	 10.5075358549	 47.95964	 214.9	379.8136	 226.0
24.0	 313.116194672	 16.3826522223	 47.5040459574	 214.693617021	378.2752	 232.0
24.5	 342.504346881	 3.32527155384	 47.0484519149	 214.487234043	408.8648	 218.0
25.0	 305.410657099	 24.3463855499	 46.5928578723	 214.280851064	369.224	 240.0
25.5	 276.811978738	 12.2356297332	 46.1372638298	 214.074468085	338.5572	 227.0
26.0	 384.988853311	 38.93649284	 45.6816697872	 213.868085106	452.378	 255.0
26.5	 308.986231571	 38.1852352449	 45.2260757447	 213.661702128	371.6344	 254.0
27.0	 385.269042988	 56.3664746855	 44.7704817021	 213.455319149	451.7628	 273.0
27.5	 286.32894379	 52.775342535	 44.3148876596	 213.24893617	346.7884	 269.0
28.0	 272.196586413	 35.9314624594	 43.859293617	 213.042553191	331.4036	 251.0
28.5	 235.855274063	 50.3262024929	 43.4036995745	 212.836170213	292.5576	 266.0
29.0	 251.238300915	 43.895195787	 42.9481055319	 212.629787234	308.3524	 259.0
29.5	 208.732188881	 97.1015547439	 42.4925114894	 212.423404255	262.994	 315.0
30.0	 205.837783095	 62.2718024843	 42.0369174468	 212.217021277	259.4808	 278.0
30.5	 206.462928507	 32.1751744837	 41.5813234043	 212.010638298	259.6856	 246.0
31.0	 134.343740559	 16.2779192599	 41.1257293617	 211.804255319	183.0444	 229.0
31.5	 196.111385149	 9.84691255404	 40.6701353191	 211.59787234	247.8392	 222.0
32.0	 137.342258161	 15.7220289214	 40.2145412766	 211.391489362	185.3008	 228.0
32.5	 135.710271277	 5.50452280839	 39.758947234	 211.185106383	183.1212	 217.0
33.0	 112.597473256	 23.685762249	 39.3033531915	 210.978723404	158.2496	 236.0
33.5	 129.776436777	 -4.51761604801	 38.8477591489	 210.772340426	175.9416	 206.0
34.0	 50.133095857	 8.93049913369	 38.3921651064	 210.565957447	91.352	 220.0
34.5	 44.0349329223	 -6.0201312383	 37.9365710638	 210.359574468	84.4544	 204.0
35.0	 -14.5641802425	 10.2678584988	 37.4809770213	 210.153191489	22.0956	 221.0
35.5	 -21.487421398	 13.3031003108	 37.0253829787	 209.946808511	14.3264	 224.0
36.0	 -4.76965350493	 -16.7935276898	 36.5697889362	 209.740425532	31.5312	 192.0
36.5	 17.5555413602	 1.38771175082	 36.1141948936	 209.534042553	54.6596	 211.0
37.0	 -15.824728453	 -3.15004525149	 35.6586008511	 209.327659574	18.9416	 206.0
37.5	 -14.6168407816	 -13.3675513645	 35.2030068085	 209.121276596	19.762	 195.0
38.0	 -7.31647556406	 -14.1188089597	 34.747412766	 208.914893617	27.0184	 194.0
38.5	 -6.95789970966	 -2.56394348155	 34.2918187234	 208.708510638	26.9416	 206.0
39.0	 32.7461914845	 -0.475326521324	 33.8362246809	 208.50212766	68.4288	 208.0
39.5	 4.17174671886	 -16.3725817451	 33.3806306383	 208.295744681	37.7876	 191.0
40.0	 3.02556770885	 8.43503165808	 32.9250365957	 208.089361702	36.1212	 217.0
40.5	 7.07332993563	 -1.78247445497	 32.4694425532	 207.882978723	39.9416	 206.0
41.0	 -2.83556600243	 -12.9466054198	 32.0138485106	 207.676595745	29.0184	 194.0
41.5	 -2.0646403626	 -28.8438606436	 31.5582544681	 207.470212766	29.3772	 177.0
42.0	 -27.1191552794	 -3.08962238861	 31.1026604255	 207.263829787	2.4544	 204.0
42.5	 0.812709257969	 -10.4672539463	 30.647066383	 207.057446809	31.5056	 196.0
43.0	 -4.6053983832	 16.2336091605	 30.1914723404	 206.85106383	25.3264	 224.0
43.5	 0.0247274524051	 -11.0231442848	 29.7358782979	 206.644680851	29.762	 195.0
44.0	 8.32018471414	 -19.3474006942	 29.2802842553	 206.438297872	38.0696	 186.0
44.5	 -5.25366400011	 -12.5256594751	 28.8246902128	 206.231914894	23.2748	 193.0
45.0	 -1.64248515497	 8.49545452096	 28.3690961702	 206.025531915	26.634	 215.0
45.5	 10.9006671417	 2.06444781507	 27.9135021277	 205.819148936	39.4288	 208.0
46.0	 0.50634197966	 -7.20643344618	 27.4579080851	 205.612765957	27.9928	 198.0
46.5	 -10.9800096114	 6.24168173552	 27.0023140426	 205.406382979	15.4032	 212.0
Actin association begins: 10.0
Actin association ends: 34.5
Length of actin association: 24.5
Area under actin curve during patch life: 15852.0180322
Cofilin association begins: 22.0
Cofilin association ends: 33.0
Length of cofilin association: 11.0
Delay between actin and cofilin association: 12.0
Area under cofilin curve during patch life: 687.50946071
Cofilin intensity score: 305.716352196