Time	 Int488	 Int561	 Back488	 Back561	 Raw488	 Raw561
0.0	 -10.507861769	 15.6310796842	 103.54688	 220.8	89.9676	 241.0
0.5	 -6.88605890565	 -2.0389147228	 102.763634419	 220.634883721	93.8648	 218.0
1.0	 -4.09750092364	 -10.4231192184	 101.980388837	 220.469767442	96.6852	 207.0
1.5	 25.8343495485	 2.0857035867	 101.197143256	 220.304651163	134.5828	 223.0
2.0	 1.71795031477	 -3.97705343106	 100.413897674	 220.139534884	102.634	 215.0
2.5	 -12.5570592445	 -6.17073131905	 99.630652093	 219.974418605	83.4032	 212.0
3.0	 -4.2326228436	 -2.94769842537	 98.8474065116	 219.809302326	93.3776	 216.0
3.5	 -1.959735728	 8.78730855378	 98.0641609302	 219.644186047	95.5316	 231.0
4.0	 -1.3932672718	 15.1056047513	 97.2809153488	 219.479069767	95.4804	 239.0
4.5	 26.3359938333	 9.04284773351	 96.4976697674	 219.313953488	130.5316	 231.0
5.0	 -20.9750704938	 -0.115172588049	 95.714424186	 219.148837209	68.6084	 219.0
5.5	 18.5994537487	 -13.1422720394	 94.9311786047	 218.98372093	118.9672	 202.0
6.0	 -5.02077477745	 -6.05016001593	 94.1479330233	 218.818604651	87.6596	 211.0
6.5	 -18.2242041809	 5.68484696322	 93.3646874419	 218.653488372	69.8136	 226.0
7.0	 29.2472653286	 -1.92554170644	 92.5814418605	 218.488372093	130.3776	 216.0
7.5	 32.2342296884	 -11.083562028	 91.7981962791	 218.323255814	133.4544	 204.0
8.0	 31.6894986185	 -12.50342409	 91.0149506977	 218.158139535	131.9672	 202.0
8.5	 30.7083354228	 -6.18512789255	 90.2317051163	 217.993023256	129.916	 210.0
9.0	 35.9375085198	 -2.96209499888	 89.4484595349	 217.827906977	135.8904	 214.0
9.5	 40.9085366574	 -19.85827358	 88.6652139535	 217.662790698	141.5312	 192.0
10.0	 11.8121682942	 -3.4803716451	 87.8819683721	 217.497674419	103.1468	 213.0
10.5	 26.366750673	 -6.44786535904	 87.0987227907	 217.33255814	121.1724	 209.0
11.0	 52.4097123302	 9.15622074987	 86.3154772093	 217.16744186	154.0444	 229.0
11.5	 110.754222773	 -4.6446945274	 85.5322316279	 217.002325581	228.6596	 211.0
12.0	 116.439947208	 17.9237340151	 84.7489860465	 216.837209302	235.224	 240.0
12.5	 190.082177477	 1.80137125995	 83.9657404651	 216.672093023	329.6084	 219.0
13.0	 170.807079577	 -5.03520158376	 83.1824948837	 216.506976744	303.916	 210.0
13.5	 186.294264789	 -2.58598451603	 82.3992493023	 216.341860465	323.1468	 213.0
14.0	 267.575604892	 -3.23203075212	 81.6160037209	 216.176744186	427.4032	 212.0
14.5	 295.701678753	 -10.8424194218	 80.8327581395	 216.011627907	462.9672	 202.0
15.0	 349.602010145	 4.76166668714	 80.0495125581	 215.846511628	531.8392	 222.0
15.5	 324.930011148	 -5.17016946038	 79.2662669767	 215.681395349	499.1724	 209.0
16.0	 349.762415327	 -12.0067423041	 78.4830213953	 215.51627907	530.48	 200.0
16.5	 426.242382993	 12.1093178903	 77.699775814	 215.351162791	628.5316	 231.0
17.0	 395.855908885	 -11.7512031243	 76.9165302326	 215.186046512	588.48	 200.0
17.5	 370.747477763	 -13.9448810123	 76.1332846512	 215.020930233	555.2492	 197.0
18.0	 357.643096785	 -17.6861905522	 75.3500390698	 214.855813953	537.5312	 192.0
18.5	 401.146438739	 -9.82026270284	 74.5667934884	 214.690697674	592.9672	 202.0
19.0	 313.200138707	 -17.4306513725	 73.783547907	 214.525581395	478.5312	 192.0
19.5	 288.012468844	 -7.24327604525	 73.0003023256	 214.360465116	445.198	 205.0
20.0	 390.70281664	 2.17028345604	 72.2170567442	 214.195348837	577.1212	 217.0
20.5	 394.642193519	 -4.66628938766	 71.4338111628	 214.030232558	581.4288	 208.0
21.0	 400.287989056	 -6.0861514497	 70.6505655814	 213.865116279	587.9416	 206.0
21.5	 362.540669285	 1.77977639969	 69.86732	 213.7	538.3776	 216.0
22.0	 326.797222977	 -1.18771731425	 69.0840744186	 213.534883721	491.4032	 212.0
22.5	 373.37601855	 9.77347383895	 68.3008288372	 213.369767442	550.8136	 226.0
23.0	 434.26050206	 22.2822966441	 67.5175832558	 213.204651163	628.7112	 242.0
23.5	 516.434825627	 33.2434877973	 66.7343376744	 213.039534884	734.1216	 256.0
24.0	 506.941688345	 39.5617839947	 65.951092093	 212.874418605	721.0704	 264.0
24.5	 509.532149476	 62.1302125372	 65.1678465116	 212.709302326	723.6348	 293.0
25.0	 474.542709309	 62.2579821271	 64.3846009302	 212.544186047	677.6348	 293.0
25.5	 448.243839919	 64.7071991948	 63.6013553488	 212.379069767	642.8656	 296.0
26.0	 503.810661074	 61.7397054809	 62.8181097674	 212.213953488	713.8912	 292.0
26.5	 450.011305809	 38.6530002922	 62.034864186	 212.048837209	643.5832	 262.0
27.0	 248.433246999	 42.6498490118	 61.2516186047	 211.88372093	382.3012	 267.0
27.5	 305.686367601	 18.0155121712	 60.4683730233	 211.718604651	455.506	 235.0
28.0	 434.190592299	 44.4530198434	 59.6851274419	 211.553488372	620.7884	 269.0
28.5	 180.052176854	 8.98526143949	 58.9018818605	 211.388372093	291.5828	 223.0
29.0	 200.103327807	 53.9943489346	 58.1186362791	 211.223255814	316.7116	 281.0
29.5	 234.181902527	 53.3483026985	 57.3353906977	 211.058139535	359.968	 280.0
30.0	 532.687583187	 86.7501528043	 56.5521451163	 210.893023256	744.9428	 323.0
30.5	 600.0	 31.9369987516	 55.7688995349	 210.727906977	831.1472	 252.0
31.0	 473.660982526	 68.4341121612	 54.9856539535	 210.562790698	667.0964	 299.0
31.5	 551.37100783	 81.7167507923	 54.2024083721	 210.397674419	766.7376	 316.0
32.0	 511.461027588	 94.9993894233	 53.4191627907	 210.23255814	714.3788	 333.0
32.5	 375.379049813	 51.7934727599	 52.6359172093	 210.06744186	537.7372	 277.0
33.0	 291.579783556	 61.2070322611	 51.8526716279	 209.902325581	428.6604	 289.0
33.5	 490.005387234	 104.668488104	 51.0694260465	 209.737209302	684.302	 345.0
34.0	 382.833168716	 138.844154036	 50.2861804651	 209.572093023	545.0204	 389.0
34.5	 159.328883715	 2.00652243241	 49.5029348837	 209.406976744	255.4032	 212.0
35.0	 102.29559735	 0.586660370373	 48.7196893023	 209.241860465	180.916	 210.0
35.5	 111.631875325	 -3.15464916952	 47.9364437209	 209.076744186	192.198	 205.0
36.0	 73.1503590986	 -1.47924792775	 47.1531981395	 208.911627907	141.6852	 207.0
36.5	 51.2761686022	 4.83904826974	 46.3699525581	 208.746511628	112.634	 215.0
37.0	 3.66764947155	 11.9311602932	 45.5867069767	 208.581395349	50.3264	 224.0
37.5	 -1.75831182842	 -12.7031765474	 44.8034613953	 208.41627907	42.5312	 192.0
38.0	 2.45901969462	 -2.51580122019	 44.020215814	 208.251162791	47.198	 205.0
38.5	 13.1445229436	 -5.48329493413	 43.2369702326	 208.086046512	60.2236	 201.0
39.0	 19.0484634409	 13.2160544786	 42.4537246512	 207.920930233	67.07	 225.0
39.5	 3.3053704967	 28.8201405875	 41.6704790698	 207.755813953	45.942	 245.0
40.0	 -0.215765766108	 8.82869870261	 40.8872334884	 207.590697674	40.6084	 219.0
40.5	 -3.63754407686	 3.53975751081	 40.103987907	 207.425581395	35.4032	 212.0
41.0	 -6.86091600985	 -2.52299950694	 39.3207423256	 207.260465116	30.4544	 204.0
41.5	 1.6619267688	 -0.0737824392187	 38.5374967442	 207.095348837	40.6852	 207.0
42.0	 1.13700538408	 -4.58890780507	 37.7542511628	 206.930232558	39.2236	 201.0
42.5	 -1.39178946353	 1.72938839242	 36.9710055814	 206.765116279	35.1724	 209.0
Actin association begins: 7.0
Actin association ends: 37.0
Length of actin association: 30.0
Area under actin curve during patch life: 17611.2120601
Cofilin association begins: 22.5
Cofilin association ends: 35.0
Length of cofilin association: 12.5
Delay between actin and cofilin association: 15.5
Area under cofilin curve during patch life: 1338.7391699
Cofilin intensity score: 273.611297432