Time	 Int488	 Int561	 Back488	 Back561	 Raw488	 Raw561
0.0	 -31.0128104301	 1.62932230602	 64.22872	 200.2	29.9672	 202.0
0.5	 1.75614779413	 -1.96138799393	 64.0526890608	 200.166850829	65.9928	 198.0
1.0	 14.7505642976	 8.02558758963	 63.8766581215	 200.133701657	80.1724	 209.0
1.5	 2.58534782316	 -10.9531667116	 63.7006271823	 200.100552486	66.5568	 188.0
2.0	 13.5141457142	 3.55970416644	 63.5245962431	 200.067403315	78.4544	 204.0
2.5	 5.92153177373	 12.6415006911	 63.3485653039	 200.034254144	69.8904	 214.0
3.0	 -13.7403776665	 -1.81135831566	 63.1725343646	 200.001104972	47.9928	 198.0
3.5	 9.74470205798	 -4.4968895567	 62.9965034254	 199.967955801	73.762	 195.0
4.0	 13.2694973189	 0.0590116734532	 62.8204724862	 199.93480663	77.48	 200.0
4.5	 31.9965938382	 -1.72134050869	 62.644441547	 199.901657459	97.9928	 198.0
5.0	 32.8290245063	 -0.786155514139	 62.4684106077	 199.868508287	98.7364	 199.0
5.5	 37.1427738349	 -13.4286564031	 62.2923796685	 199.835359116	103.326	 185.0
6.0	 60.7209059667	 4.70493071057	 62.1163487293	 199.802209945	129.198	 205.0
6.5	 28.4563695252	 14.6919062941	 61.9403177901	 199.769060773	93.3776	 216.0
7.0	 42.2165675125	 11.1011959942	 61.7642868508	 199.735911602	108.4032	 212.0
7.5	 41.9580763788	 5.70012757644	 61.5882559116	 199.702762431	107.9416	 206.0
8.0	 38.543044831	 -1.51129895911	 61.4122249724	 199.66961326	103.9928	 198.0
8.5	 41.6963546061	 -9.62790455357	 61.2361940331	 199.636464088	107.3004	 189.0
9.0	 41.8788667099	 -13.2186148535	 61.0601630939	 199.603314917	107.326	 185.0
9.5	 79.6614307056	 13.0615837903	 60.8841321547	 199.570165746	148.8904	 214.0
10.0	 46.1202297194	 10.3760525492	 60.7081012155	 199.537016575	111.6596	 211.0
10.5	 88.9156753432	 -4.07680645755	 60.5320702762	 199.503867403	158.762	 195.0
11.0	 54.1213444679	 12.2464225383	 60.356039337	 199.470718232	120.1468	 213.0
11.5	 62.4736406857	 5.03499600277	 60.1800083978	 199.437569061	129.198	 205.0
12.0	 67.6925690732	 -7.60750488619	 60.0039774586	 199.40441989	134.7876	 191.0
12.5	 54.4599654525	 -1.24124553823	 59.8279465193	 199.371270718	119.9928	 198.0
13.0	 59.7487736634	 10.5560881631	 59.6519155801	 199.338121547	125.6596	 211.0
13.5	 53.8734654334	 -1.18123366692	 59.4758846409	 199.304972376	118.9928	 198.0
14.0	 39.7820279216	 -2.05640679017	 59.2998537017	 199.271823204	103.2492	 197.0
14.5	 76.1485297976	 -2.02640085451	 59.1238227624	 199.238674033	143.2492	 197.0
15.0	 104.925648372	 17.0123653181	 58.9477918232	 199.205524862	174.8648	 218.0
15.5	 93.1319173834	 10.7061178414	 58.771760884	 199.172375691	161.6596	 211.0
16.0	 121.003494827	 -5.55709928315	 58.5957299448	 199.139226519	192.2748	 193.0
16.5	 67.8966674472	 8.05059253601	 58.4196990055	 199.106077348	133.4288	 208.0
17.0	 128.540433754	 -1.87637117624	 58.2436680663	 199.072928177	200.2492	 197.0
17.5	 191.319698497	 8.11060440732	 58.0676371271	 199.039779006	269.4288	 208.0
18.0	 155.852276474	 23.5286543443	 57.8916061878	 199.006629834	230.07	 225.0
18.5	 190.733198478	 8.17061627863	 57.7155752486	 198.973480663	268.4288	 208.0
19.0	 222.318544565	 12.7265175088	 57.5395443094	 198.940331492	303.1468	 213.0
19.5	 231.599192426	 1.89437473763	 57.3635133702	 198.90718232	313.2236	 201.0
20.0	 198.29007935	 -1.69633556232	 57.1874824309	 198.874033149	276.2492	 197.0
20.5	 261.417294924	 -10.7181202157	 57.0114514917	 198.840883978	345.8132	 187.0
21.0	 222.538071991	 7.415466898	 56.8354205525	 198.807734807	302.6852	 207.0
21.5	 308.109383366	 27.3594121295	 56.6593896133	 198.774585635	397.0444	 229.0
22.0	 304.578126827	 2.9495834748	 56.483358674	 198.741436464	392.9672	 202.0
22.5	 261.451441678	 12.9365590584	 56.3073277348	 198.708287293	345.1468	 213.0
23.0	 323.859220936	 10.2510278173	 56.1312967956	 198.675138122	413.916	 210.0
23.5	 386.243827609	 11.1862128119	 55.9552658564	 198.64198895	482.6596	 211.0
24.0	 343.720353786	 -2.36146713598	 55.7792349171	 198.608839779	435.5056	 196.0
24.5	 371.708156221	 -1.42628214143	 55.6032039779	 198.575690608	466.2492	 197.0
25.0	 335.567643049	 13.0865887366	 55.4271730387	 198.542541436	426.1468	 213.0
25.5	 316.7645675	 5.87516220109	 55.2511420994	 198.509392265	405.198	 205.0
26.0	 354.732512167	 3.18963096004	 55.0751111602	 198.476243094	446.9672	 202.0
26.5	 429.325449843	 5.93517407239	 54.899080221	 198.443093923	529.198	 205.0
27.0	 419.133161646	 -3.08661058096	 54.7230492818	 198.409944751	517.762	 195.0
27.5	 385.754530818	 4.1848278259	 54.5470183425	 198.37679558	480.7108	 203.0
28.0	 459.395944268	 14.1718034095	 54.3709874033	 198.343646409	561.8904	 214.0
28.5	 423.371294016	 10.5810931095	 54.1949564641	 198.310497238	521.916	 210.0
29.0	 417.217914779	 42.2923661067	 54.0189255249	 198.277348066	514.942	 245.0
29.5	 413.29200017	 8.83074686302	 53.8428945856	 198.244198895	510.4288	 208.0
30.0	 454.555882827	 21.5332596233	 53.6668636464	 198.211049724	555.8392	 222.0
30.5	 478.156825471	 0.744147204223	 53.4908327072	 198.177900552	581.7364	 199.0
31.0	 397.36093275	 27.024345848	 53.314801768	 198.144751381	492.3008	 228.0
31.5	 472.719651911	 16.1922030768	 53.1387708287	 198.11160221	575.3776	 216.0
32.0	 539.212323225	 11.696313718	 52.9627398895	 198.078453039	648.6596	 211.0
32.5	 484.36501755	 49.7438401275	 52.7867089503	 198.045303867	587.8908	 253.0
33.0	 531.75587622	 24.4288324139	 52.610678011	 198.012154696	640.07	 225.0
33.5	 520.890496875	 14.5018687017	 52.4346470718	 197.979005525	627.8904	 214.0
34.0	 477.578068983	 18.1525908729	 52.2586161326	 197.945856354	579.8648	 218.0
34.5	 565.052428811	 23.613671162	 52.0825851934	 197.912707182	676.3264	 224.0
35.0	 556.368893069	 26.3592142743	 51.9065542541	 197.879558011	666.5572	 227.0
35.5	 600.0	 22.7685039744	 51.7305233149	 197.84640884	714.5828	 223.0
36.0	 550.862201757	 52.6694188538	 51.5544923757	 197.813259669	660.1216	 256.0
36.5	 599.297637061	 40.9320970237	 51.3784614365	 197.780110497	713.4548	 243.0
37.0	 473.544034987	 20.1429846046	 51.2024304972	 197.746961326	574.352	 220.0
37.5	 465.788850887	 19.2678114814	 51.026399558	 197.713812155	565.6084	 219.0
38.0	 440.139000937	 21.1081755349	 50.8503686188	 197.680662983	537.0956	 221.0
38.5	 517.44747579	 23.8537186472	 50.6743376796	 197.647513812	622.3264	 224.0
39.0	 500.17632528	 24.7889036418	 50.4983067403	 197.614364641	603.07	 225.0
39.5	 469.164918728	 15.7671189884	 50.3222758011	 197.58121547	568.634	 215.0
40.0	 469.27791308	 23.0385573953	 50.1462448619	 197.548066298	568.5828	 223.0
40.5	 560.187608472	 57.4653675692	 49.9702139227	 197.514917127	668.8396	 261.0
41.0	 481.665887619	 46.633224798	 49.7941829834	 197.481767956	581.9164	 249.0
41.5	 512.717178061	 28.5596495556	 49.6181520442	 197.448618785	616.0444	 229.0
42.0	 536.365190016	 71.1330712596	 49.442121105	 197.415469613	641.9936	 276.0
42.5	 575.098916167	 54.8698541351	 49.2660901657	 197.382320442	684.6088	 258.0
43.0	 483.788463499	 26.8393092448	 49.0900592265	 197.349171271	583.5572	 227.0
43.5	 540.835048226	 48.5936125941	 48.9140282873	 197.316022099	646.4036	 251.0
44.0	 397.094089965	 45.0029022941	 48.7379973481	 197.282872928	487.4292	 247.0
44.5	 384.372007333	 42.3173710531	 48.5619664088	 197.249723757	473.1984	 244.0
45.0	 446.988701917	 42.3473769887	 48.3859354696	 197.216574586	542.1984	 244.0
45.5	 435.589628998	 45.0929201011	 48.2099045304	 197.183425414	529.4292	 247.0
46.0	 415.231455826	 33.355598271	 48.0338735912	 197.150276243	506.7624	 234.0
46.5	 429.316794131	 49.6788272669	 47.8578426519	 197.117127072	522.1472	 252.0
47.0	 361.819792144	 48.8036541436	 47.6818117127	 197.083977901	447.4036	 251.0
47.5	 338.583873708	 62.4113459628	 47.5057807735	 197.050828729	421.5576	 266.0
48.0	 483.409292493	 52.4843822506	 47.3297498343	 197.017679558	581.378	 255.0
48.5	 343.173187547	 66.9972531286	 47.153718895	 196.984530387	426.2756	 271.0
49.0	 377.009532918	 38.0615291795	 46.9776879558	 196.951381215	463.4804	 239.0
49.5	 306.193782429	 60.7210115876	 46.8016570166	 196.918232044	385.0704	 264.0
50.0	 338.451857593	 30.8801085796	 46.6256260773	 196.885082873	420.5316	 231.0
50.5	 329.211093622	 14.616891455	 46.4495951381	 196.851933702	410.1468	 213.0
51.0	 240.43115953	 50.8540597467	 46.2735641989	 196.81878453	311.8908	 253.0
51.5	 309.801576109	 21.0131567386	 46.0975332597	 196.785635359	388.352	 220.0
52.0	 308.150557511	 21.0431626743	 45.9215023204	 196.752486188	386.352	 220.0
52.5	 299.281279025	 17.4524523743	 45.7454713812	 196.719337017	376.3776	 216.0
53.0	 287.580600444	 31.9653232524	 45.569440442	 196.686187845	363.2752	 232.0
53.5	 313.68852701	 43.7626569537	 45.3934095028	 196.653038674	391.942	 245.0
54.0	 295.28010953	 45.6030210072	 45.2173785635	 196.619889503	371.4292	 247.0
54.5	 351.83898378	 37.4864154128	 45.0413476243	 196.586740331	433.7368	 238.0
55.0	 290.399802127	 44.7578538196	 44.8653166851	 196.55359116	365.6856	 246.0
55.5	 294.272548218	 30.3049948129	 44.6892857459	 196.520441989	369.788	 230.0
56.0	 320.426819952	 34.860896043	 44.5132548066	 196.487292818	398.506	 235.0
56.5	 281.384664789	 7.73553021164	 44.3372238674	 196.454143646	355.198	 205.0
57.0	 166.748833987	 17.7225057952	 44.1611929282	 196.420994475	228.3776	 216.0
57.5	 145.183876094	 17.7525117309	 43.985161989	 196.387845304	204.3776	 216.0
58.0	 278.381364688	 21.4032339021	 43.8091310497	 196.354696133	351.352	 220.0
58.5	 210.675447374	 17.8125236022	 43.6331001105	 196.321546961	276.3776	 216.0
59.0	 238.89533772	 17.8425295378	 43.4570691713	 196.28839779	307.3776	 216.0
59.5	 231.465293939	 36.8812957104	 43.281038232	 196.255248619	298.9932	 237.0
60.0	 140.54949934	 17.9025414091	 43.1050072928	 196.222099448	198.3776	 216.0
60.5	 119.123939021	 31.5102332283	 42.9289763536	 196.188950276	174.5316	 231.0
61.0	 76.6935176049	 38.7816716352	 42.7529454144	 196.155801105	127.4804	 239.0
61.5	 158.365317594	 31.5702450996	 42.5769144751	 196.122651934	217.5316	 231.0
62.0	 110.59651216	 24.3588185641	 42.4008835359	 196.089502762	164.5828	 223.0
62.5	 118.15985431	 34.3457941476	 42.2248525967	 196.056353591	172.7624	 234.0
63.0	 210.786493341	 12.6515026697	 42.0488216575	 196.02320442	274.916	 210.0
63.5	 98.2162811519	 18.1125829587	 41.8727907182	 195.990055249	150.3776	 216.0
64.0	 106.05805638	 19.9529470122	 41.696759779	 195.956906077	158.8648	 218.0
64.5	 40.3945850952	 15.4570576533	 41.5207288398	 195.923756906	86.1468	 213.0
65.0	 67.4772084715	 16.3922426479	 41.3446979006	 195.890607735	115.8904	 214.0
65.5	 56.7284161884	 58.9656643519	 41.1686669613	 195.857458564	103.8396	 261.0
66.0	 43.1703101781	 10.1160011069	 40.9926360221	 195.824309392	88.6852	 207.0
66.5	 13.8997439918	 11.9563651603	 40.8166050829	 195.791160221	56.1724	 209.0
67.0	 -2.25731213246	 15.6070873316	 40.6405741436	 195.75801105	38.1468	 213.0
67.5	 -9.98932364805	 11.1111979727	 40.4645432044	 195.724861878	29.4288	 208.0
68.0	 11.9406584533	 3.89977143719	 40.2885122652	 195.691712707	53.48	 200.0
68.5	 0.263152455766	 14.7919260796	 40.112481326	 195.658563536	40.4032	 212.0
69.0	 19.640529611	 52.8394524891	 39.9364503867	 195.625414365	61.6344	 254.0
69.5	 46.8621884907	 32.0503400701	 39.7604194475	 195.592265193	91.5316	 231.0
70.0	 7.30951233849	 13.9767648277	 39.5843885083	 195.559116022	47.6596	 211.0
70.5	 30.1215009148	 10.3860545278	 39.4083575691	 195.525966851	72.6852	 207.0
71.0	 21.9716587456	 0.459090815509	 39.2323266298	 195.49281768	63.5056	 196.0
71.5	 20.0653796531	 5.01499204567	 39.0562956906	 195.459668508	61.2236	 201.0
72.0	 -24.9643539486	 29.4848325716	 38.8802647514	 195.426519337	11.3008	 228.0
72.5	 -33.5088541875	 10.5060782704	 38.7042338122	 195.393370166	1.6852	 207.0
73.0	 2.25407429196	 -1.23124355968	 38.5282028729	 195.360220994	41.0184	 194.0
73.5	 -1.18412983983	 -4.82195385962	 38.3521719337	 195.327071823	37.044	 190.0
74.0	 -30.2226081154	 -3.88676886507	 38.1761409945	 195.293922652	4.7876	 191.0
74.5	 -7.48013729084	 3.38466954179	 38.0001100552	 195.260773481	29.7364	 199.0
75.0	 -11.8003478976	 -3.82675699376	 37.824079116	 195.227624309	24.7876	 191.0
75.5	 -8.97181636883	 3.4446814131	 37.6480481768	 195.194475138	27.7364	 199.0
76.0	 -9.04456475962	 4.37986640765	 37.4720172376	 195.161325967	27.48	 200.0
76.5	 -0.460180631092	 -3.7367391868	 37.2959862983	 195.128176796	36.7876	 191.0
77.0	 -24.4854152069	 -8.23262854565	 37.1199553591	 195.095027624	10.0696	 186.0
77.5	 -47.0482424951	 6.28024233242	 36.9439244199	 195.061878453	-15.0328	 202.0
78.0	 1.61928071963	 -6.36225855654	 36.7678934807	 195.028729282	38.5568	 188.0
78.5	 -5.76441789409	 5.43507514482	 36.5918625414	 194.99558011	30.2236	 201.0
79.0	 -23.8944022951	 -0.871172331826	 36.4158316022	 194.962430939	10.0184	 194.0
79.5	 -10.2037220595	 6.40026607503	 36.239800663	 194.929281768	24.9672	 202.0
80.0	 -17.4715577537	 0.0940185983831	 36.0637697238	 194.896132597	16.762	 195.0
80.5	 -18.5653481229	 19.132784771	 35.8877387845	 194.862983425	15.3776	 216.0
81.0	 5.19816468014	 8.3006419998	 35.7117078453	 194.829834254	41.4544	 204.0
81.5	 -19.5233336278	 6.52028981765	 35.5356769061	 194.796685083	13.9672	 202.0
82.0	 -5.71679047262	 -4.3118529535	 35.3596459669	 194.763535912	29.044	 190.0
82.5	 -4.48970173484	 5.67512263006	 35.1836150276	 194.73038674	30.2236	 201.0
83.0	 -1.17382180073	 7.51548668351	 35.0075840884	 194.697237569	33.7108	 203.0
83.5	 -1.8269710041	 -6.93737232324	 34.8315531492	 194.664088398	32.8132	 187.0
84.0	 -25.2022870156	 -6.90736638759	 34.6555222099	 194.630939227	6.8132	 187.0
84.5	 -6.01101467488	 -10.4980766875	 34.4794912707	 194.597790055	27.8388	 183.0
85.0	 -19.2667908795	 -0.511101103976	 34.3034603315	 194.564640884	13.0184	 194.0
85.5	 -12.5622826205	 2.23444200838	 34.1274293923	 194.531491713	20.2492	 197.0
86.0	 0.50165163472	 1.35926888513	 33.951398453	 194.498342541	34.5056	 196.0
86.5	 -9.04071799867	 -3.13662047372	 33.7753675138	 194.46519337	23.7876	 191.0
87.0	 12.8197463509	 0.514101697541	 33.5993365746	 194.432044199	47.762	 195.0
87.5	 -11.8785793731	 -4.88696672021	 33.4233056354	 194.398895028	20.3004	 189.0
88.0	 -6.31133808365	 -1.23624454895	 33.2472746961	 194.365745856	26.2748	 193.0
88.5	 -2.11345167456	 4.22483574011	 33.0712437569	 194.332596685	30.7364	 199.0
89.0	 1.68977666486	 0.634125440158	 32.8952128177	 194.299447514	34.762	 195.0
89.5	 -12.4480060148	 7.00038478812	 32.7191818785	 194.266298343	18.9672	 202.0
90.0	 16.7929263095	 -11.0731904542	 32.5431509392	 194.233149171	51.0952	 182.0
Actin association begins: 3.5
Actin association ends: 66.5
Length of actin association: 63.0
Area under actin curve during patch life: 35412.1671321
Cofilin association begins: 27.5
Cofilin association ends: 72.5
Length of cofilin association: 45.0
Delay between actin and cofilin association: 24.0
Area under cofilin curve during patch life: 2603.70905531
Cofilin intensity score: 260.463714719