Time	 Int488	 Int561	 Back488	 Back561	 Raw488	 Raw561
0.0	 -4.18496	 -33.6	 151.74456	 494.6	147.5596	 461.0
0.5	 -27.0063321212	 -18.896969697	 153.976332121	 493.896969697	126.97	 475.0
1.0	 -20.9553042424	 54.8060606061	 156.208104242	 493.193939394	135.2528	 548.0
1.5	 30.7353236364	 -10.4909090909	 158.439876364	 492.490909091	189.1752	 482.0
2.0	 -0.906448484849	 15.2121212121	 160.671648485	 491.787878788	159.7652	 507.0
2.5	 -32.7270206061	 107.915151515	 162.903420606	 491.084848485	130.1764	 599.0
3.0	 8.14280727273	 14.6181818182	 165.135192727	 490.381818182	173.278	 505.0
3.5	 106.680635152	 51.3212121212	 167.366964848	 489.678787879	274.0476	 541.0
4.0	 77.3460630303	 29.0242424242	 169.59873697	 488.975757576	246.9448	 518.0
4.5	 196.294690909	 118.727272727	 171.830509091	 488.272727273	368.1252	 607.0
5.0	 123.267718788	 87.4303030303	 174.062281212	 487.56969697	297.33	 575.0
5.5	 217.447146667	 180.133333333	 176.294053333	 486.866666667	393.7412	 667.0
6.0	 460.010574545	 212.836363636	 178.525825455	 486.163636364	638.5364	 699.0
6.5	 382.831202424	 322.539393939	 180.757597576	 485.460606061	563.5888	 808.0
7.0	 489.574230303	 366.242424242	 182.989369697	 484.757575758	672.5636	 851.0
7.5	 512.240058182	 382.945454545	 185.221141818	 484.054545455	697.4612	 867.0
8.0	 643.546686061	 377.648484848	 187.452913939	 483.351515152	830.9996	 861.0
8.5	 669.007713939	 426.351515152	 189.684686061	 482.648484848	858.6924	 909.0
9.0	 578.135941818	 527.054545455	 191.916458182	 481.945454545	770.0524	 1009.0
9.5	 673.623769697	 688.757575758	 194.148230303	 481.242424242	867.772	 1170.0
10.0	 933.159997576	 569.460606061	 196.380002424	 480.539393939	1129.54	 1050.0
10.5	 756.238225455	 795.163636364	 198.611774545	 479.836363636	954.85	 1275.0
11.0	 1184.92885333	 729.866666667	 200.843546667	 479.133333333	1385.7724	 1209.0
11.5	 952.595481212	 824.56969697	 203.075318788	 478.43030303	1155.6708	 1303.0
12.0	 885.465709091	 770.272727273	 205.307090909	 477.727272727	1090.7728	 1248.0
12.5	 1006.23353697	 731.975757576	 207.53886303	 477.024242424	1213.7724	 1209.0
13.0	 1028.10576485	 872.678787879	 209.770635152	 476.321212121	1237.8764	 1349.0
13.5	 960.924792727	 826.381818182	 212.002407273	 475.618181818	1172.9272	 1302.0
14.0	 1039.10262061	 763.084848485	 214.234179394	 474.915151515	1253.3368	 1238.0
14.5	 1190.84644848	 884.787878788	 216.465951515	 474.212121212	1407.3124	 1359.0
15.0	 1248.25667636	 980.490909091	 218.697723636	 473.509090909	1466.9544	 1454.0
15.5	 1212.22970424	 949.193939394	 220.929495758	 472.806060606	1433.1592	 1422.0
16.0	 1237.97353212	 1070.8969697	 223.161267879	 472.103030303	1461.1348	 1543.0
16.5	 1146.64056	 1204.6	 225.39304	 471.4	1372.0336	 1676.0
17.0	 1194.45998788	 1197.3030303	 227.624812121	 470.696969697	1422.0848	 1668.0
17.5	 1303.58901576	 1376.00606061	 229.856584242	 469.993939394	1533.4456	 1846.0
18.0	 1221.35684364	 1337.70909091	 232.088356364	 469.290909091	1453.4452	 1807.0
18.5	 1325.76707152	 1433.41212121	 234.320128485	 468.587878788	1560.0872	 1902.0
19.0	 1095.58489939	 1270.11515152	 236.551900606	 467.884848485	1332.1368	 1738.0
19.5	 1184.84312727	 1545.81818182	 238.783672727	 467.181818182	1423.6268	 2013.0
20.0	 1274.27455515	 1208.52121212	 241.015444848	 466.478787879	1515.29	 1675.0
20.5	 1064.11958303	 1197.22424242	 243.24721697	 465.775757576	1307.3668	 1663.0
21.0	 1185.50261091	 1140.92727273	 245.478989091	 465.072727273	1430.9816	 1606.0
21.5	 1169.76083879	 1416.63030303	 247.710761212	 464.36969697	1417.4716	 1881.0
22.0	 1182.65466667	 1163.33333333	 249.942533333	 463.666666667	1432.5972	 1627.0
22.5	 1126.03809455	 1146.03636364	 252.174305455	 462.963636364	1378.2124	 1609.0
23.0	 871.395522424	 1093.73939394	 254.406077576	 462.260606061	1125.8016	 1556.0
23.5	 843.622950303	 866.442424242	 256.637849697	 461.557575758	1100.2608	 1328.0
24.0	 112.409578182	 161.145454545	 258.869621818	 460.854545455	371.2792	 622.0
24.5	 248.331406061	 137.848484848	 261.101393939	 460.151515152	509.4328	 598.0
25.0	 18.6372339394	 54.5515151515	 263.333166061	 459.448484848	281.9704	 514.0
25.5	 -10.2369381818	 -78.7454545455	 265.564938182	 458.745454545	255.328	 380.0
26.0	 13.480489697	 -31.0424242424	 267.796710303	 458.042424242	281.2772	 427.0
26.5	 -51.8028824242	 -61.3393939394	 270.028482424	 457.339393939	218.2256	 396.0
27.0	 108.093745455	 -41.6363636364	 272.260254545	 456.636363636	380.354	 415.0
27.5	 0.195973333333	 24.0666666667	 274.492026667	 455.933333333	274.688	 480.0
28.0	 7.14300121212	 -42.2303030303	 276.723798788	 455.23030303	283.8668	 413.0
28.5	 5.09082909091	 -30.5272727273	 278.955570909	 454.527272727	284.0464	 424.0
29.0	 0.320656969697	 -23.8242424242	 281.18734303	 453.824242424	281.508	 430.0
29.5	 -5.14111515152	 51.8787878788	 283.419115152	 453.121212121	278.278	 505.0
30.0	 66.9343127273	 4.58181818182	 285.650887273	 452.418181818	352.5852	 457.0
30.5	 19.3689406061	 -20.7151515152	 287.882659394	 451.715151515	307.2516	 431.0
31.0	 -21.7604315152	 -36.0121212121	 290.114431515	 451.012121212	268.354	 415.0
31.5	 29.8797963636	 -15.3090909091	 292.346203636	 450.309090909	322.226	 435.0
32.0	 -1.55637575758	 56.3939393939	 294.577975758	 449.606060606	293.0216	 506.0
32.5	 7.54465212121	 5.09696969697	 296.809747879	 448.903030303	304.3544	 454.0
Actin association begins: 3.0
Actin association ends: 25.0
Length of actin association: 22.0
Cofilin association begins: 2.0
Cofilin association ends: 25.0
Length of cofilin association: 23.0
Delay between actin and cofilin association: -1.0
Maximum normalized actin intensity: 1325.76707152
Maximum normalized cofilin intensity: 1545.81818182