Time	 Int488	 Int561	 Back488	 Back561	 Raw488	 Raw561
0.0	 -2.98456	 5.4	 116.59296	 213.6	113.6084	 219.0
0.5	 2.33451716129	 2.52	 116.043082839	 213.48	118.3776	 216.0
1.0	 -21.0644056774	 -5.36	 115.493205677	 213.36	94.4288	 208.0
1.5	 15.2034714839	 -0.24	 114.943328516	 213.24	130.1468	 213.0
2.0	 12.0097486452	 -1.12	 114.393451355	 213.12	126.4032	 212.0
2.5	 41.8416258065	 -6.0	 113.843574194	 213.0	155.6852	 207.0
3.0	 27.9815029677	 19.12	 113.293697032	 212.88	141.2752	 232.0
3.5	 29.146580129	 1.24	 112.743819871	 212.76	141.8904	 214.0
4.0	 27.6196572903	 13.36	 112.19394271	 212.64	139.8136	 226.0
4.5	 128.836334452	 26.48	 111.644065548	 212.52	240.4804	 239.0
5.0	 167.129811613	 27.6	 111.094188387	 212.4	278.224	 240.0
5.5	 77.7564887742	 15.72	 110.544311226	 212.28	188.3008	 228.0
6.0	 112.306365935	 15.84	 109.994434065	 212.16	222.3008	 228.0
6.5	 145.394643097	 9.96	 109.444556903	 212.04	254.8392	 222.0
7.0	 134.482920258	 4.08	 108.894679742	 211.92	243.3776	 216.0
7.5	 130.058797419	 39.2	 108.344802581	 211.8	238.4036	 251.0
8.0	 177.403474581	 32.32	 107.794925419	 211.68	285.1984	 244.0
8.5	 215.132951742	 43.44	 107.245048258	 211.56	322.378	 255.0
9.0	 152.887628903	 11.56	 106.695171097	 211.44	259.5828	 223.0
9.5	 190.668306065	 14.68	 106.145293935	 211.32	296.8136	 226.0
10.0	 250.192583226	 18.8	 105.595416774	 211.2	355.788	 230.0
10.5	 230.742460387	 18.92	 105.045539613	 211.08	335.788	 230.0
11.0	 233.164337548	 39.04	 104.495662452	 210.96	337.66	 250.0
11.5	 183.22701471	 37.16	 103.94578529	 210.84	287.1728	 248.0
12.0	 272.751291871	 41.28	 103.395908129	 210.72	376.1472	 252.0
12.5	 279.557569032	 40.4	 102.846030968	 210.6	382.4036	 251.0
13.0	 336.005046194	 56.52	 102.296153806	 210.48	438.3012	 267.0
13.5	 378.606523355	 87.64	 101.746276645	 210.36	480.3528	 298.0
14.0	 405.694800516	 81.76	 101.196399484	 210.24	506.8912	 292.0
14.5	 434.578277677	 107.88	 100.646522323	 210.12	535.2248	 318.0
15.0	 304.948554839	 97.0	 100.096645161	 210.0	405.0452	 307.0
15.5	 260.780432	 92.12	 99.546768	 209.88	360.3272	 302.0
16.0	 363.022309161	 62.24	 98.9968908387	 209.76	462.0192	 272.0
16.5	 371.905786323	 88.36	 98.4470136774	 209.64	470.3528	 298.0
17.0	 411.866063484	 102.48	 97.8971365161	 209.52	509.7632	 312.0
17.5	 472.133940645	 107.6	 97.3472593548	 209.4	569.4812	 317.0
18.0	 490.863017806	 79.72	 96.7973821935	 209.28	587.6604	 289.0
18.5	 352.028494968	 100.84	 96.2475050323	 209.16	448.276	 310.0
19.0	 427.295972129	 66.96	 95.697627871	 209.04	522.9936	 276.0
19.5	 506.61504929	 64.08	 95.1477507097	 208.92	601.7628	 273.0
20.0	 417.498126452	 51.2	 94.5978735484	 208.8	512.096	 260.0
20.5	 404.689203613	 68.32	 94.0479963871	 208.68	498.7372	 277.0
21.0	 607.367480774	 87.44	 93.4981192258	 208.56	700.8656	 296.0
21.5	 649.506957935	 73.56	 92.9482420645	 208.44	742.4552	 282.0
22.0	 754.236835097	 123.68	 92.3983649032	 208.32	846.6352	 332.0
22.5	 590.658312258	 104.8	 91.8484877419	 208.2	682.5068	 313.0
23.0	 672.772189419	 94.92	 91.2986105806	 208.08	764.0708	 303.0
23.5	 657.039666581	 61.04	 90.7487334194	 207.96	747.7884	 269.0
24.0	 707.308343742	 144.16	 90.1988562581	 207.84	797.5072	 352.0
24.5	 869.883820903	 140.28	 89.6489790968	 207.72	959.5328	 348.0
25.0	 804.177298065	 141.4	 89.0991019355	 207.6	893.2764	 349.0
25.5	 693.419175226	 111.52	 88.5492247742	 207.48	781.9684	 319.0
26.0	 790.327852387	 94.64	 87.9993476129	 207.36	878.3272	 302.0
26.5	 728.338929548	 61.76	 87.4494704516	 207.24	815.7884	 269.0
27.0	 712.94080671	 131.88	 86.8995932903	 207.12	799.8404	 339.0
27.5	 757.208283871	 98.0	 86.349716129	 207.0	843.558	 305.0
28.0	 812.937761032	 109.12	 85.7998389677	 206.88	898.7376	 316.0
28.5	 877.948838194	 76.24	 85.2499618065	 206.76	963.1988	 283.0
29.0	 802.601115355	 60.36	 84.7000846452	 206.64	887.3012	 267.0
29.5	 706.894592516	 61.48	 84.1502074839	 206.52	791.0448	 268.0
30.0	 738.674869677	 25.6	 83.6003303226	 206.4	822.2752	 232.0
30.5	 725.429946839	 32.72	 83.0504531613	 206.28	808.4804	 239.0
31.0	 730.954224	 36.84	 82.500576	 206.16	813.4548	 243.0
31.5	 737.145301161	 53.96	 81.9506988387	 206.04	819.096	 260.0
32.0	 674.823178323	 34.08	 81.4008216774	 205.92	756.224	 240.0
32.5	 657.475855484	 57.2	 80.8509445161	 205.8	738.3268	 263.0
33.0	 633.102132645	 6.32	 80.3010673548	 205.68	713.4032	 212.0
33.5	 704.344409806	 15.44	 79.7511901935	 205.56	784.0956	 221.0
34.0	 774.715086968	 43.56	 79.2013130323	 205.44	853.9164	 249.0
34.5	 679.598164129	 30.68	 78.651435871	 205.32	758.2496	 236.0
35.0	 721.91724129	 27.8	 78.1015587097	 205.2	800.0188	 233.0
35.5	 684.082718452	 48.92	 77.5516815484	 205.08	761.6344	 254.0
36.0	 596.068195613	 20.04	 77.0018043871	 204.96	673.07	 225.0
36.5	 553.874472774	 19.16	 76.4519272258	 204.84	630.3264	 224.0
37.0	 689.501549935	 46.28	 75.9020500645	 204.72	765.4036	 251.0
37.5	 635.179827097	 65.4	 75.3521729032	 204.6	710.532	 270.0
38.0	 856.319304258	 51.52	 74.8022957419	 204.48	931.1216	 256.0
38.5	 791.612781419	 52.64	 74.2524185806	 204.36	865.8652	 257.0
39.0	 770.598658581	 62.76	 73.7025414194	 204.24	844.3012	 267.0
39.5	 782.507735742	 84.88	 73.1526642581	 204.12	855.6604	 289.0
40.0	 737.852412903	 78.0	 72.6027870968	 204.0	810.4552	 282.0
40.5	 733.684690065	 112.12	 72.0529099355	 203.88	805.7376	 316.0
41.0	 782.798567226	 102.24	 71.5030327742	 203.76	854.3016	 306.0
41.5	 848.835644387	 104.36	 70.9531556129	 203.64	919.7888	 308.0
42.0	 820.513921548	 123.48	 70.4032784516	 203.52	890.9172	 327.0
42.5	 864.26859871	 91.6	 69.8534012903	 203.4	934.122	 295.0
43.0	 885.305675871	 93.72	 69.303524129	 203.28	954.6092	 297.0
43.5	 1056.31715303	 99.84	 68.7536469677	 203.16	1125.0708	 303.0
44.0	 872.251830194	 117.96	 68.2037698065	 203.04	940.4556	 321.0
44.5	 875.416907355	 100.08	 67.6538926452	 202.92	943.0708	 303.0
45.0	 862.530784516	 90.2	 67.1040154839	 202.8	929.6348	 293.0
45.5	 835.747461677	 103.32	 66.5541383226	 202.68	902.3016	 306.0
46.0	 914.040938839	 104.44	 66.0042611613	 202.56	980.0452	 307.0
46.5	 802.283216	 113.56	 65.454384	 202.44	867.7376	 316.0
47.0	 900.397093161	 103.68	 64.9045068387	 202.32	965.3016	 306.0
47.5	 975.254570323	 94.8	 64.3546296774	 202.2	1039.6092	 297.0
48.0	 827.291247484	 57.92	 63.8047525161	 202.08	891.096	 260.0
48.5	 963.097524645	 57.04	 63.2548753548	 201.96	1026.3524	 259.0
49.0	 835.391401806	 97.16	 62.7049981935	 201.84	898.0964	 299.0
49.5	 796.735678968	 51.28	 62.1551210323	 201.72	858.8908	 253.0
50.0	 833.721956129	 100.4	 61.605243871	 201.6	895.3272	 302.0
50.5	 796.78463329	 98.52	 61.0553667097	 201.48	857.84	 300.0
51.0	 787.718910452	 77.64	 60.5054895484	 201.36	848.2244	 279.0
51.5	 664.371587613	 100.76	 59.9556123871	 201.24	724.3272	 302.0
52.0	 597.177464774	 60.88	 59.4057352258	 201.12	656.5832	 262.0
52.5	 546.291341935	 51.0	 58.8558580645	 201.0	605.1472	 252.0
53.0	 692.969619097	 70.12	 58.3059809032	 200.88	751.2756	 271.0
53.5	 786.340296258	 98.24	 57.7561037419	 200.76	844.0964	 299.0
54.0	 810.556973419	 111.36	 57.2062265806	 200.64	867.7632	 312.0
54.5	 714.388850581	 106.48	 56.6563494194	 200.52	771.0452	 307.0
55.0	 784.118327742	 117.6	 56.1064722581	 200.4	840.2248	 318.0
55.5	 785.949804903	 73.72	 55.5565950968	 200.28	841.5064	 274.0
56.0	 287.960482065	 1.84	 55.0067179355	 200.16	342.9672	 202.0
56.5	 44.9207592258	 15.96	 54.4568407742	 200.04	99.3776	 216.0
57.0	 132.060236387	 2.08	 53.9069636129	 199.92	185.9672	 202.0
57.5	 148.789713548	 13.2	 53.3570864516	 199.8	202.1468	 213.0
58.0	 151.72439071	 31.32	 52.8072092903	 199.68	204.5316	 231.0
58.5	 173.043467871	 28.44	 52.257332129	 199.56	225.3008	 228.0
59.0	 108.285345032	 -1.44	 51.7074549677	 199.44	159.9928	 198.0
59.5	 145.732822194	 14.68	 51.1575778065	 199.32	196.8904	 214.0
60.0	 123.949499355	 27.8	 50.6077006452	 199.2	174.5572	 227.0
60.5	 98.4477765161	 -3.08	 50.0578234839	 199.08	148.5056	 196.0
61.0	 45.2284536774	 0.04	 49.5079463226	 198.96	94.7364	 199.0
61.5	 17.8551308387	 -11.84	 48.9580691613	 198.84	66.8132	 187.0
62.0	 4.097408	 -2.72	 48.408192	 198.72	52.5056	 196.0
62.5	 -12.6859148387	 10.4	 47.8583148387	 198.6	35.1724	 209.0
63.0	 22.2227623226	 -6.48	 47.3084376774	 198.48	69.5312	 192.0
63.5	 1.28543948387	 -8.36	 46.7585605161	 198.36	48.044	 190.0
64.0	 -8.95948335484	 -1.24	 46.2086833548	 198.24	37.2492	 197.0
64.5	 -18.9224061935	 0.88	 45.6588061935	 198.12	26.7364	 199.0
65.0	 -32.5777290323	 -6.0	 45.1089290323	 198.0	12.5312	 192.0
65.5	 -20.207051871	 22.12	 44.559051871	 197.88	24.352	 220.0
66.0	 -0.247174709677	 -2.76	 44.0091747097	 197.76	43.762	 195.0
66.5	 1.53350245161	 0.36	 43.4592975484	 197.64	44.9928	 198.0
67.0	 3.6985796129	 -17.52	 42.9094203871	 197.52	46.608	 180.0
67.5	 -30.6231432258	 1.6	 42.3595432258	 197.4	11.7364	 199.0
68.0	 4.77273393548	 -13.28	 41.8096660645	 197.28	46.5824	 184.0
68.5	 -4.70298890323	 -9.16	 41.2597889032	 197.16	36.5568	 188.0
69.0	 -9.22991174194	 2.96	 40.7099117419	 197.04	31.48	 200.0
69.5	 8.85836541935	 -2.92	 40.1600345806	 196.92	49.0184	 194.0
70.0	 3.74144258065	 -15.8	 39.6101574194	 196.8	43.3516	 181.0
70.5	 -8.60588025806	 7.32	 39.0602802581	 196.68	30.4544	 204.0
71.0	 -12.4664030968	 -6.56	 38.5104030968	 196.56	26.044	 190.0
71.5	 -17.1729259355	 -5.44	 37.9605259355	 196.44	20.7876	 191.0
72.0	 15.0693512258	 3.68	 37.4106487742	 196.32	52.48	 200.0
72.5	 -10.9451716129	 -25.2	 36.8607716129	 196.2	25.9156	 171.0
73.0	 3.98950554839	 -7.08	 36.3108944516	 196.08	40.3004	 189.0
73.5	 26.2829827097	 -5.96	 35.7610172903	 195.96	62.044	 190.0
74.0	 20.268859871	 4.16	 35.211140129	 195.84	55.48	 200.0
74.5	 -2.61726296774	 -5.72	 34.6612629677	 195.72	32.044	 190.0
75.0	 21.9838141935	 -13.6	 34.1113858065	 195.6	56.0952	 182.0
75.5	 -15.0815086452	 4.52	 33.5615086452	 195.48	18.48	 200.0
76.0	 -13.0700314839	 10.64	 33.0116314839	 195.36	19.9416	 206.0
76.5	 0.582245677419	 -5.24	 32.4617543226	 195.24	33.044	 190.0
77.0	 -2.66267716129	 1.88	 31.9118771613	 195.12	29.2492	 197.0
Actin association begins: 1.5
Actin association ends: 62.0
Length of actin association: 60.5
Cofilin association begins: 3.0
Cofilin association ends: 58.5
Length of cofilin association: 55.5
Delay between actin and cofilin association: 1.5
Maximum normalized actin intensity: 1056.31715303
Maximum normalized cofilin intensity: 144.16