Time	 Int488	 Int561	 Back488	 Back561	 Raw488	 Raw561
0.0	 -7.48712	 5.8	 88.89432	 596.2	81.4072	 602.0
0.5	 -1.5040201227	 -25.3975460123	 89.1160201227	 595.397546012	87.612	 570.0
1.0	 7.5306797546	 -25.5950920245	 89.3377202454	 594.595092025	96.8684	 569.0
1.5	 -6.6650203681	 10.2073619632	 89.5594203681	 593.792638037	82.8944	 604.0
2.0	 5.9084795092	 43.0098159509	 89.7811204908	 592.990184049	95.6896	 636.0
2.5	 25.4295793865	 -33.1877300613	 90.0028206135	 592.187730061	115.4324	 559.0
3.0	 18.6706792638	 90.6147239264	 90.2245207362	 591.385276074	108.8952	 682.0
3.5	 -19.9622208589	 -0.58282208589	 90.4462208589	 590.582822086	70.484	 590.0
4.0	 16.4828790184	 13.2196319018	 90.6679209816	 589.780368098	107.1508	 603.0
4.5	 44.6459788957	 32.0220858896	 90.8896211043	 588.97791411	135.5356	 621.0
5.0	 4.65507877301	 35.8245398773	 91.111321227	 588.175460123	95.7664	 624.0
5.5	 54.6125786503	 8.62699386503	 91.3330213497	 587.373006135	145.9456	 596.0
6.0	 32.8524785276	 15.4294478528	 91.5547214724	 586.570552147	124.4072	 602.0
6.5	 16.6823784049	 47.2319018405	 91.7764215951	 585.76809816	108.4588	 633.0
7.0	 50.2038782822	 10.0343558282	 91.9981217178	 584.965644172	142.202	 595.0
7.5	 7.41777815951	 -18.163190184	 92.2198218405	 584.163190184	99.6376	 566.0
8.0	 34.4272780368	 24.6392638037	 92.4415219632	 583.360736196	126.8688	 608.0
8.5	 57.8723779141	 38.4417177914	 92.6632220859	 582.558282209	150.5356	 621.0
9.0	 101.496677791	 24.2441717791	 92.8849222086	 581.755828221	194.3816	 606.0
9.5	 102.326577669	 56.0466257669	 93.1066223313	 580.953374233	195.4332	 637.0
10.0	 84.566477546	 62.8490797546	 93.328322454	 580.150920245	177.8948	 643.0
10.5	 100.011577423	 76.6515337423	 93.5500225767	 579.348466258	193.5616	 656.0
11.0	 112.584277301	 31.4539877301	 93.7717226994	 578.54601227	206.356	 610.0
11.5	 165.593777178	 74.2564417178	 93.9934228221	 577.743558282	259.5872	 652.0
12.0	 164.987277055	 57.0588957055	 94.2151229448	 576.941104294	259.2024	 634.0
12.5	 164.534776933	 54.8613496933	 94.4368230675	 576.138650307	258.9716	 631.0
13.0	 112.08267681	 91.663803681	 94.6585231902	 575.336196319	206.7412	 667.0
13.5	 244.938176687	 119.466257669	 94.8802233129	 574.533742331	339.8184	 694.0
14.0	 158.792876564	 69.2687116564	 95.1019234356	 573.731288344	253.8948	 643.0
14.5	 179.469176442	 125.071165644	 95.3236235583	 572.928834356	274.7928	 698.0
15.0	 144.169876319	 59.8736196319	 95.545323681	 572.126380368	239.7152	 632.0
15.5	 189.922976196	 103.67607362	 95.7670238037	 571.32392638	285.69	 675.0
16.0	 173.060076074	 87.4785276074	 95.9887239264	 570.521472393	269.0488	 658.0
16.5	 208.659175951	 116.280981595	 96.2104240491	 569.719018405	304.8696	 686.0
17.0	 175.874275828	 205.083435583	 96.4321241718	 568.916564417	272.3064	 774.0
17.5	 227.574575706	 100.885889571	 96.6538242945	 568.114110429	324.2284	 669.0
18.0	 196.634875583	 96.6883435583	 96.8755244172	 567.311656442	293.5104	 664.0
18.5	 217.69517546	 92.490797546	 97.0972245399	 566.509202454	314.7924	 659.0
19.0	 229.730275337	 131.293251534	 97.3189246626	 565.706748466	327.0492	 697.0
19.5	 245.149375215	 110.095705521	 97.5406247853	 564.904294479	342.69	 675.0
20.0	 220.646075092	 154.898159509	 97.762324908	 564.101840491	318.4084	 719.0
20.5	 239.449974969	 151.700613497	 97.9840250307	 563.299386503	337.434	 715.0
21.0	 248.510274847	 147.503067485	 98.2057251534	 562.496932515	346.716	 710.0
21.5	 217.083774724	 180.305521472	 98.4274252761	 561.694478528	315.5112	 742.0
22.0	 284.092874601	 184.10797546	 98.6491253988	 560.89202454	382.742	 745.0
22.5	 297.742774479	 165.910429448	 98.8708255215	 560.089570552	396.6136	 726.0
23.0	 364.957074356	 176.712883436	 99.0925256442	 559.287116564	464.0496	 736.0
23.5	 350.196974233	 183.515337423	 99.3142257669	 558.484662577	449.5112	 742.0
24.0	 341.48807411	 182.317791411	 99.5359258896	 557.682208589	441.024	 740.0
24.5	 407.035973988	 219.120245399	 99.7576260123	 556.879754601	506.7936	 776.0
25.0	 363.942273865	 199.922699387	 99.979326135	 556.077300613	463.9216	 756.0
25.5	 426.464573742	 240.725153374	 100.201026258	 555.274846626	526.6656	 796.0
26.0	 394.16527362	 175.527607362	 100.42272638	 554.472392638	494.588	 730.0
26.5	 353.380373497	 264.33006135	 100.644426503	 553.66993865	454.0248	 818.0
27.0	 426.492673374	 330.132515337	 100.866126626	 552.867484663	527.3588	 883.0
27.5	 367.962573252	 261.934969325	 101.087826748	 552.065030675	469.0504	 814.0
28.0	 411.484073129	 224.737423313	 101.309526871	 551.262576687	512.7936	 776.0
28.5	 489.929573006	 277.539877301	 101.531226994	 550.460122699	591.4608	 828.0
29.0	 409.015872883	 308.342331288	 101.752927117	 549.657668712	510.7688	 858.0
29.5	 435.793372761	 231.144785276	 101.974627239	 548.855214724	537.768	 780.0
30.0	 479.904872638	 218.947239264	 102.196327362	 548.052760736	582.1012	 767.0
30.5	 361.914372515	 261.749693252	 102.418027485	 547.250306748	464.3324	 809.0
31.0	 343.513472393	 290.552147239	 102.639727607	 546.447852761	446.1532	 837.0
31.5	 452.67657227	 309.354601227	 102.86142773	 545.645398773	555.538	 855.0
32.0	 407.838872147	 250.157055215	 103.083127853	 544.842944785	510.922	 795.0
32.5	 383.130372025	 287.959509202	 103.304827975	 544.040490798	486.4352	 832.0
33.0	 376.293071902	 267.76196319	 103.526528098	 543.23803681	479.8196	 811.0
33.5	 416.968971779	 284.564417178	 103.748228221	 542.435582822	520.7172	 827.0
34.0	 427.618871656	 266.366871166	 103.969928344	 541.633128834	531.5888	 808.0
34.5	 406.987971534	 370.169325153	 104.191628466	 540.830674847	511.1796	 911.0
35.0	 436.201871411	 341.971779141	 104.413328589	 540.028220859	540.6152	 882.0
35.5	 426.492971288	 340.774233129	 104.635028712	 539.225766871	531.128	 880.0
36.0	 467.373671166	 325.576687117	 104.856728834	 538.423312883	572.2304	 864.0
36.5	 425.997571043	 272.379141104	 105.078428957	 537.620858896	531.076	 810.0
37.0	 387.26347092	 314.181595092	 105.30012908	 536.818404908	492.5636	 851.0
37.5	 506.221370798	 325.98404908	 105.521829202	 536.01595092	611.7432	 862.0
38.0	 529.024470675	 244.786503067	 105.743529325	 535.213496933	634.768	 780.0
38.5	 328.263970552	 212.588957055	 105.965229448	 534.411042945	434.2292	 747.0
39.0	 339.428270429	 348.391411043	 106.186929571	 533.608588957	445.6152	 882.0
39.5	 347.206170307	 310.193865031	 106.408629693	 532.806134969	453.6148	 843.0
40.0	 396.240470184	 270.996319018	 106.630329816	 532.003680982	502.8708	 803.0
40.5	 471.427970061	 168.798773006	 106.852029939	 531.201226994	578.28	 700.0
41.0	 345.873869939	 260.601226994	 107.073730061	 530.398773006	452.9476	 791.0
41.5	 329.472969816	 289.403680982	 107.295430184	 529.596319018	436.7684	 819.0
42.0	 331.660869693	 226.206134969	 107.517130307	 528.793865031	439.178	 755.0
42.5	 319.029169571	 252.008588957	 107.738830429	 527.991411043	426.768	 780.0
43.0	 345.089069448	 208.811042945	 107.960530552	 527.188957055	453.0496	 736.0
43.5	 373.764969325	 225.613496933	 108.182230675	 526.386503067	481.9472	 752.0
44.0	 332.312869202	 262.41595092	 108.403930798	 525.58404908	440.7168	 788.0
44.5	 291.50156908	 277.218404908	 108.62563092	 524.781595092	400.1272	 802.0
45.0	 194.920668957	 256.020858896	 108.847331043	 523.979141104	303.768	 780.0
45.5	 279.314568834	 277.823312883	 109.069031166	 523.176687117	388.3836	 801.0
46.0	 335.656068712	 190.625766871	 109.290731288	 522.374233129	444.9468	 713.0
46.5	 285.151968589	 157.428220859	 109.512431411	 521.571779141	394.6644	 679.0
47.0	 308.545868466	 179.230674847	 109.734131534	 520.769325153	418.28	 700.0
47.5	 270.606568344	 214.033128834	 109.955831656	 519.966871166	380.5624	 734.0
48.0	 190.566468221	 420.835582822	 110.177531779	 519.164417178	300.744	 940.0
48.5	 255.881968098	 298.63803681	 110.399231902	 518.36196319	366.2812	 817.0
49.0	 249.276667975	 398.440490798	 110.620932025	 517.559509202	359.8976	 916.0
49.5	 316.207367853	 258.242944785	 110.842632147	 516.757055215	427.05	 775.0
50.0	 332.34446773	 242.045398773	 111.06433227	 515.954601227	443.4088	 758.0
50.5	 194.634767607	 162.847852761	 111.286032393	 515.152147239	305.9208	 678.0
51.0	 233.361467485	 132.650306748	 111.507732515	 514.349693252	344.8692	 647.0
51.5	 161.959767362	 83.4527607362	 111.729432638	 513.547239264	273.6892	 597.0
52.0	 167.404467239	 58.2552147239	 111.951132761	 512.744785276	279.3556	 571.0
52.5	 152.824767117	 154.057668712	 112.172832883	 511.942331288	264.9976	 666.0
53.0	 86.6022669939	 76.8601226994	 112.394533006	 511.139877301	198.9968	 588.0
53.5	 244.740966871	 216.662576687	 112.616233129	 510.337423313	357.3572	 727.0
54.0	 366.723666748	 146.465030675	 112.837933252	 509.534969325	479.5616	 656.0
54.5	 174.607966626	 482.267484663	 113.059633374	 508.732515337	287.6676	 991.0
55.0	 228.999066503	 231.06993865	 113.281333497	 507.93006135	342.2804	 739.0
55.5	 146.26416638	 194.872392638	 113.50303362	 507.127607362	259.7672	 702.0
56.0	 226.170466258	 175.674846626	 113.724733742	 506.325153374	339.8952	 682.0
56.5	 190.153166135	 105.477300613	 113.946433865	 505.522699387	304.0996	 611.0
57.0	 212.623466012	 76.2797546012	 114.168133988	 504.720245399	326.7916	 581.0
57.5	 100.17096589	 74.082208589	 114.38983411	 503.917791411	214.5608	 578.0
58.0	 116.256865767	 65.8846625767	 114.611534233	 503.115337423	230.8684	 569.0
58.5	 119.522765644	 107.687116564	 114.833234356	 502.312883436	234.356	 610.0
59.0	 45.4798655215	 41.4895705521	 115.054934479	 501.510429448	160.5348	 543.0
59.5	 83.3349653988	 30.2920245399	 115.276634601	 500.70797546	198.6116	 531.0
60.0	 64.0364652761	 43.0944785276	 115.498334724	 499.905521472	179.5348	 543.0
60.5	 35.0715651534	 81.8969325153	 115.720034847	 499.103067485	150.7916	 581.0
61.0	 76.0542650307	 11.6993865031	 115.941734969	 498.300613497	191.996	 510.0
61.5	 34.012564908	 62.5018404908	 116.163435092	 497.498159509	150.176	 560.0
62.0	 80.4056647853	 6.30429447853	 116.385135215	 496.695705521	196.7908	 503.0
62.5	 31.6459646626	 52.1067484663	 116.606835337	 495.893251534	148.2528	 548.0
63.0	 71.4242645399	 52.909202454	 116.82853546	 495.090797546	188.2528	 548.0
63.5	 52.9717644172	 50.7116564417	 117.050235583	 494.288343558	170.022	 545.0
64.0	 90.5960642945	 36.5141104294	 117.271935706	 493.485889571	207.868	 530.0
64.5	 58.4259641718	 68.3165644172	 117.493635828	 492.683435583	175.9196	 561.0
65.0	 67.2042640491	 69.1190184049	 117.715335951	 491.880981595	184.9196	 561.0
65.5	 50.4181639264	 40.9214723926	 117.937036074	 491.078527607	168.3552	 532.0
66.0	 84.4784638037	 36.7239263804	 118.158736196	 490.27607362	202.6372	 527.0
66.5	 73.128763681	 57.5263803681	 118.380436319	 489.473619632	191.5092	 547.0
67.0	 31.4454635583	 52.3288343558	 118.602136442	 488.671165644	150.0476	 541.0
67.5	 30.1981634356	 57.1312883436	 118.823836564	 487.868711656	149.022	 545.0
68.0	 20.2840633129	 48.9337423313	 119.045536687	 487.066257669	139.3296	 536.0
68.5	 55.7031631902	 27.736196319	 119.26723681	 486.263803681	174.9704	 514.0
69.0	 31.1746630675	 115.538650307	 119.488936933	 485.461349693	150.6636	 601.0
69.5	 32.6957629448	 39.3411042945	 119.710637055	 484.658895706	152.4064	 524.0
70.0	 28.8076628221	 66.1435582822	 119.932337178	 483.856441718	148.74	 550.0
70.5	 43.0727626994	 29.9460122699	 120.154037301	 483.05398773	163.2268	 513.0
71.0	 20.9534625767	 14.7484662577	 120.375737423	 482.251533742	141.3292	 497.0
71.5	 22.578162454	 39.5509202454	 120.597437546	 481.449079755	143.1756	 521.0
72.0	 38.6128623313	 39.3533742331	 120.819137669	 480.646625767	159.432	 520.0
72.5	 -16.3780377914	 43.1558282209	 121.040837791	 479.844171779	104.6628	 523.0
73.0	 -7.60013791411	 4.95828220859	 121.262537914	 479.041717791	113.6624	 484.0
73.5	 -21.1550380368	 18.7607361963	 121.484238037	 478.239263804	100.3292	 497.0
74.0	 19.4180618405	 12.563190184	 121.70593816	 477.436809816	141.124	 490.0
74.5	 -24.1880382822	 34.3656441718	 121.927638282	 476.634355828	97.7396	 511.0
75.0	 -32.5125384049	 12.1680981595	 122.149338405	 475.83190184	89.6368	 488.0
75.5	 -12.0418385276	 21.9705521472	 122.371038528	 475.029447853	110.3292	 497.0
76.0	 -27.0835386503	 72.773006135	 122.59273865	 474.226993865	95.5092	 547.0
76.5	 0.181561226994	 36.5754601227	 122.814438773	 473.424539877	122.996	 510.0
77.0	 -26.2453388957	 30.3779141104	 123.036138896	 472.62208589	96.7908	 503.0
77.5	 14.1225609816	 17.1803680982	 123.257839018	 471.819631902	137.3804	 489.0
78.0	 20.1828608589	 12.9828220859	 123.479539141	 471.017177914	143.6624	 484.0
78.5	 -3.3464392638	 22.7852760736	 123.701239264	 470.214723926	120.3548	 493.0
79.0	 -17.5681393865	 23.5877300613	 123.922939387	 469.412269939	106.3548	 493.0
79.5	 4.0305604908	 13.3901840491	 124.144639509	 468.609815951	128.1752	 482.0
80.0	 7.6804603681	 -4.80736196319	 124.366339632	 467.807361963	132.0468	 463.0
80.5	 2.7659602454	 -52.0049079755	 124.588039755	 467.004907975	127.354	 415.0
81.0	 6.4166601227	 7.79754601227	 124.809739877	 466.202453988	131.2264	 474.0
Actin association begins: 4.0
Actin association ends: 72.0
Length of actin association: 68.0
Cofilin association begins: 8.0
Cofilin association ends: 79.5
Length of cofilin association: 71.5
Delay between actin and cofilin association: 4.0
Maximum normalized actin intensity: 529.024470675
Maximum normalized cofilin intensity: 482.267484663