Time	 Int488	 Int561	 Back488	 Back561	 Raw488	 Raw561
0.0	 27.3538888257	 20.2470309754	 120.7228	 373.0	157.2	 400.0
0.5	 -9.70213127947	 5.04675994312	 120.522472	 372.27	107.5844	 379.0
1.0	 16.4056862702	 -7.90384098076	 120.322144	 371.54	142.1996	 361.0
1.5	 -19.880946658	 3.14203925136	 120.121816	 370.81	93.61	 375.0
2.0	 -12.6742574469	 -15.0577919254	 119.921488	 370.08	103.02	 350.0
2.5	 13.5106487985	 -10.7609220184	 119.72116	 369.35	137.738	 355.0
3.0	 34.8116712165	 -4.96427203915	 119.520832	 368.62	165.9432	 362.0
3.5	 15.311176769	 19.5796288432	 119.320504	 367.89	139.7384	 394.0
4.0	 33.4584616512	 -9.11866283928	 119.120176	 367.16	163.738	 355.0
4.5	 64.9504896602	 15.4252380431	 118.919848	 366.43	205.5332	 387.0
5.0	 72.5609196667	 -7.27393335041	 118.71952	 365.7	215.4816	 356.0
5.5	 49.9258848682	 -20.2245342743	 118.519192	 364.97	185.0968	 338.0
6.0	 59.055592088	 -16.6775544034	 118.318864	 364.24	197.0712	 342.0
6.5	 78.7800456941	 1.11733615383	 118.118536	 363.51	223.174	 365.0
7.0	 45.3579927039	 -25.3312854203	 117.918208	 362.78	178.4044	 329.0
7.5	 99.5770880158	 -36.7821062719	 117.71788	 362.05	250.5068	 313.0
8.0	 114.725712622	 22.2567362722	 117.517552	 361.32	270.5076	 391.0
8.5	 86.5336926993	 -1.19232515744	 117.317224	 360.59	232.7124	 359.0
9.0	 117.429708108	 28.6008059778	 117.116896	 359.86	273.7128	 398.0
9.5	 165.495805695	 11.9007548733	 116.916568	 359.13	337.61	 375.0
10.0	 170.319044415	 73.1892675258	 116.71624	 358.4	343.8416	 456.0
10.5	 124.091269256	 55.7393263852	 116.515912	 357.67	281.9952	 432.0
11.0	 142.738880771	 66.0353165812	 116.315584	 356.94	306.662	 445.0
11.5	 174.499969324	 77.8310868494	 116.115256	 356.21	348.816	 460.0
12.0	 176.226462152	 37.1345545889	 115.914928	 355.48	350.918	 405.0
12.5	 228.600228063	 79.6758163383	 115.7146	 354.75	420.5596	 461.0
13.0	 174.605091909	 133.46542863	 115.514272	 354.02	348.3552	 532.0
13.5	 148.220007018	 62.0234048879	 115.313944	 353.29	312.9696	 436.0
14.0	 175.21269481	 86.5673057703	 115.113616	 352.56	348.7648	 468.0
14.5	 220.163749188	 58.6189041239	 114.913288	 351.83	408.508	 430.0
15.0	 177.282883238	 162.651148836	 114.71296	 351.1	351.1248	 568.0
15.5	 270.707129507	 88.9594549855	 114.512632	 350.37	475.5084	 469.0
16.0	 249.129439659	 57.2616031585	 114.312304	 349.64	446.5336	 426.0
16.5	 281.197983128	 50.3101225236	 114.111976	 348.91	489.0976	 416.0
17.0	 278.156975061	 110.098855104	 113.911648	 348.18	484.842	 495.0
17.5	 258.252439862	 109.896384794	 113.71132	 347.45	458.0984	 494.0
18.0	 248.230855427	 88.6969934729	 113.510992	 346.72	444.534	 465.0
18.5	 240.421146643	 131.988145258	 113.310664	 345.99	433.9192	 522.0
19.0	 263.721675853	 118.287654298	 113.110336	 345.26	464.7908	 503.0
19.5	 380.181344208	 77.5911220379	 112.910008	 344.53	619.8928	 448.0
20.0	 335.761703904	 129.131064221	 112.70968	 343.8	560.4576	 516.0
20.5	 327.797217816	 79.4358515267	 112.509352	 343.07	549.6364	 449.0
21.0	 360.731434342	 112.978432843	 112.309024	 342.34	593.3548	 493.0
21.5	 413.123797526	 94.0287116297	 112.108696	 341.61	663.0212	 467.0
22.0	 348.649698008	 174.064475185	 111.908368	 340.88	576.8428	 573.0
22.5	 363.682239636	 163.36354437	 111.70804	 340.15	596.6888	 558.0
23.0	 402.653970822	 190.907005397	 111.507712	 339.42	648.4584	 594.0
23.5	 478.696066009	 108.966521149	 111.307384	 338.69	749.6624	 484.0
24.0	 448.350961815	 129.011081815	 111.107056	 337.96	708.996	 510.0
24.5	 361.630024573	 199.298274901	 110.906728	 337.23	593.1508	 603.0
25.0	 365.779262129	 160.851412749	 110.7064	 336.5	598.4836	 551.0
25.5	 380.043016492	 182.395753487	 110.506072	 335.77	617.3044	 579.0
26.0	 395.787953654	 265.431077187	 110.305744	 335.04	638.1004	 689.0
26.5	 434.394338414	 291.474758141	 110.105416	 334.31	689.3828	 723.0
27.0	 600.0	 187.787462846	 109.905088	 333.58	910.0224	 584.0
27.5	 463.8250147	 281.321247052	 109.70476	 332.85	728.2288	 708.0
28.0	 575.036652625	 357.607560427	 109.504432	 332.12	876.3324	 809.0
28.5	 565.956930076	 306.412567661	 109.304104	 331.39	864.024	 740.0
29.0	 556.492663916	 256.717354967	 109.103776	 330.66	851.2028	 673.0
29.5	 468.559904376	 282.011145886	 108.903448	 329.93	733.7416	 706.0
30.0	 395.297693546	 270.560325034	 108.70312	 329.2	635.844	 690.0
30.5	 365.893851326	 202.117861437	 108.502792	 328.47	596.4328	 598.0
31.0	 320.878198421	 258.907033873	 108.302464	 327.74	536.2028	 673.0
31.5	 305.473303395	 287.950274972	 108.102136	 327.01	515.4596	 711.0
32.0	 465.677057116	 295.996595059	 107.901808	 326.28	728.8956	 721.0
32.5	 339.364025659	 196.058749945	 107.70148	 325.55	560.2532	 587.0
33.0	 237.797965306	 154.612327648	 107.501152	 324.82	424.6116	 531.0
33.5	 215.432590965	 187.405018928	 107.300824	 324.09	394.5864	 574.0
34.0	 291.282414347	 106.214424717	 107.100496	 323.36	495.534	 465.0
34.5	 100.076298812	 127.758765455	 106.900168	 322.63	240.3548	 493.0
35.0	 -4.0477864326	 17.3224598345	 106.69984	 321.9	101.302	 345.0
35.5	 4.2549420553	 3.62196887448	 106.499512	 321.17	112.1736	 326.0
36.0	 10.3658919456	 10.1685088899	 106.299184	 320.44	120.1224	 334.0
36.5	 17.0920516216	 8.46625850785	 106.098856	 319.71	128.8916	 331.0
37.0	 5.80135328955	 -19.4821431385	 105.898528	 318.98	113.6348	 293.0
37.5	 -9.18060375627	 2.06219759934	 105.6982	 318.25	93.4556	 321.0
38.0	 24.4645085245	 -16.8875236135	 105.497872	 317.52	138.122	 295.0
38.5	 -13.571767836	 3.90692708821	 105.297544	 316.79	87.1992	 322.0
39.0	 -18.5363938232	 -16.5425741969	 105.097216	 316.06	80.3784	 294.0
39.5	 14.5708973236	 19.2496772273	 104.896888	 315.33	124.3276	 341.0
Actin association begins: 2.5
Actin association ends: 34.5
Length of actin association: 32.0
Area under actin curve during patch life: 17117.5704095
Cofilin association begins: 9.0
Cofilin association ends: 36.5
Length of cofilin association: 27.5
Delay between actin and cofilin association: 6.5
Area under cofilin curve during patch life: 7846.87933361
Cofilin intensity score: 147.060928048