Time	 Int488	 Int561	 Back488	 Back561	 Raw488	 Raw561
0.0	 -0.57952	 -3.2	 127.03392	 207.2	126.4544	 204.0
0.5	 -32.9303380791	 3.90169491525	 126.589938079	 207.098305085	93.6596	 211.0
1.0	 7.77004384181	 3.00338983051	 126.145956158	 206.996610169	133.916	 210.0
1.5	 -2.50397423729	 -1.89491525424	 125.701974237	 206.894915254	123.198	 205.0
2.0	 32.6836076836	 -0.793220338983	 125.257992316	 206.793220339	157.9416	 206.0
2.5	 -55.2316103955	 -22.6915254237	 124.814010395	 206.691525424	69.5824	 184.0
3.0	 24.2383715254	 12.4101694915	 124.370028475	 206.589830508	148.6084	 219.0
3.5	 -10.8820465537	 -16.4881355932	 123.926046554	 206.488135593	113.044	 190.0
4.0	 14.3055353672	 -15.386440678	 123.482064633	 206.386440678	137.7876	 191.0
4.5	 -9.27608271186	 -11.2847457627	 123.038082712	 206.284745763	113.762	 195.0
5.0	 18.167899209	 -11.1830508475	 122.594100791	 206.183050847	140.762	 195.0
5.5	 39.1762811299	 17.9186440678	 122.15011887	 206.081355932	161.3264	 224.0
6.0	 -37.8673369492	 -22.9796610169	 121.706136949	 205.979661017	83.8388	 183.0
6.5	 -26.9105550282	 -24.8779661017	 121.262155028	 205.877966102	94.3516	 181.0
7.0	 -28.2613731073	 -17.7762711864	 120.818173107	 205.776271186	92.5568	 188.0
7.5	 9.90060881356	 -12.6745762712	 120.374191186	 205.674576271	130.2748	 193.0
8.0	 19.5497907345	 -5.57288135593	 119.930209266	 205.572881356	139.48	 200.0
8.5	 7.22457265537	 -2.47118644068	 119.486227345	 205.471186441	126.7108	 203.0
9.0	 27.1813545763	 -4.36949152542	 119.042245424	 205.369491525	146.2236	 201.0
9.5	 47.8305364972	 2.73220338983	 118.598263503	 205.26779661	166.4288	 208.0
10.0	 71.2745184181	 2.83389830508	 118.154281582	 205.166101695	189.4288	 208.0
10.5	 122.436500339	 7.93559322034	 117.710299661	 205.06440678	240.1468	 213.0
11.0	 142.29088226	 22.0372881356	 117.26631774	 204.962711864	259.5572	 227.0
11.5	 173.837264181	 6.13898305085	 116.822335819	 204.861016949	290.6596	 211.0
12.0	 220.512046102	 9.2406779661	 116.378353898	 204.759322034	336.8904	 214.0
12.5	 254.853228023	 -13.6576271186	 115.934371977	 204.657627119	370.7876	 191.0
13.0	 129.964009944	 -0.55593220339	 115.490390056	 204.555932203	245.4544	 204.0
13.5	 196.125991864	 4.54576271186	 115.046408136	 204.454237288	311.1724	 209.0
14.0	 248.339173785	 1.64745762712	 114.602426215	 204.352542373	362.9416	 206.0
14.5	 209.270355706	 3.74915254237	 114.158444294	 204.250847458	323.4288	 208.0
15.0	 249.534737627	 -7.14915254237	 113.714462373	 204.149152542	363.2492	 197.0
15.5	 275.876319548	 8.95254237288	 113.270480452	 204.047457627	389.1468	 213.0
16.0	 333.884301469	 -0.945762711864	 112.826498531	 203.945762712	446.7108	 203.0
16.5	 350.32828339	 -0.84406779661	 112.38251661	 203.844067797	462.7108	 203.0
17.0	 407.695465311	 11.2576271186	 111.938534689	 203.742372881	519.634	 215.0
17.5	 429.139447232	 11.3593220339	 111.494552768	 203.640677966	540.634	 215.0
18.0	 458.737429153	 26.4610169492	 111.050570847	 203.538983051	569.788	 230.0
18.5	 503.053011073	 7.56271186441	 110.606588927	 203.437288136	613.6596	 211.0
19.0	 562.881792994	 25.6644067797	 110.162607006	 203.33559322	673.0444	 229.0
19.5	 537.351374915	 21.7661016949	 109.718625085	 203.233898305	647.07	 225.0
20.0	 653.128556836	 8.86779661017	 109.274643164	 203.13220339	762.4032	 212.0
20.5	 670.828938757	 7.96949152542	 108.830661243	 203.030508475	779.6596	 211.0
21.0	 673.708920678	 18.0711864407	 108.386679322	 202.928813559	782.0956	 221.0
21.5	 694.998902599	 3.17288135593	 107.942697401	 202.827118644	802.9416	 206.0
22.0	 707.54568452	 26.2745762712	 107.49871548	 202.725423729	815.0444	 229.0
22.5	 638.553666441	 16.3762711864	 107.054733559	 202.623728814	745.6084	 219.0
23.0	 713.048848362	 8.47796610169	 106.610751638	 202.522033898	819.6596	 211.0
23.5	 725.903230282	 22.5796610169	 106.166769718	 202.420338983	832.07	 225.0
24.0	 656.680412203	 9.6813559322	 105.722787797	 202.318644068	762.4032	 212.0
24.5	 656.380794124	 8.78305084746	 105.278805876	 202.216949153	761.6596	 211.0
25.0	 786.183576045	 -8.11525423729	 104.834823955	 202.115254237	891.0184	 194.0
25.5	 752.653557966	 26.986440678	 104.390842034	 202.013559322	857.0444	 229.0
26.0	 789.174339887	 15.0881355932	 103.946860113	 201.911864407	893.1212	 217.0
26.5	 817.413121808	 8.18983050847	 103.502878192	 201.810169492	920.916	 210.0
27.0	 806.626303729	 5.29152542373	 103.058896271	 201.708474576	909.6852	 207.0
27.5	 779.89108565	 33.393220339	 102.61491435	 201.606779661	882.506	 235.0
28.0	 933.309067571	 -1.50508474576	 102.170932429	 201.505084746	1035.48	 200.0
28.5	 809.137849492	 16.5966101695	 101.726950508	 201.403389831	910.8648	 218.0
29.0	 838.171431412	 2.69830508475	 101.282968588	 201.301694915	939.4544	 204.0
29.5	 795.795013333	 13.8	 100.838986667	 201.2	896.634	 215.0
30.0	 863.033795254	 6.90169491525	 100.395004746	 201.098305085	963.4288	 208.0
30.5	 1016.52937718	 38.0033898305	 99.9510228249	 200.996610169	1116.4804	 239.0
31.0	 814.101359096	 18.1050847458	 99.507040904	 200.894915254	913.6084	 219.0
31.5	 941.878541017	 5.20677966102	 99.0630589831	 200.793220339	1040.9416	 206.0
32.0	 896.553322938	 8.30847457627	 98.6190770621	 200.691525424	995.1724	 209.0
32.5	 964.407704859	 22.4101694915	 98.1750951412	 200.589830508	1062.5828	 223.0
33.0	 933.72368678	 42.5118644068	 97.7311132203	 200.488135593	1031.4548	 243.0
33.5	 1004.1416687	 7.61355932203	 97.2871312994	 200.386440678	1101.4288	 208.0
34.0	 954.098450621	 5.71525423729	 96.8431493785	 200.284745763	1050.9416	 206.0
34.5	 1033.05523254	 3.81694915254	 96.3991674576	 200.183050847	1129.4544	 204.0
35.0	 940.858414463	 25.9186440678	 95.9551855367	 200.081355932	1036.8136	 226.0
35.5	 987.173996384	 7.02033898305	 95.5112036158	 199.979661017	1082.6852	 207.0
36.0	 1050.74677831	 65.1220338983	 95.0672216949	 199.877966102	1145.814	 265.0
36.5	 1028.36996023	 37.2237288136	 94.623239774	 199.776271186	1122.9932	 237.0
37.0	 981.634342147	 26.3254237288	 94.1792578531	 199.674576271	1075.8136	 226.0
37.5	 1081.41152407	 13.4271186441	 93.7352759322	 199.572881356	1175.1468	 213.0
38.0	 1001.47150599	 73.5288135593	 93.2912940113	 199.471186441	1094.7628	 273.0
38.5	 1111.32508791	 9.63050847458	 92.8473120904	 199.369491525	1204.1724	 209.0
39.0	 1085.46146983	 18.7322033898	 92.4033301695	 199.26779661	1177.8648	 218.0
39.5	 1021.93105175	 14.8338983051	 91.9593482486	 199.166101695	1113.8904	 214.0
40.0	 1170.86263367	 55.9355932203	 91.5153663277	 199.06440678	1262.378	 255.0
40.5	 1126.99861559	 26.0372881356	 91.0713844068	 198.962711864	1218.07	 225.0
41.0	 1085.49379751	 18.1389830508	 90.6274024859	 198.861016949	1176.1212	 217.0
41.5	 1217.91217944	 22.2406779661	 90.183420565	 198.759322034	1308.0956	 221.0
42.0	 1189.66376136	 13.3423728814	 89.7394386441	 198.657627119	1279.4032	 212.0
42.5	 1146.74894328	 30.4440677966	 89.2954567232	 198.555932203	1236.0444	 229.0
43.0	 1257.5517252	 13.5457627119	 88.8514748023	 198.454237288	1346.4032	 212.0
43.5	 1288.91890712	 25.6474576271	 88.4074928814	 198.352542373	1377.3264	 224.0
44.0	 1296.41448904	 56.7491525424	 87.9635109605	 198.250847458	1384.378	 255.0
44.5	 1272.90967096	 48.8508474576	 87.5195290395	 198.149152542	1360.4292	 247.0
45.0	 1266.86645288	 46.9525423729	 87.0755471186	 198.047457627	1353.942	 245.0
45.5	 1193.0540348	 48.0542372881	 86.6315651977	 197.945762712	1279.6856	 246.0
46.0	 1207.31841672	 37.1559322034	 86.1875832768	 197.844067797	1293.506	 235.0
46.5	 1083.24919864	 0.257627118644	 85.7436013559	 197.742372881	1168.9928	 198.0
47.0	 1242.05238056	 22.3593220339	 85.299619435	 197.640677966	1327.352	 220.0
47.5	 1165.77876249	 56.4610169492	 84.8556375141	 197.538983051	1250.6344	 254.0
48.0	 1160.58114441	 0.562711864407	 84.4116555932	 197.437288136	1244.9928	 198.0
48.5	 1067.07632633	 -7.33559322034	 83.9676736723	 197.33559322	1151.044	 190.0
49.0	 1039.00790825	 33.7661016949	 83.5236917514	 197.233898305	1122.5316	 231.0
49.5	 1146.19549017	 34.8677966102	 83.0797098305	 197.13220339	1229.2752	 232.0
50.0	 1232.84427209	 2.96949152542	 82.6357279096	 197.030508475	1315.48	 200.0
50.5	 1090.77545401	 5.07118644068	 82.1917459887	 196.928813559	1172.9672	 202.0
51.0	 1009.03983593	 -5.82711864407	 81.7477640678	 196.827118644	1090.7876	 191.0
51.5	 1124.12501785	 11.2745762712	 81.3037821469	 196.725423729	1205.4288	 208.0
52.0	 1337.26139977	 20.3762711864	 80.859800226	 196.623728814	1418.1212	 217.0
52.5	 719.910181695	 -11.5220338983	 80.4158183051	 196.522033898	800.326	 185.0
53.0	 1238.27776362	 39.5796610169	 79.9718363842	 196.420338983	1318.2496	 236.0
53.5	 1049.46534554	 40.6813559322	 79.5278544633	 196.318644068	1128.9932	 237.0
54.0	 1003.19132746	 35.7830508475	 79.0838725424	 196.216949153	1082.2752	 232.0
54.5	 935.917309379	 30.8847457627	 78.6398906215	 196.115254237	1014.5572	 227.0
55.0	 1034.2076913	 54.986440678	 78.1959087006	 196.013559322	1112.4036	 251.0
55.5	 984.01047322	 38.0881355932	 77.7519267797	 195.911864407	1061.7624	 234.0
56.0	 871.556855141	 22.1898305085	 77.3079448588	 195.810169492	948.8648	 218.0
56.5	 865.898437062	 38.2915254237	 76.8639629379	 195.708474576	942.7624	 234.0
57.0	 903.726818983	 17.393220339	 76.4199810169	 195.606779661	980.1468	 213.0
57.5	 781.299200904	 36.4949152542	 75.975999096	 195.505084746	857.2752	 232.0
58.0	 701.255982825	 34.5966101695	 75.5320171751	 195.403389831	776.788	 230.0
58.5	 702.469164746	 31.6983050847	 75.0880352542	 195.301694915	777.5572	 227.0
59.0	 752.553946667	 9.8	 74.6440533333	 195.2	827.198	 205.0
59.5	 683.433928588	 19.9016949153	 74.2000714124	 195.098305085	757.634	 215.0
60.0	 644.467910508	 45.0033898305	 73.7560894915	 194.996610169	718.224	 240.0
60.5	 750.757892429	 30.1050847458	 73.3121075706	 194.894915254	824.07	 225.0
61.0	 634.71467435	 28.206779661	 72.8681256497	 194.793220339	707.5828	 223.0
61.5	 603.491856271	 15.3084745763	 72.4241437288	 194.691525424	675.916	 210.0
62.0	 668.295038192	 37.4101694915	 71.9801618079	 194.589830508	740.2752	 232.0
62.5	 497.431420113	 46.5118644068	 71.536179887	 194.488135593	568.9676	 241.0
63.0	 444.567402034	 16.613559322	 71.0921979661	 194.386440678	515.6596	 211.0
63.5	 460.165383955	 31.7152542373	 70.6482160452	 194.284745763	530.8136	 226.0
64.0	 510.558165876	 39.8169491525	 70.2042341243	 194.183050847	580.7624	 234.0
64.5	 491.156147797	 54.9186440678	 69.7602522034	 194.081355932	560.9164	 249.0
65.0	 429.702529718	 39.0203389831	 69.3162702825	 193.979661017	499.0188	 233.0
65.5	 384.428511638	 34.1220338983	 68.8722883616	 193.877966102	453.3008	 228.0
66.0	 319.128893559	 33.2237288136	 68.4283064407	 193.776271186	387.5572	 227.0
66.5	 334.49607548	 45.3254237288	 67.9843245198	 193.674576271	402.4804	 239.0
67.0	 341.016857401	 33.4271186441	 67.5403425989	 193.572881356	408.5572	 227.0
67.5	 337.332439322	 14.5288135593	 67.096360678	 193.471186441	404.4288	 208.0
68.0	 313.648421243	 34.6305084746	 66.6523787571	 193.369491525	380.3008	 228.0
68.5	 262.836003164	 35.7322033898	 66.2083968362	 193.26779661	329.0444	 229.0
69.0	 295.638785085	 18.8338983051	 65.7644149153	 193.166101695	361.4032	 212.0
69.5	 220.518767006	 28.9355932203	 65.3204329944	 193.06440678	285.8392	 222.0
70.0	 246.783148927	 18.0372881356	 64.8764510734	 192.962711864	311.6596	 211.0
70.5	 227.688730847	 24.1389830508	 64.4324691525	 192.861016949	292.1212	 217.0
71.0	 193.593912768	 -8.7593220339	 63.9884872316	 192.759322034	257.5824	 184.0
71.5	 218.115094689	 18.3423728814	 63.5445053107	 192.657627119	281.6596	 211.0
72.0	 144.12347661	 47.4440677966	 63.1005233898	 192.555932203	207.224	 240.0
72.5	 209.746658531	 19.5457627119	 62.6565414689	 192.454237288	272.4032	 212.0
73.0	 161.729040452	 13.6474576271	 62.212559548	 192.352542373	223.9416	 206.0
73.5	 150.891022373	 18.7491525424	 61.7685776271	 192.250847458	212.6596	 211.0
74.0	 124.565804294	 21.8508474576	 61.3245957062	 192.149152542	185.8904	 214.0
74.5	 102.958186215	 -9.04745762712	 60.8806137853	 192.047457627	163.8388	 183.0
75.0	 116.402168136	 -8.94576271186	 60.4366318644	 191.945762712	176.8388	 183.0
75.5	 115.923350056	 18.1559322034	 59.9926499435	 191.844067797	175.916	 210.0
76.0	 125.162131977	 11.2576271186	 59.5486680226	 191.742372881	184.7108	 203.0
76.5	 118.375313898	 8.3593220339	 59.1046861017	 191.640677966	177.48	 200.0
77.0	 84.3576958192	 2.46101694915	 58.6607041808	 191.538983051	143.0184	 194.0
77.5	 90.2632777401	 8.56271186441	 58.2167222599	 191.437288136	148.48	 200.0
78.0	 87.502059661	 1.66440677966	 57.772740339	 191.33559322	145.2748	 193.0
78.5	 79.1256415819	 12.7661016949	 57.3287584181	 191.233898305	136.4544	 204.0
79.0	 87.6464235028	 0.86779661017	 56.8847764972	 191.13220339	144.5312	 192.0
79.5	 90.1416054237	 -7.03050847458	 56.4407945763	 191.030508475	146.5824	 184.0
80.0	 85.0471873446	 -0.928813559322	 55.9968126554	 190.928813559	141.044	 190.0
80.5	 18.8247692655	 25.1728813559	 55.5528307345	 190.827118644	74.3776	 216.0
81.0	 37.7043511864	 -3.72542372881	 55.1088488136	 190.725423729	92.8132	 187.0
81.5	 27.6611331073	 -5.62372881356	 54.6648668927	 190.623728814	82.326	 185.0
82.0	 5.95151502825	 18.4779661017	 54.2208849718	 190.522033898	60.1724	 209.0
82.5	 48.7542969492	 1.57966101695	 53.7769030508	 190.420338983	102.5312	 192.0
83.0	 5.68547887006	 3.6813559322	 53.3329211299	 190.318644068	59.0184	 194.0
83.5	 17.385860791	 2.78305084746	 52.888939209	 190.216949153	70.2748	 193.0
84.0	 24.0094427119	 13.8847457627	 52.4449572881	 190.115254237	76.4544	 204.0
84.5	 6.04302463277	 -0.0135593220339	 52.0009753672	 190.013559322	58.044	 190.0
85.0	 12.3590065537	 20.0881355932	 51.5569934463	 189.911864407	63.916	 210.0
85.5	 13.4181884746	 2.18983050847	 51.1130115254	 189.810169492	64.5312	 192.0
86.0	 -10.3430296045	 -4.70847457627	 50.6690296045	 189.708474576	40.326	 185.0
86.5	 8.84455231638	 -3.60677966102	 50.2250476836	 189.606779661	59.0696	 186.0
87.0	 -10.7626657627	 4.49491525424	 49.7810657627	 189.505084746	39.0184	 194.0
87.5	 4.96331615819	 -0.403389830508	 49.3370838418	 189.403389831	54.3004	 189.0
88.0	 0.638098079096	 2.69830508475	 48.8931019209	 189.301694915	49.5312	 192.0
Actin association begins: 7.5
Actin association ends: 85.5
Length of actin association: 78.0
Cofilin association begins: 28.5
Cofilin association ends: 48.0
Length of cofilin association: 19.5
Delay between actin and cofilin association: 21.0
Maximum normalized actin intensity: 1337.26139977
Maximum normalized cofilin intensity: 73.5288135593