Time	 Int488	 Int561	 Back488	 Back561	 Raw488	 Raw561
0.0	 32.33328	 -5.2	 38.60992	 367.2	70.9432	 362.0
0.5	 -2.24686027397	 27.0136986301	 38.728860274	 367.98630137	36.482	 395.0
1.0	 25.8641994521	 -48.7726027397	 38.8478005479	 368.77260274	64.712	 320.0
1.5	 -49.6899408219	 18.4410958904	 38.9667408219	 369.55890411	-10.7232	 388.0
2.0	 -7.45008109589	 0.654794520548	 39.0856810959	 370.345205479	31.6356	 371.0
2.5	 92.9177786301	 -37.1315068493	 39.2046213699	 371.131506849	132.1224	 334.0
3.0	 -9.22636164384	 5.08219178082	 39.3235616438	 371.917808219	30.0972	 377.0
3.5	 66.2954980822	 -17.704109589	 39.4425019178	 372.704109589	105.738	 355.0
4.0	 8.89495780822	 25.5095890411	 39.5614421918	 373.490410959	48.4564	 399.0
4.5	 14.3148175342	 57.7232876712	 39.6803824658	 374.276712329	53.9952	 432.0
5.0	 -5.75372273973	 -29.0630136986	 39.7993227397	 375.063013699	34.0456	 346.0
5.5	 6.2049369863	 36.1506849315	 39.9182630137	 375.849315068	46.1232	 412.0
6.0	 8.26479671233	 -31.6356164384	 40.0372032877	 376.635616438	48.302	 345.0
6.5	 -11.4177435616	 16.5780821918	 40.1561435616	 377.421917808	28.7384	 394.0
7.0	 -20.5626838356	 -19.2082191781	 40.2750838356	 378.208219178	19.7124	 359.0
7.5	 -26.7580241096	 31.0054794521	 40.3940241096	 378.994520548	13.636	 410.0
8.0	 -7.67216438356	 -1.78082191781	 40.5129643836	 379.780821918	32.8408	 378.0
8.5	 -12.6619046575	 94.4328767123	 40.6319046575	 380.567123288	27.97	 475.0
9.0	 38.5003550685	 10.6465753425	 40.7508449315	 381.353424658	79.2512	 392.0
9.5	 17.5862147945	 -22.1397260274	 40.8697852055	 382.139726027	58.456	 360.0
10.0	 62.0572745205	 2.07397260274	 40.9887254795	 382.926027397	103.046	 385.0
10.5	 14.1175342466	 -26.7123287671	 41.1076657534	 383.712328767	55.2252	 357.0
11.0	 26.3577939726	 -5.49863013699	 41.2266060274	 384.498630137	67.5844	 379.0
11.5	 81.7000536986	 -39.2849315068	 41.3455463014	 385.284931507	123.0456	 346.0
12.0	 62.3251134247	 -0.0712328767123	 41.4644865753	 386.071232877	103.7896	 386.0
12.5	 62.0521731507	 -15.8575342466	 41.5834268493	 386.857534247	103.6356	 371.0
13.0	 133.138432877	 -9.64383561644	 41.7023671233	 387.643835616	174.8408	 378.0
13.5	 110.763492603	 29.5698630137	 41.8213073973	 388.430136986	152.5848	 418.0
14.0	 192.003352329	 11.7835616438	 41.9402476712	 389.216438356	233.9436	 401.0
14.5	 193.704812055	 -0.00273972602741	 42.0591879452	 390.002739726	235.764	 390.0
15.0	 155.714671781	 57.2109589041	 42.1781282192	 390.789041096	197.8928	 448.0
15.5	 176.107731507	 -23.5753424658	 42.2970684932	 391.575342466	218.4048	 368.0
16.0	 223.091591233	 -1.36164383562	 42.4160087671	 392.361643836	265.5076	 391.0
16.5	 221.691050959	 41.8520547945	 42.5349490411	 393.147945205	264.226	 435.0
17.0	 221.264110685	 11.0657534247	 42.6538893151	 393.934246575	263.918	 405.0
17.5	 267.273970411	 68.2794520548	 42.772829589	 394.720547945	310.0468	 463.0
18.0	 237.513430137	 11.4931506849	 42.891769863	 395.506849315	280.4052	 407.0
18.5	 303.317689863	 22.7068493151	 43.010710137	 396.293150685	346.3284	 419.0
19.0	 291.506749589	 51.9205479452	 43.129650411	 397.079452055	334.6364	 449.0
19.5	 332.567009315	 23.1342465753	 43.2485906849	 397.865753425	375.8156	 421.0
20.0	 287.063669041	 43.3479452055	 43.3675309589	 398.652054795	330.4312	 442.0
20.5	 297.765128767	 31.5616438356	 43.4864712329	 399.438356164	341.2516	 431.0
21.0	 334.902988493	 68.7753424658	 43.6054115068	 400.224657534	378.5084	 469.0
21.5	 294.297248219	 104.989041096	 43.7243517808	 401.010958904	338.0216	 506.0
22.0	 347.998307945	 54.202739726	 43.8432920548	 401.797260274	391.8416	 456.0
22.5	 380.442967671	 4.41643835616	 43.9622323288	 402.583561644	424.4052	 407.0
23.0	 426.452427397	 22.6301369863	 44.0811726027	 403.369863014	470.5336	 426.0
23.5	 402.231087123	 37.8438356164	 44.2001128767	 404.156164384	446.4312	 442.0
24.0	 454.804546849	 46.0575342466	 44.3190531507	 404.942465753	499.1236	 451.0
24.5	 419.710806575	 2.27123287671	 44.4379934247	 405.728767123	464.1488	 408.0
25.0	 388.284666301	 49.4849315068	 44.5569336986	 406.515068493	432.8416	 456.0
25.5	 444.396526027	 51.698630137	 44.6758739726	 407.301369863	489.0724	 459.0
26.0	 479.278385753	 128.912328767	 44.7948142466	 408.087671233	524.0732	 537.0
26.5	 382.057045479	 144.126027397	 44.9137545205	 408.873972603	426.9708	 553.0
27.0	 470.400505205	 227.339726027	 45.0326947945	 409.660273973	515.4332	 637.0
27.5	 373.819564932	 181.553424658	 45.1516350685	 410.446575342	418.9712	 592.0
28.0	 377.289824658	 127.767123288	 45.2705753425	 411.232876712	422.5604	 539.0
28.5	 403.657684384	 89.9808219178	 45.3895156164	 412.019178082	449.0472	 502.0
29.0	 141.79594411	 166.194520548	 45.5084558904	 412.805479452	187.3044	 579.0
29.5	 248.752603836	 36.4082191781	 45.6273961644	 413.591780822	294.38	 450.0
30.0	 165.377263562	 36.6219178082	 45.7463364384	 414.378082192	211.1236	 451.0
30.5	 185.643523288	 92.8356164384	 45.8652767123	 415.164383562	231.5088	 508.0
31.0	 227.654583014	 267.049315068	 45.9842169863	 415.950684932	273.6388	 683.0
31.5	 129.02204274	 190.263013699	 46.1031572603	 416.736986301	175.1252	 607.0
32.0	 118.466302466	 101.476712329	 46.2220975342	 417.523287671	164.6884	 519.0
32.5	 117.807762192	 -10.3095890411	 46.3410378082	 418.309589041	164.1488	 408.0
33.0	 3.99722191781	 57.904109589	 46.4599780822	 419.095890411	50.4572	 477.0
33.5	 -12.2505183562	 -0.882191780822	 46.5789183562	 419.882191781	34.3284	 419.0
34.0	 -50.9330586301	 47.3315068493	 46.6978586301	 420.668493151	-4.2352	 468.0
34.5	 -0.84719890411	 14.5452054795	 46.8167989041	 421.454794521	45.9696	 436.0
35.0	 -17.1201391781	 -1.24109589041	 46.9357391781	 422.24109589	29.8156	 421.0
35.5	 -15.1110794521	 -22.0273972603	 47.0546794521	 423.02739726	31.9436	 401.0
36.0	 85.795580274	 -26.8136986301	 47.173619726	 423.81369863	132.9692	 397.0
Actin association begins: 9.0
Actin association ends: 33.0
Length of actin association: 24.0
Cofilin association begins: 16.5
Cofilin association ends: 32.0
Length of cofilin association: 15.5
Delay between actin and cofilin association: 7.5
Maximum normalized actin intensity: 479.278385753
Maximum normalized cofilin intensity: 267.049315068