Time	 Int488	 Int561	 Back488	 Back561	 Raw488	 Raw561
0.0	 -17.6242637062	 -1.0074692291	 35.47528	 239.8	21.4804	 239.0
0.5	 -9.13162351745	 17.6382675285	 35.8855384	 239.994	28.6344	 254.0
1.0	 4.33338105155	 -2.7554283416	 36.2957968	 240.188	39.7368	 238.0
1.5	 13.3101102049	 -10.5557588479	 36.7060552	 240.382	47.2752	 232.0
2.0	 3.94586204246	 -5.76272399047	 37.1163136	 240.576	40.2496	 236.0
2.5	 1.45960630709	 6.58633008526	 37.526572	 240.77	38.6856	 246.0
3.0	 -14.2013245373	 11.3793649427	 37.9368304	 240.964	26.66	 250.0
3.5	 28.3901191797	 14.9130632638	 38.3470888	 241.158	60.8908	 253.0
4.0	 -13.0710911527	 17.1874250485	 38.7573472	 241.352	28.378	 255.0
4.5	 8.88637528301	 -1.94693428524	 39.1676056	 241.546	46.224	 240.0
5.0	 21.2215031116	 6.62411018135	 39.577864	 241.74	56.4292	 247.0
5.5	 32.4584894804	 -9.99157607962	 39.9881224	 241.934	65.7624	 234.0
6.0	 23.0297632873	 4.87615106886	 40.3983808	 242.128	58.6856	 246.0
6.5	 37.689626362	 -5.44285251023	 40.8086392	 242.322	70.7368	 238.0
7.0	 44.2449032232	 20.7589034657	 41.2188976	 242.516	76.3524	 259.0
7.5	 50.1216495587	 5.40255374106	 41.629156	 242.71	81.4292	 247.0
8.0	 59.6152104265	 15.232934744	 42.0394144	 242.904	89.378	 255.0
8.5	 70.7232407341	 18.7666330651	 42.4496728	 243.098	98.6088	 258.0
9.0	 50.7029905354	 16.0036487043	 42.8599312	 243.292	83.1216	 256.0
9.5	 143.635152958	 -24.5394317479	 43.2701896	 243.486	157.3264	 224.0
10.0	 117.124785985	 2.9216607644	 43.680448	 243.68	136.6856	 246.0
10.5	 75.0822659074	 -2.35999666917	 44.0907064	 243.874	103.7112	 242.0
11.0	 151.030008331	 3.69237472466	 44.5009648	 244.068	164.4292	 247.0
11.5	 171.824855276	 -30.5540230456	 44.9112232	 244.262	181.352	 220.0
12.0	 125.616953671	 -24.5016516518	 45.3214816	 244.456	145.07	 225.0
12.5	 203.567041187	 13.0341331515	 45.73174	 244.65	207.378	 255.0
13.0	 213.60916905	 -13.6562454005	 46.1419984	 244.844	215.7624	 234.0
13.5	 226.396146828	 -26.4939220523	 46.5522568	 245.038	226.3264	 224.0
14.0	 246.642426778	 -24.2195602676	 46.9625152	 245.232	242.8136	 226.0
14.5	 208.830269993	 -1.79581390088	 47.3727736	 245.426	213.1984	 244.0
15.0	 306.70356525	 21.8872690022	 47.783032	 245.62	291.3268	 263.0
15.5	 335.861918	 9.04959235041	 48.1932904	 245.814	314.8908	 253.0
16.0	 353.26663099	 12.5832906715	 48.6035488	 246.008	329.1216	 256.0
16.5	 386.493648222	 3.52362362879	 49.0138072	 246.202	355.9164	 249.0
17.0	 423.789329936	 -1.75803380478	 49.4240656	 246.396	385.942	 245.0
17.5	 464.443410326	 9.33168373456	 49.834324	 246.59	418.6344	 254.0
18.0	 487.660213298	 -9.80267559917	 50.2445824	 246.784	437.4804	 239.0
18.5	 396.277895194	 20.1770899858	 50.6548408	 246.978	365.3268	 263.0
19.0	 528.766825693	 46.3788459617	 51.0650992	 247.172	470.9424	 284.0
19.5	 488.468234851	 63.765246183	 51.4753576	 247.366	439.3528	 298.0
20.0	 583.241043555	 30.7781849491	 51.885616	 247.56	515.0192	 272.0
20.5	 501.739479916	 41.8679024884	 52.2958744	 247.754	450.7116	 281.0
21.0	 550.563128284	 55.4762931005	 52.7061328	 247.948	489.8912	 292.0
21.5	 502.449598632	 14.9332126484	 53.1163912	 248.142	452.096	 260.0
22.0	 600.0	 39.8756320879	 53.5266496	 248.336	529.968	 280.0
22.5	 516.108719349	 30.8159650452	 53.936908	 248.53	463.7628	 273.0
23.0	 507.454736993	 23.0156345388	 54.3471664	 248.724	457.3012	 267.0
23.5	 543.781737044	 21.5119867144	 54.7574248	 248.918	486.5576	 266.0
24.0	 539.067463108	 37.6390503993	 55.1676832	 249.112	483.2244	 279.0
24.5	 520.435505507	 14.7266814564	 55.5779416	 249.306	468.8396	 261.0
25.0	 465.315531101	 35.8910912868	 55.9882	 249.5	425.4808	 278.0
25.5	 509.908816177	 21.7940780986	 56.3984584	 249.694	461.3012	 267.0
26.0	 471.548092397	 80.7385840203	 56.8087168	 249.888	431.2504	 314.0
26.5	 455.693223726	 66.6415708321	 57.2189752	 250.082	419.0708	 303.0
27.0	 540.875932838	 56.322567253	 57.6292336	 250.276	487.122	 295.0
27.5	 502.094590655	 33.4101983101	 58.039492	 250.47	456.7372	 277.0
28.0	 478.942118623	 28.1285408765	 58.4497504	 250.664	438.7628	 273.0
28.5	 480.492288354	 49.2929507069	 58.8600088	 250.858	440.404	 290.0
29.0	 534.095370745	 103.200110483	 59.2702672	 251.052	483.3788	 333.0
29.5	 481.29962785	 56.3603473491	 59.6805256	 251.246	441.8656	 296.0
30.0	 393.823771682	 17.0766034333	 60.090784	 251.44	372.814	 265.0
30.5	 481.687356413	 79.7991189641	 60.5010424	 251.634	442.994	 315.0
31.0	 509.263478739	 68.2207788487	 60.9113008	 251.828	465.3016	 306.0
31.5	 468.70647204	 76.7918233153	 61.3215592	 252.022	433.5068	 313.0
32.0	 586.083364103	 102.993579291	 61.7318176	 252.216	527.1224	 334.0
32.5	 449.364426955	 83.8592199574	 62.142076	 252.41	418.9684	 319.0
33.0	 459.826669486	 89.9115913512	 62.5523344	 252.604	427.6864	 324.0
33.5	 493.570014699	 49.3685108991	 62.9625928	 252.798	454.8912	 292.0
34.0	 417.10630094	 109.572353357	 63.3728512	 252.992	394.584	 340.0
34.5	 492.117600714	 114.365388215	 63.7831096	 253.186	454.5584	 344.0
35.0	 450.011106341	 168.272547991	 64.193368	 253.38	421.5332	 387.0
35.5	 224.136683498	 59.7252945743	 64.6036264	 253.574	242.5836	 301.0
36.0	 118.836681729	 50.6656275316	 65.0138848	 253.768	159.3784	 294.0
36.5	 38.2715607382	 63.0146816073	 65.4241432	 253.962	95.8144	 304.0
37.0	 188.520662542	 118.18117792	 65.8344016	 254.156	215.5328	 348.0
37.5	 74.0174293654	 71.3414147858	 66.24466	 254.35	125.0196	 311.0
38.0	 161.525377458	 91.2464880798	 66.6549184	 254.544	194.9172	 327.0
38.5	 97.9119337162	 12.9233115363	 67.0651768	 254.738	144.814	 265.0
39.0	 43.6966666779	 89.4985289673	 67.4754352	 254.932	102.1736	 326.0
39.5	 8.82229016535	 46.4367754424	 67.8856936	 255.126	74.8912	 292.0
40.0	 31.2638455657	 0.856348844737	 68.295952	 255.32	93.1216	 256.0
40.5	 46.3433195743	 -25.8340297073	 68.7062104	 255.514	105.506	 235.0
41.0	 44.2771785075	 19.2577743143	 69.1164688	 255.708	104.2756	 271.0
41.5	 42.7273654205	 32.8661649264	 69.5267272	 255.902	103.4552	 282.0
42.0	 -18.7542734326	 14.991142129	 69.9369856	 256.096	55.0448	 268.0
42.5	 25.4838787393	 7.19081162272	 70.347244	 256.29	90.5832	 262.0
43.0	 27.8410313229	 0.649817652771	 70.7575024	 256.484	92.8652	 257.0
43.5	 -17.0747909961	 50.7789678198	 71.1677608	 256.678	57.6092	 297.0
44.0	 49.540763958	 39.2006277044	 71.5780192	 256.872	110.9168	 288.0
44.5	 96.8144209172	 49.0310087073	 71.9882776	 257.066	148.8656	 296.0
45.0	 48.8625900763	 32.4153224464	 72.398536	 257.26	111.1988	 283.0
45.5	 5.85138833491	 30.9116746219	 72.8087944	 257.454	77.4552	 282.0
46.0	 16.5393039739	 1.70262299718	 73.2190528	 257.648	86.3524	 259.0
46.5	 -8.32435454368	 17.829686682	 73.6293112	 257.842	67.0192	 272.0
47.0	 26.904504047	 -8.86069186996	 74.0395696	 258.036	95.4036	 251.0
47.5	 16.4748571748	 14.8223910332	 74.449828	 258.23	87.532	 270.0
48.0	 -17.3336168934	 1.98471438133	 74.8600864	 258.424	61.096	 260.0
48.5	 0.749122887214	 -2.03760651586	 75.2703448	 258.618	75.8652	 257.0
49.0	 3.42916935868	 -9.83793702219	 75.6806032	 258.812	78.4036	 251.0
49.5	 4.43026835985	 -1.2668925556	 76.0908616	 259.006	79.6088	 258.0
Actin association begins: 4.5
Actin association ends: 41.5
Length of actin association: 37.0
Area under actin curve during patch life: 23060.8030616
Cofilin association begins: 18.5
Cofilin association ends: 40.0
Length of cofilin association: 21.5
Delay between actin and cofilin association: 14.0
Area under cofilin curve during patch life: 2536.86292969
Cofilin intensity score: 277.042745621