Time	 Int488	 Int561	 Back488	 Back561	 Raw488	 Raw561
0.0	 -43.04112	 -9.2	 164.49632	 291.2	121.4552	 282.0
0.5	 -17.9941788235	 -1.06274509804	 165.141778824	 292.062745098	147.1476	 291.0
1.0	 25.3091623529	 6.07450980392	 165.787237647	 292.925490196	191.0964	 299.0
1.5	 32.8173035294	 -18.7882352941	 166.432696471	 293.788235294	199.25	 275.0
2.0	 -3.54575529412	 14.3490196078	 167.078155294	 294.650980392	163.5324	 309.0
2.5	 -35.2428141176	 -17.5137254902	 167.723614118	 295.51372549	132.4808	 278.0
3.0	 -13.7342729412	 -3.37647058824	 168.369072941	 296.376470588	154.6348	 293.0
3.5	 15.2102682353	 20.7607843137	 169.014531765	 297.239215686	184.2248	 318.0
4.0	 -37.5635905882	 0.898039215686	 169.659990588	 298.101960784	132.0964	 299.0
4.5	 -34.9014494118	 -8.96470588235	 170.305449412	 298.964705882	135.404	 290.0
5.0	 64.7870917647	 55.1725490196	 170.950908235	 299.82745098	235.738	 355.0
5.5	 81.5508329412	 -48.6901960784	 171.596367059	 300.690196078	253.1472	 252.0
6.0	 58.6493741176	 -9.55294117647	 172.241825882	 301.552941176	230.8912	 292.0
6.5	 119.671115294	 41.5843137255	 172.887284706	 302.415686275	292.5584	 344.0
7.0	 195.409656471	 -19.2784313725	 173.532743529	 303.278431373	368.9424	 284.0
7.5	 303.994997647	 -17.1411764706	 174.178202353	 304.141176471	478.1732	 287.0
8.0	 307.939538824	 6.99607843137	 174.823661176	 305.003921569	482.7632	 312.0
8.5	 361.78128	 8.13333333333	 175.46912	 305.866666667	537.2504	 314.0
9.0	 436.495021176	 29.2705882353	 176.114578824	 306.729411765	612.6096	 336.0
9.5	 398.131162353	 -15.5921568627	 176.760037647	 307.592156863	574.8912	 292.0
10.0	 519.716503529	 -13.4549019608	 177.405496471	 308.454901961	697.122	 295.0
10.5	 485.378644706	 -23.3176470588	 178.050955294	 309.317647059	663.4296	 286.0
11.0	 517.963985882	 -21.1803921569	 178.696414118	 310.180392157	696.6604	 289.0
11.5	 502.062527059	 17.9568627451	 179.341872941	 311.043137255	681.4044	 329.0
12.0	 503.493868235	 5.09411764706	 179.987331765	 311.905882353	683.4812	 317.0
12.5	 536.617209412	 -37.768627451	 180.632790588	 312.768627451	717.25	 275.0
13.0	 566.408150588	 10.368627451	 181.278249412	 313.631372549	747.6864	 324.0
13.5	 522.993091765	 -26.4941176471	 181.923708235	 314.494117647	704.9168	 288.0
14.0	 441.552832941	 -20.3568627451	 182.569167059	 315.356862745	624.122	 295.0
14.5	 537.650974118	 -20.2196078431	 183.214625882	 316.219607843	720.8656	 296.0
15.0	 440.672315294	 -8.08235294118	 183.860084706	 317.082352941	624.5324	 309.0
15.5	 348.719656471	 39.0549019608	 184.505543529	 317.945098039	533.2252	 357.0
16.0	 437.920197647	 23.1921568627	 185.151002353	 318.807843137	623.0712	 342.0
16.5	 470.300338824	 18.3294117647	 185.796461176	 319.670588235	656.0968	 338.0
17.0	 537.60448	 103.466666667	 186.44192	 320.533333333	724.0464	 424.0
17.5	 620.779421176	 91.6039215686	 187.087378824	 321.396078431	807.8668	 413.0
18.0	 667.594762353	 18.7411764706	 187.732837647	 322.258823529	855.3276	 341.0
18.5	 368.616503529	 69.8784313725	 188.378296471	 323.121568627	556.9948	 393.0
19.0	 442.433044706	 114.015686275	 189.023755294	 323.984313725	631.4568	 438.0
19.5	 282.556385882	 71.1529411765	 189.669214118	 324.847058824	472.2256	 396.0
20.0	 352.705727059	 63.2901960784	 190.314672941	 325.709803922	543.0204	 389.0
20.5	 359.727468235	 114.42745098	 190.960131765	 326.57254902	550.6876	 441.0
21.0	 76.6200094118	 68.5647058824	 191.605590588	 327.435294118	268.2256	 396.0
21.5	 -48.9750494118	 -18.2980392157	 192.251049412	 328.298039216	143.276	 310.0
22.0	 -39.8509082353	 16.8392156863	 192.896508235	 329.160784314	153.0456	 346.0
22.5	 -14.0607670588	 -13.0235294118	 193.541967059	 330.023529412	179.4812	 317.0
23.0	 -80.0138258824	 -4.8862745098	 194.187425882	 330.88627451	114.1736	 326.0
23.5	 -20.5564847059	 17.2509803922	 194.832884706	 331.749019608	174.2764	 349.0
24.0	 -44.3047435294	 -6.61176470588	 195.478343529	 332.611764706	151.1736	 326.0
24.5	 2.56219764706	 -48.4745098039	 196.123802353	 333.474509804	198.686	 285.0
25.0	 151.994738824	 55.662745098	 196.769261176	 334.337254902	348.764	 390.0
Actin association begins: 5.0
Actin association ends: 21.0
Length of actin association: 16.0
Cofilin association begins: 15.5
Cofilin association ends: 21.0
Length of cofilin association: 5.5
Delay between actin and cofilin association: 10.5
Maximum normalized actin intensity: 667.594762353
Maximum normalized cofilin intensity: 114.42745098