Time	 Int488	 Int561	 Back488	 Back561	 Raw488	 Raw561
0.0	 35.53816	 -29.4	 90.58744	 675.4	126.1256	 646.0
0.5	 -18.6611515	 68.97875	 90.1723515	 673.02125	71.5112	 742.0
1.0	 -5.092863	 8.3575	 89.757263	 670.6425	84.6644	 679.0
1.5	 10.8606255	 4.73625	 89.3421745	 668.26375	100.2028	 673.0
2.0	 -18.493886	 -28.885	 88.927086	 665.885	70.4332	 637.0
2.5	 6.6388025	 -60.50625	 88.5119975	 663.50625	95.1508	 603.0
3.0	 22.208291	 -4.1275	 88.096909	 661.1275	110.3052	 657.0
3.5	 -3.4530205	 49.25125	 87.6818205	 658.74875	84.2288	 708.0
4.0	 32.884468	 -14.37	 87.266732	 656.37	120.1512	 642.0
4.5	 40.8375565	 -56.99125	 86.8516435	 653.99125	127.6892	 597.0
5.0	 -13.874955	 4.3875	 86.436555	 651.6125	72.5616	 656.0
5.5	 -48.4594665	 45.76625	 86.0214665	 649.23375	37.562	 695.0
6.0	 -33.378778	 -55.855	 85.606378	 646.855	52.2276	 591.0
6.5	 -10.0404895	 -41.47625	 85.1912895	 644.47625	75.1508	 603.0
7.0	 -44.112601	 -41.0975	 84.776201	 642.0975	40.6636	 601.0
7.5	 -15.3899125	 -47.71875	 84.3611125	 639.71875	68.9712	 592.0
8.0	 11.666376	 -28.34	 83.946024	 637.34	95.6124	 609.0
8.5	 -1.6365355	 -30.96125	 83.5309355	 634.96125	81.8944	 604.0
9.0	 -1.144647	 -40.5825	 83.115847	 632.5825	81.9712	 592.0
9.5	 -7.9091585	 -49.20375	 82.7007585	 630.20375	74.7916	 581.0
10.0	 -48.72487	 -49.825	 82.28567	 627.825	33.5608	 578.0
10.5	 31.2026185	 -88.44625	 81.8705815	 625.44625	113.0732	 537.0
11.0	 -16.946293	 -76.0675	 81.455493	 623.0675	64.5092	 547.0
11.5	 -2.4792045	 -3.68875	 81.0404045	 620.68875	78.5612	 617.0
12.0	 -17.577316	 -38.31	 80.625316	 618.31	63.048	 580.0
12.5	 -39.1878275	 -31.93125	 80.2102275	 615.93125	41.0224	 584.0
13.0	 -48.593939	 -96.5525	 79.795139	 613.5525	31.2012	 517.0
13.5	 17.7443495	 -82.17375	 79.3800505	 611.17375	97.1244	 529.0
14.0	 -3.558562	 -84.795	 78.964962	 608.795	75.4064	 524.0
14.5	 37.0361265	 -71.41625	 78.5498735	 606.41625	115.586	 535.0
15.0	 13.938415	 -67.0375	 78.134785	 604.0375	92.0732	 537.0
15.5	 17.7639035	 -50.65875	 77.7196965	 601.65875	95.4836	 551.0
16.0	 31.127792	 -40.28	 77.304608	 599.28	108.4324	 559.0
16.5	 36.0556805	 -39.90125	 76.8895195	 596.90125	112.9452	 557.0
17.0	 61.931969	 -70.5225	 76.474431	 594.5225	138.4064	 524.0
17.5	 124.9626575	 -47.14375	 76.0593425	 592.14375	201.022	 545.0
18.0	 129.608146	 -80.765	 75.644254	 589.765	205.2524	 509.0
18.5	 153.1776345	 -24.38625	 75.2291655	 587.38625	228.4068	 563.0
19.0	 139.361923	 -25.0075	 74.814077	 585.0075	214.176	 560.0
19.5	 192.1358115	 -39.62875	 74.3989885	 582.62875	266.5348	 543.0
20.0	 177.7561	 -30.25	 73.9839	 580.25	251.74	 550.0
20.5	 213.8891885	 -22.87125	 73.5688115	 577.87125	287.458	 555.0
21.0	 222.971077	 -7.4925	 73.153723	 575.4925	296.1248	 568.0
21.5	 203.8729655	 -42.11375	 72.7386345	 573.11375	276.6116	 531.0
22.0	 219.596054	 -9.735	 72.323546	 570.735	291.9196	 561.0
22.5	 228.3959425	 10.64375	 71.9084575	 568.35625	300.3044	 579.0
23.0	 231.118631	 4.0225	 71.493369	 565.9775	302.612	 570.0
23.5	 281.9693195	 -22.59875	 71.0782805	 563.59875	353.0476	 541.0
24.0	 253.897608	 16.78	 70.663192	 561.22	324.5608	 578.0
24.5	 312.0566965	 59.15875	 70.2481035	 558.84125	382.3048	 618.0
25.0	 297.138185	 35.5375	 69.833015	 556.4625	366.9712	 592.0
25.5	 285.3732735	 -12.08375	 69.4179265	 554.08375	354.7912	 542.0
26.0	 313.019162	 -6.705	 69.002838	 551.705	382.022	 545.0
26.5	 341.9470505	 -6.32625	 68.5877495	 549.32625	410.5348	 543.0
27.0	 370.105739	 -2.9475	 68.172661	 546.9475	438.2784	 544.0
27.5	 397.8544275	 25.43125	 67.7575725	 544.56875	465.612	 570.0
28.0	 394.346716	 54.81	 67.342484	 542.19	461.6892	 597.0
28.5	 317.0950045	 44.18875	 66.9273955	 539.81125	384.0224	 584.0
29.0	 325.843693	 72.5675	 66.512307	 537.4325	392.356	 610.0
29.5	 311.6943815	 45.94625	 66.0972185	 535.05375	377.7916	 581.0
30.0	 294.52027	 101.325	 65.68213	 532.675	360.2024	 634.0
30.5	 430.3969585	 109.70375	 65.2670415	 530.29625	495.664	 640.0
31.0	 375.067647	 33.0825	 64.851953	 527.9175	439.9196	 561.0
31.5	 299.1259355	 247.46125	 64.4368645	 525.53875	363.5628	 773.0
32.0	 390.900224	 271.84	 64.021776	 523.16	454.922	 795.0
32.5	 370.2137125	 368.21875	 63.6066875	 520.78125	433.8204	 889.0
33.0	 347.911201	 404.5975	 63.191599	 518.4025	411.1028	 923.0
33.5	 326.7354895	 303.97625	 62.7765105	 516.02375	389.512	 820.0
34.0	 335.175378	 224.355	 62.361422	 513.645	397.5368	 738.0
34.5	 373.0780665	 267.73375	 61.9463335	 511.26625	435.0244	 779.0
35.0	 336.389955	 208.1125	 61.531245	 508.8875	397.9212	 717.0
35.5	 298.3442435	 282.49125	 61.1161565	 506.50875	359.4604	 789.0
36.0	 314.784132	 202.87	 60.701068	 504.13	375.4852	 707.0
36.5	 325.0452205	 190.24875	 60.2859795	 501.75125	385.3312	 692.0
37.0	 261.639909	 203.6275	 59.870891	 499.3725	321.5108	 703.0
37.5	 309.2085975	 182.00625	 59.4558025	 496.99375	368.6644	 679.0
38.0	 280.188086	 213.385	 59.040714	 494.615	339.2288	 708.0
38.5	 253.7819745	 148.76375	 58.6256255	 492.23625	312.4076	 641.0
39.0	 169.735863	 184.1425	 58.210537	 489.8575	227.9464	 674.0
39.5	 200.9205515	 222.52125	 57.7954485	 487.47875	258.716	 710.0
40.0	 286.41284	 251.9	 57.38036	 485.1	343.7932	 737.0
40.5	 298.2895285	 260.27875	 56.9652715	 482.72125	355.2548	 743.0
41.0	 275.678617	 227.6575	 56.550183	 480.3425	332.2288	 708.0
41.5	 210.5549055	 197.03625	 56.1350945	 477.96375	266.69	 675.0
42.0	 220.277994	 229.415	 55.720006	 475.585	275.998	 705.0
42.5	 110.9494825	 230.79375	 55.3049175	 473.20625	166.2544	 704.0
43.0	 142.826171	 239.1725	 54.889829	 470.8275	197.716	 710.0
43.5	 136.1128595	 222.55125	 54.4747405	 468.44875	190.5876	 691.0
44.0	 101.373948	 209.93	 54.059652	 466.07	155.4336	 676.0
44.5	 116.1730365	 152.30875	 53.6445635	 463.69125	169.8176	 616.0
45.0	 79.588525	 193.6875	 53.229475	 461.3125	132.818	 655.0
45.5	 162.1328135	 293.06625	 52.8143865	 458.93375	214.9472	 752.0
46.0	 97.059902	 215.445	 52.399298	 456.555	149.4592	 672.0
46.5	 118.3209905	 202.82375	 51.9842095	 454.17625	170.3052	 657.0
47.0	 89.607279	 147.2025	 51.569121	 451.7975	141.1764	 599.0
47.5	 64.7663675	 189.58125	 51.1540325	 449.41875	115.9204	 639.0
48.0	 85.975856	 145.96	 50.738944	 447.04	136.7148	 593.0
48.5	 69.3657445	 191.33875	 50.3238555	 444.66125	119.6896	 636.0
49.0	 76.883233	 177.7175	 49.908767	 442.2825	126.792	 620.0
49.5	 64.1435215	 87.09625	 49.4936785	 439.90375	113.6372	 527.0
50.0	 109.12261	 79.475	 49.07859	 437.525	158.2012	 517.0
50.5	 49.1012985	 32.85375	 48.6635015	 435.14625	97.7648	 468.0
51.0	 49.926787	 49.2325	 48.248413	 432.7675	98.1752	 482.0
51.5	 40.7006755	 34.61125	 47.8333245	 430.38875	88.534	 465.0
52.0	 42.014164	 130.99	 47.418236	 428.01	89.4324	 559.0
52.5	 68.4032525	 98.36875	 47.0031475	 425.63125	115.4064	 524.0
53.0	 -6.566459	 82.7475	 46.588059	 423.2525	40.0216	 506.0
53.5	 43.1814295	 33.12625	 46.1729705	 420.87375	89.3544	 454.0
54.0	 47.878518	 30.505	 45.757882	 418.495	93.6364	 449.0
54.5	 15.2168065	 44.88375	 45.3427935	 416.11625	60.5596	 461.0
55.0	 54.939495	 38.2625	 44.927705	 413.7375	99.8672	 452.0
55.5	 48.9441835	 26.64125	 44.5126165	 411.35875	93.4568	 438.0
56.0	 11.718472	 51.02	 44.097528	 408.98	55.816	 460.0
56.5	 48.8515605	 58.39875	 43.6824395	 406.60125	92.534	 465.0
57.0	 47.522649	 20.7775	 43.267351	 404.2225	90.79	 425.0
57.5	 30.3989375	 -9.84375	 42.8522625	 401.84375	73.2512	 392.0
58.0	 37.352826	 25.535	 42.437174	 399.465	79.79	 425.0
58.5	 48.8447145	 15.91375	 42.0220855	 397.08625	90.8668	 413.0
59.0	 38.157403	 34.2925	 41.606997	 394.7075	79.7644	 429.0
59.5	 28.6752915	 59.67125	 41.1919085	 392.32875	69.8672	 452.0
60.0	 41.62838	 17.05	 40.77682	 389.95	82.4052	 407.0
60.5	 13.2998685	 18.42875	 40.3617315	 387.57125	53.6616	 406.0
61.0	 79.227757	 18.8075	 39.946643	 385.1925	119.1744	 404.0
61.5	 28.1048455	 66.18625	 39.5315545	 382.81375	67.6364	 449.0
62.0	 40.493934	 33.565	 39.116466	 380.435	79.6104	 414.0
62.5	 22.7550225	 20.94375	 38.7013775	 378.05625	61.4564	 399.0
63.0	 37.221311	 15.3225	 38.286289	 375.6775	75.5076	 391.0
63.5	 65.0723995	 27.70125	 37.8712005	 373.29875	102.9436	 401.0
64.0	 49.897488	 5.08	 37.456112	 370.92	87.3536	 376.0
64.5	 66.8509765	 1.45875	 37.0410235	 368.54125	103.892	 370.0
65.0	 10.702065	 13.8375	 36.625935	 366.1625	47.328	 380.0
65.5	 15.7839535	 29.21625	 36.2108465	 363.78375	51.9948	 393.0
66.0	 27.045442	 55.595	 35.795758	 361.405	62.8412	 417.0
66.5	 50.9729305	 16.97375	 35.3806695	 359.02625	86.3536	 376.0
67.0	 14.926419	 13.3525	 34.965581	 356.6475	49.892	 370.0
67.5	 52.8543075	 13.73125	 34.5504925	 354.26875	87.4048	 368.0
68.0	 39.705396	 26.11	 34.135404	 351.89	73.8408	 378.0
68.5	 21.6076845	 30.48875	 33.7203155	 349.51125	55.328	 380.0
69.0	 31.919973	 9.8675	 33.305227	 347.1325	65.2252	 357.0
69.5	 50.8990615	 2.24625	 32.8901385	 344.75375	83.7892	 347.0
70.0	 16.05775	 5.625	 32.47505	 342.375	48.5328	 348.0
70.5	 -5.5271615	 8.00375	 32.0599615	 339.99625	26.5328	 348.0
71.0	 5.682727	 3.3825	 31.644873	 337.6175	37.3276	 341.0
71.5	 56.3798155	 0.76125	 31.2297845	 335.23875	87.6096	 336.0
72.0	 0.333304	 -2.86	 30.814696	 332.86	31.148	 330.0
72.5	 30.7739925	 -4.48125	 30.3996075	 330.48125	61.1736	 326.0
73.0	 20.368681	 8.8975	 29.984519	 328.1025	50.3532	 337.0
73.5	 -7.7546305	 17.27625	 29.5694305	 325.72375	21.8148	 343.0
74.0	 1.172858	 -21.345	 29.154342	 323.345	30.3272	 302.0
74.5	 10.2035465	 2.03375	 28.7392535	 320.96625	38.9428	 323.0
75.0	 -15.996965	 -16.5875	 28.324165	 318.5875	12.3272	 302.0
75.5	 -0.7098765	 5.79125	 27.9090765	 316.20875	27.1992	 322.0
76.0	 9.961612	 7.17	 27.493988	 313.83	37.4556	 321.0
76.5	 5.6331005	 8.54875	 27.0788995	 311.45125	32.712	 320.0
77.0	 15.201789	 -13.0725	 26.663811	 309.0725	41.8656	 296.0
77.5	 -2.5627225	 -21.69375	 26.2487225	 306.69375	23.686	 285.0
78.0	 3.288366	 -9.315	 25.833634	 304.315	29.122	 295.0
78.5	 0.0622545	 -23.93625	 25.4185455	 301.93625	25.4808	 278.0
79.0	 2.990543	 15.4425	 25.003457	 299.5575	27.994	 315.0
79.5	 -10.0047685	 3.82125	 24.5883685	 297.17875	14.5836	 301.0
Actin association begins: 14.5
Actin association ends: 52.5
Length of actin association: 38.0
Cofilin association begins: 27.5
Cofilin association ends: 57.0
Length of cofilin association: 29.5
Delay between actin and cofilin association: 13.0
Maximum normalized actin intensity: 430.3969585
Maximum normalized cofilin intensity: 404.5975