Time	 Int488	 Int561	 Back488	 Back561	 Raw488	 Raw561
0.0	 16.63016	 -59.4	 119.47184	 904.4	136.102	 845.0
0.5	 -5.26796817204	 15.576344086	 118.909168172	 901.423655914	113.6412	 917.0
1.0	 7.11510365591	 7.55268817204	 118.346496344	 898.447311828	125.4616	 906.0
1.5	 -22.3730245161	 57.5290322581	 117.783824516	 895.470967742	95.4108	 953.0
2.0	 9.52244731183	 8.50537634409	 117.221152688	 892.494623656	126.7436	 901.0
2.5	 15.6747191398	 -2.51827956989	 116.65848086	 889.51827957	132.3332	 887.0
3.0	 -23.3262090323	 49.4580645161	 116.095809032	 886.541935484	92.7696	 936.0
3.5	 -10.2255372043	 7.43440860215	 115.533137204	 883.565591398	105.3076	 891.0
4.0	 -8.79046537634	 69.4107526882	 114.970465376	 880.589247312	106.18	 950.0
4.5	 11.8230064516	 25.3870967742	 114.407793548	 877.612903226	126.2308	 903.0
5.0	 -5.15232172043	 73.3634408602	 113.84512172	 874.63655914	108.6928	 948.0
5.5	 -13.1032498925	 0.339784946237	 113.282449892	 871.660215054	100.1792	 872.0
6.0	 -32.6173780645	 15.3161290323	 112.719778065	 868.683870968	80.1024	 884.0
6.5	 -5.41350623656	 35.2924731183	 112.157106237	 865.707526882	106.7436	 901.0
7.0	 30.7127655914	 -10.7311827957	 111.594434409	 862.731182796	142.3072	 852.0
7.5	 5.73703741935	 -1.75483870968	 111.031762581	 859.75483871	116.7688	 858.0
8.0	 11.6841092473	 -19.7784946237	 110.469090753	 856.778494624	122.1532	 837.0
8.5	 27.1183810753	 -35.8021505376	 109.906418925	 853.802150538	137.0248	 818.0
9.0	 -43.7797470968	 39.1741935484	 109.343747097	 850.825806452	65.564	 890.0
9.5	 -33.7298752688	 44.1505376344	 108.781075269	 847.849462366	75.0512	 892.0
10.0	 44.4475965591	 -9.87311827957	 108.218403441	 844.87311828	152.666	 835.0
10.5	 22.8310683871	 21.1032258065	 107.655731613	 841.896774194	130.4868	 863.0
11.0	 25.6245402151	 27.0795698925	 107.093059785	 838.920430108	132.7176	 866.0
11.5	 19.469212043	 25.0559139785	 106.530387957	 835.944086022	125.9996	 861.0
12.0	 29.133883871	 -26.9677419355	 105.967716129	 832.967741935	135.1016	 806.0
12.5	 45.5949556989	 70.0086021505	 105.405044301	 829.991397849	151.0	 900.0
13.0	 52.9260275269	 -8.01505376344	 104.842372473	 827.015053763	157.7684	 819.0
13.5	 -11.1521006452	 16.9612903226	 104.279700645	 824.038709677	93.1276	 841.0
14.0	 -34.7430288172	 43.9376344086	 103.717028817	 821.062365591	68.974	 865.0
14.5	 -4.00195698925	 -59.0860215054	 103.154356989	 818.086021505	99.1524	 759.0
15.0	 70.5867148387	 -21.1096774194	 102.591685161	 815.109677419	173.1784	 794.0
15.5	 68.2517866667	 -34.1333333333	 102.029013333	 812.133333333	170.2808	 778.0
16.0	 72.1228584946	 37.8430107527	 101.466341505	 809.156989247	173.5892	 847.0
16.5	 105.531130323	 -13.1806451613	 100.903669677	 806.180645161	206.4348	 793.0
17.0	 191.221802151	 -30.2043010753	 100.340997849	 803.204301075	291.5628	 773.0
17.5	 172.964073978	 -16.2279569892	 99.7783260215	 800.227956989	272.7424	 784.0
18.0	 188.552345806	 -17.2516129032	 99.2156541935	 797.251612903	287.768	 780.0
18.5	 201.037817634	 -41.2752688172	 98.6529823656	 794.275268817	299.6908	 753.0
19.0	 273.216089462	 -17.2989247312	 98.0903105376	 791.298924731	371.3064	 774.0
19.5	 298.80396129	 -57.3225806452	 97.5276387097	 788.322580645	396.3316	 731.0
20.0	 284.033833118	 -2.34623655914	 96.9649668817	 785.346236559	380.9988	 783.0
20.5	 345.109304946	 -1.36989247312	 96.4022950538	 782.369892473	441.5116	 781.0
21.0	 324.261176774	 -51.3935483871	 95.8396232258	 779.393548387	420.1008	 728.0
21.5	 364.337048602	 -11.4172043011	 95.2769513978	 776.417204301	459.614	 765.0
22.0	 317.72052043	 19.5591397849	 94.7142795699	 773.440860215	412.4348	 793.0
22.5	 349.000792258	 -11.464516129	 94.1516077419	 770.464516129	443.1524	 759.0
23.0	 289.641064086	 57.511827957	 93.588935914	 767.488172043	383.23	 825.0
23.5	 414.562535914	 43.488172043	 93.026264086	 764.511827957	507.5888	 808.0
24.0	 377.766407742	 63.464516129	 92.4635922581	 761.535483871	470.23	 825.0
24.5	 364.76427957	 -1.55913978495	 91.9009204301	 758.559139785	456.6652	 757.0
25.0	 371.917351398	 65.4172043011	 91.3382486022	 755.582795699	463.2556	 821.0
25.5	 380.838423226	 12.3935483871	 90.7755767742	 752.606451613	471.614	 765.0
26.0	 406.017095054	 75.3698924731	 90.2129049462	 749.630107527	496.23	 825.0
26.5	 316.221766882	 173.346236559	 89.6502331183	 746.653763441	405.872	 920.0
27.0	 352.32163871	 53.3225806452	 89.0875612903	 743.677419355	441.4092	 797.0
27.5	 448.090710538	 180.298924731	 88.5248894624	 740.701075269	536.6156	 921.0
28.0	 402.421382366	 63.2752688172	 87.9622176344	 737.724731183	490.3836	 801.0
28.5	 379.086454194	 50.2516129032	 87.3995458065	 734.748387097	466.486	 785.0
29.0	 376.162326022	 90.2279569892	 86.8368739785	 731.772043011	462.9992	 822.0
29.5	 379.058597849	 119.204301075	 86.2742021505	 728.795698925	465.3328	 848.0
30.0	 377.108869677	 163.180645161	 85.7115303226	 725.819354839	462.8204	 889.0
30.5	 338.106741505	 98.1569892473	 85.1488584946	 722.843010753	423.2556	 821.0
31.0	 412.412613333	 63.1333333333	 84.5861866667	 719.866666667	496.9988	 783.0
31.5	 360.256885161	 22.1096774194	 84.0235148387	 716.890322581	444.2804	 739.0
32.0	 358.385156989	 171.086021505	 83.4608430108	 713.913978495	441.846	 885.0
32.5	 337.793428817	 120.062365591	 82.8981711828	 710.937634409	420.6916	 831.0
33.0	 414.818100645	 168.038709677	 82.3354993548	 707.961290323	497.1536	 876.0
33.5	 265.201972473	 238.015053763	 81.7728275269	 704.984946237	346.9748	 943.0
34.0	 344.866244301	 146.991397849	 81.2101556989	 702.008602151	426.0764	 849.0
34.5	 281.736516129	 140.967741935	 80.647483871	 699.032258065	362.384	 840.0
35.0	 321.529987957	 146.944086022	 80.084812043	 696.055913978	401.6148	 843.0
35.5	 270.529059785	 198.920430108	 79.5221402151	 693.079569892	350.0512	 892.0
36.0	 230.860131613	 120.896774194	 78.9594683871	 690.103225806	309.8196	 811.0
36.5	 215.499203441	 72.8731182796	 78.3967965591	 687.12688172	293.896	 760.0
37.0	 241.677875269	 135.849462366	 77.8341247312	 684.150537634	319.512	 820.0
37.5	 204.649747097	 35.8258064516	 77.2714529032	 681.174193548	281.9212	 717.0
38.0	 167.623218925	 91.8021505376	 76.7087810753	 678.197849462	244.332	 770.0
38.5	 255.801090753	 76.7784946237	 76.1461092473	 675.221505376	331.9472	 752.0
39.0	 184.569362581	 125.75483871	 75.5834374194	 672.24516129	260.1528	 798.0
39.5	 265.542434409	 142.731182796	 75.0207655914	 669.268817204	340.5632	 812.0
40.0	 216.258706237	 121.707526882	 74.4580937634	 666.292473118	290.7168	 788.0
40.5	 196.538578065	 51.6838709677	 73.8954219355	 663.316129032	270.434	 715.0
41.0	 271.948049892	 117.660215054	 73.3327501075	 660.339784946	345.2808	 778.0
41.5	 289.97232172	 126.63655914	 72.7700782796	 657.36344086	362.7424	 784.0
42.0	 276.278593548	 130.612903226	 72.2074064516	 654.387096774	348.486	 785.0
42.5	 319.149265376	 163.589247312	 71.6447346237	 651.410752688	390.794	 815.0
43.0	 275.531937204	 116.565591398	 71.0820627957	 648.434408602	346.614	 765.0
43.5	 347.350609032	 79.5419354839	 70.5193909677	 645.458064516	417.87	 725.0
44.0	 266.45168086	 76.5182795699	 69.9567191398	 642.48172043	336.4084	 719.0
44.5	 304.219952688	 125.494623656	 69.3940473118	 639.505376344	373.614	 765.0
45.0	 326.757024516	 132.470967742	 68.8313754839	 636.529032258	395.5884	 769.0
45.5	 393.780896344	 102.447311828	 68.2687036559	 633.552688172	462.0496	 736.0
46.0	 363.062368172	 188.423655914	 67.706031828	 630.576344086	430.7684	 819.0
46.5	 499.08744	 275.4	 67.14336	 627.6	566.2308	 903.0
47.0	 505.445711828	 349.376344086	 66.580688172	 624.623655914	572.0264	 974.0
47.5	 545.110383656	 297.352688172	 66.0180163441	 621.647311828	611.1284	 919.0
48.0	 513.057455484	 279.329032258	 65.4553445161	 618.670967742	578.5128	 898.0
48.5	 515.004527312	 261.305376344	 64.8926726882	 615.694623656	579.8972	 877.0
49.0	 484.64439914	 291.28172043	 64.3300008602	 612.71827957	548.9744	 904.0
49.5	 491.770670968	 245.258064516	 63.7673290323	 609.741935484	555.538	 855.0
50.0	 525.589742796	 247.234408602	 63.2046572043	 606.765591398	588.7944	 854.0
50.5	 535.999614624	 352.210752688	 62.6419853763	 603.789247312	598.6416	 956.0
51.0	 485.486286452	 445.187096774	 62.0793135484	 600.812903226	547.5656	 1046.0
51.5	 498.79095828	 293.16344086	 61.5166417204	 597.83655914	560.3076	 891.0
52.0	 448.276430108	 269.139784946	 60.9539698925	 594.860215054	509.2304	 864.0
52.5	 553.325101935	 157.116129032	 60.3912980645	 591.883870968	613.7164	 749.0
53.0	 453.325773763	 365.092473118	 59.8286262366	 588.907526882	513.1544	 954.0
53.5	 402.272045591	 269.068817204	 59.2659544086	 585.931182796	461.538	 855.0
54.0	 392.526717419	 242.04516129	 58.7032825806	 582.95483871	451.23	 825.0
54.5	 387.550989247	 251.021505376	 58.1406107527	 579.978494624	445.6916	 831.0
55.0	 387.703661075	 278.997849462	 57.5779389247	 577.002150538	445.2816	 856.0
55.5	 485.881932903	 302.974193548	 57.0152670968	 574.025806452	542.8972	 877.0
56.0	 285.316204731	 286.950537634	 56.4525952688	 571.049462366	341.7688	 858.0
56.5	 231.674476559	 360.92688172	 55.8899234409	 568.07311828	287.5644	 929.0
57.0	 342.775948387	 396.903225806	 55.3272516129	 565.096774194	398.1032	 962.0
57.5	 335.646220215	 390.879569892	 54.7645797849	 562.120430108	390.4108	 953.0
58.0	 199.746492043	 309.855913978	 54.201907957	 559.144086022	253.9484	 869.0
58.5	 229.157563871	 531.832258065	 53.639236129	 556.167741935	282.7968	 1088.0
59.0	 331.315435699	 1066.80860215	 53.0765643011	 553.191397849	384.392	 1620.0
59.5	 419.775307527	 1046.78494624	 52.5138924731	 550.215053763	472.2892	 1597.0
60.0	 335.335579355	 815.761290323	 51.9512206452	 547.238709677	387.2868	 1363.0
60.5	 403.278251183	 368.737634409	 51.3885488172	 544.262365591	454.6668	 913.0
61.0	 263.200123011	 393.713978495	 50.8258769892	 541.286021505	314.026	 935.0
61.5	 240.324794839	 191.690322581	 50.2632051613	 538.309677419	290.588	 730.0
62.0	 142.324266667	 282.666666667	 49.7005333333	 535.333333333	192.0248	 818.0
62.5	 203.759738495	 383.643010753	 49.1378615054	 532.356989247	252.8976	 916.0
63.0	 337.685210323	 759.619354839	 48.5751896774	 529.380645161	386.2604	 1289.0
63.5	 342.195082151	 614.595698925	 48.0125178495	 526.404301075	390.2076	 1141.0
64.0	 365.605753978	 797.572043011	 47.4498460215	 523.427956989	413.0556	 1321.0
64.5	 391.705225806	 638.548387097	 46.8871741935	 520.451612903	438.5924	 1159.0
65.0	 280.549097634	 558.524731183	 46.3245023656	 517.475268817	326.8736	 1076.0
65.5	 171.570969462	 333.501075269	 45.7618305376	 514.498924731	217.3328	 848.0
66.0	 301.10924129	 457.477419355	 45.1991587097	 511.522580645	346.3084	 969.0
66.5	 311.599513118	 901.453763441	 44.6364868817	 508.546236559	356.236	 1410.0
67.0	 315.312184946	 529.430107527	 44.0738150538	 505.569892473	359.386	 1035.0
67.5	 181.593256774	 576.406451613	 43.5111432258	 502.593548387	225.1044	 1079.0
68.0	 304.158328602	 813.382795699	 42.9484713978	 499.617204301	347.1068	 1313.0
68.5	 309.59500043	 1031.35913978	 42.3857995699	 496.640860215	351.9808	 1528.0
69.0	 231.845272258	 575.335483871	 41.8231277419	 493.664516129	273.6684	 1069.0
69.5	 294.871944086	 818.311827957	 41.260455914	 490.688172043	336.1324	 1309.0
70.0	 422.382615914	 751.288172043	 40.697784086	 487.711827957	463.0804	 1239.0
70.5	 315.278087742	 702.264516129	 40.1351122581	 484.735483871	355.4132	 1187.0
71.0	 227.71195957	 647.240860215	 39.5724404301	 481.759139785	267.2844	 1129.0
71.5	 171.758231398	 301.217204301	 39.0097686022	 478.782795699	210.768	 780.0
72.0	 44.0621032258	 71.1935483871	 38.4470967742	 475.806451613	82.5092	 547.0
72.5	 23.9075750538	 147.169892473	 37.8844249462	 472.830107527	61.792	 620.0
73.0	 159.701446882	 192.146236559	 37.3217531183	 469.853763441	197.0232	 662.0
73.5	 49.1877187097	 246.122580645	 36.7590812903	 466.877419355	85.9468	 713.0
74.0	 108.495590538	 406.098924731	 36.1964094624	 463.901075269	144.692	 870.0
74.5	 125.721062366	 32.0752688172	 35.6337376344	 460.924731183	161.3548	 493.0
75.0	 82.5397341935	 -4.94838709677	 35.0710658065	 457.948387097	117.6108	 453.0
75.5	 35.2304060215	 -21.9720430108	 34.5083939785	 454.972043011	69.7388	 433.0
76.0	 18.0750778495	 -23.9956989247	 33.9457221505	 451.995698925	52.0208	 428.0
76.5	 40.3045496774	 -8.01935483871	 33.3830503226	 449.019354839	73.6876	 441.0
77.0	 21.5080215054	 -27.0430107527	 32.8203784946	 446.043010753	54.3284	 419.0
77.5	 42.6858933333	 -42.0666666667	 32.2577066667	 443.066666667	74.9436	 401.0
78.0	 10.8897651613	 -22.0903225806	 31.6950348387	 440.090322581	42.5848	 418.0
78.5	 33.7084369892	 -59.1139784946	 31.1323630108	 437.113978495	64.8408	 378.0
79.0	 58.7843088172	 -19.1376344086	 30.5696911828	 434.137634409	89.354	 415.0
79.5	 13.9625806452	 4.83870967742	 30.0070193548	 431.161290323	43.9696	 436.0
80.0	 -4.75714752688	 -26.1849462366	 29.4443475269	 428.184946237	24.6872	 402.0
80.5	 0.0359243010753	 -59.2086021505	 28.8816756989	 425.208602151	28.9176	 366.0
81.0	 12.034596129	 -46.2322580645	 28.319003871	 422.232258065	40.3536	 376.0
81.5	 33.930467957	 -56.2559139785	 27.756332043	 419.255913978	61.6868	 363.0
82.0	 19.7239397849	 -50.2795698925	 27.1936602151	 416.279569892	46.9176	 366.0
82.5	 -0.584988387097	 -28.3032258065	 26.6309883871	 413.303225806	26.046	 385.0
83.0	 6.25968344086	 -30.3268817204	 26.0683165591	 410.32688172	32.328	 380.0
83.5	 18.9251552688	 -4.35053763441	 25.5056447312	 407.350537634	44.4308	 403.0
84.0	 1.64142709677	 -25.3741935484	 24.9429729032	 404.374193548	26.5844	 379.0
84.5	 23.9732989247	 -25.3978494624	 24.3803010753	 401.397849462	48.3536	 376.0
85.0	 31.2535707527	 -56.4215053763	 23.8176292473	 398.421505376	55.0712	 342.0
85.5	 -0.850157419355	 -27.4451612903	 23.2549574194	 395.44516129	22.4048	 368.0
86.0	 18.1997144086	 -22.4688172043	 22.6922855914	 392.468817204	40.892	 370.0
86.5	 6.22398623656	 -13.4924731183	 22.1296137634	 389.492473118	28.3536	 376.0
87.0	 -3.31574193548	 5.48387096774	 21.5669419355	 386.516129032	18.2512	 392.0
87.5	 -4.75347010753	 -30.5397849462	 21.0042701075	 383.539784946	16.2508	 353.0
88.0	 34.1168017204	 -36.5634408602	 20.4415982796	 380.56344086	54.5584	 344.0
88.5	 4.03867354839	 -11.5870967742	 19.8789264516	 377.587096774	23.9176	 366.0
89.0	 16.8573453763	 -48.6107526882	 19.3162546237	 374.610752688	36.1736	 326.0
89.5	 33.3180172043	 9.36559139785	 18.7535827957	 371.634408602	52.0716	 381.0
90.0	 37.4186890323	 -32.6580645161	 18.1909109677	 368.658064516	55.6096	 336.0
90.5	 11.3917608602	 -15.6817204301	 17.6282391398	 365.68172043	29.02	 350.0
91.0	 -23.7375673118	 17.2946236559	 17.0655673118	 362.705376344	-6.672	 380.0
91.5	 3.97870451613	 -3.72903225806	 16.5028954839	 359.729032258	20.4816	 356.0
92.0	 -8.97182365591	 -37.752688172	 15.9402236559	 356.752688172	6.9684	 319.0
92.5	 8.89884817204	 -4.77634408602	 15.377551828	 353.776344086	24.2764	 349.0
Actin association begins: 15.0
Actin association ends: 79.5
Length of actin association: 64.5
Cofilin association begins: 25.0
Cofilin association ends: 74.5
Length of cofilin association: 49.5
Delay between actin and cofilin association: 10.0
Maximum normalized actin intensity: 553.325101935
Maximum normalized cofilin intensity: 1066.80860215