Time	 Int488	 Int561	 Back488	 Back561	 Raw488	 Raw561
0.0	 6.4512	 -8.0	 80.0032	 212.0	86.4544	 204.0
0.5	 -7.51750649351	 4.15584415584	 79.8951064935	 211.844155844	72.3776	 216.0
1.0	 18.898187013	 -4.68831168831	 79.787012987	 211.688311688	98.6852	 207.0
1.5	 -6.32691948052	 8.46753246753	 79.6789194805	 211.532467532	73.352	 220.0
2.0	 -10.424025974	 1.62337662338	 79.570825974	 211.376623377	69.1468	 213.0
2.5	 -1.16193246753	 16.7792207792	 79.4627324675	 211.220779221	78.3008	 228.0
3.0	 -7.95143896104	 0.935064935065	 79.354638961	 211.064935065	71.4032	 212.0
3.5	 -29.8433454545	 1.09090909091	 79.2465454545	 210.909090909	49.4032	 212.0
4.0	 2.31594805195	 -6.75324675325	 79.1384519481	 210.753246753	81.4544	 204.0
4.5	 11.3728415584	 1.4025974026	 79.0303584416	 210.597402597	90.4032	 212.0
5.0	 -15.0574649351	 7.55844155844	 78.9222649351	 210.441558442	63.8648	 218.0
5.5	 -31.2569714286	 16.7142857143	 78.8141714286	 210.285714286	47.5572	 227.0
6.0	 7.10752207792	 15.8701298701	 78.7060779221	 210.12987013	85.8136	 226.0
6.5	 5.08721558442	 -2.97402597403	 78.5979844156	 209.974025974	83.6852	 207.0
7.0	 44.5029090909	 -11.8181818182	 78.4898909091	 209.818181818	122.9928	 198.0
7.5	 12.7138025974	 11.3376623377	 78.3817974026	 209.662337662	91.0956	 221.0
8.0	 38.8218961039	 11.4935064935	 78.2737038961	 209.506493506	117.0956	 221.0
8.5	 38.8015896104	 -7.35064935065	 78.1656103896	 209.350649351	116.9672	 202.0
9.0	 100.243283117	 18.8051948052	 78.0575168831	 209.194805195	178.3008	 228.0
9.5	 62.4537766234	 2.96103896104	 77.9494233766	 209.038961039	140.4032	 212.0
10.0	 100.30547013	 4.11688311688	 77.8413298701	 208.883116883	178.1468	 213.0
10.5	 92.4647636364	 -3.72727272727	 77.7332363636	 208.727272727	170.198	 205.0
11.0	 121.470457143	 12.4285714286	 77.6251428571	 208.571428571	199.0956	 221.0
11.5	 114.193750649	 -5.41558441558	 77.5170493506	 208.415584416	191.7108	 203.0
12.0	 177.097044156	 26.7402597403	 77.4089558442	 208.25974026	254.506	 235.0
12.5	 191.409937662	 -5.1038961039	 77.3008623377	 208.103896104	268.7108	 203.0
13.0	 203.954031169	 5.05194805195	 77.1927688312	 207.948051948	281.1468	 213.0
13.5	 201.780124675	 10.2077922078	 77.0846753247	 207.792207792	278.8648	 218.0
14.0	 204.708618182	 -0.636363636364	 76.9765818182	 207.636363636	281.6852	 207.0
14.5	 239.406711688	 24.5194805195	 76.8684883117	 207.480519481	316.2752	 232.0
15.0	 194.155605195	 2.67532467532	 76.7603948052	 207.324675325	270.916	 210.0
15.5	 239.160898701	 -20.1688311688	 76.6523012987	 207.168831169	315.8132	 187.0
16.0	 234.936192208	 31.987012987	 76.5442077922	 207.012987013	311.4804	 239.0
16.5	 209.864685714	 21.1428571429	 76.4361142857	 206.857142857	286.3008	 228.0
17.0	 270.203579221	 24.2987012987	 76.3280207792	 206.701298701	346.5316	 231.0
17.5	 272.619272727	 15.4545454545	 76.2199272727	 206.545454545	348.8392	 222.0
18.0	 291.752966234	 11.6103896104	 76.1118337662	 206.38961039	367.8648	 218.0
18.5	 252.78425974	 23.7662337662	 76.0037402597	 206.233766234	328.788	 230.0
19.0	 198.687153247	 16.9220779221	 75.8956467532	 206.077922078	274.5828	 223.0
19.5	 314.282446753	 19.0779220779	 75.7875532468	 205.922077922	390.07	 225.0
20.0	 276.77494026	 -1.76623376623	 75.6794597403	 205.766233766	352.4544	 204.0
20.5	 259.421833766	 31.3896103896	 75.5713662338	 205.61038961	334.9932	 237.0
21.0	 223.068327273	 25.5454545455	 75.4632727273	 205.454545455	298.5316	 231.0
21.5	 212.612420779	 35.7012987013	 75.3551792208	 205.298701299	287.9676	 241.0
22.0	 234.592114286	 16.8571428571	 75.2470857143	 205.142857143	309.8392	 222.0
22.5	 296.162207792	 62.012987013	 75.1389922078	 204.987012987	371.3012	 267.0
23.0	 226.449501299	 34.1688311688	 75.0308987013	 204.831168831	301.4804	 239.0
23.5	 159.223994805	 8.32467532468	 74.9228051948	 204.675324675	234.1468	 213.0
24.0	 224.742488312	 22.4805194805	 74.8147116883	 204.519480519	299.5572	 227.0
24.5	 247.568581818	 27.6363636364	 74.7066181818	 204.363636364	322.2752	 232.0
25.0	 196.779475325	 50.7922077922	 74.5985246753	 204.207792208	271.378	 255.0
25.5	 184.784768831	 27.9480519481	 74.4904311688	 204.051948052	259.2752	 232.0
26.0	 171.380062338	 30.1038961039	 74.3823376623	 203.896103896	245.7624	 234.0
26.5	 124.231755844	 31.2597402597	 74.2742441558	 203.74025974	198.506	 235.0
27.0	 98.2114493506	 12.4155844156	 74.1661506494	 203.584415584	172.3776	 216.0
27.5	 183.242742857	 24.5714285714	 74.0580571429	 203.428571429	257.3008	 228.0
28.0	 175.299636364	 32.7272727273	 73.9499636364	 203.272727273	249.2496	 236.0
28.5	 106.22812987	 21.8831168831	 73.8418701299	 203.116883117	180.07	 225.0
29.0	 153.336223377	 22.038961039	 73.7337766234	 202.961038961	227.07	 225.0
29.5	 90.3419168831	 38.1948051948	 73.6256831169	 202.805194805	163.9676	 241.0
30.0	 169.19361039	 39.3506493506	 73.5175896104	 202.649350649	242.7112	 242.0
30.5	 217.840503896	 72.5064935065	 73.4094961039	 202.493506494	291.25	 275.0
31.0	 40.1277974026	 44.6623376623	 73.3014025974	 202.337662338	113.4292	 247.0
31.5	 29.8766909091	 22.8181818182	 73.1933090909	 202.181818182	103.07	 225.0
32.0	 0.0615844155844	 10.974025974	 73.0852155844	 202.025974026	73.1468	 213.0
32.5	 -4.26632207792	 1.12987012987	 72.9771220779	 201.87012987	68.7108	 203.0
33.0	 -28.3634285714	 -5.71428571429	 72.8690285714	 201.714285714	44.5056	 196.0
33.5	 -37.4089350649	 18.4415584416	 72.7609350649	 201.558441558	35.352	 220.0
34.0	 -5.40364155844	 -4.4025974026	 72.6528415584	 201.402597403	67.2492	 197.0
34.5	 17.6532519481	 3.75324675325	 72.5447480519	 201.246753247	90.198	 205.0
35.0	 8.71014545455	 11.9090909091	 72.4366545455	 201.090909091	81.1468	 213.0
35.5	 -6.84856103896	 -0.935064935065	 72.328561039	 200.935064935	65.48	 200.0
36.0	 1.02873246753	 -3.77922077922	 72.2204675325	 200.779220779	73.2492	 197.0
36.5	 -0.350374025974	 -5.62337662338	 72.112374026	 200.623376623	71.762	 195.0
37.0	 -19.0626805195	 5.53246753247	 72.0042805195	 200.467532468	52.9416	 206.0
37.5	 37.763412987	 10.6883116883	 71.896187013	 200.311688312	109.6596	 211.0
38.0	 -21.0004935065	 -9.15584415584	 71.7880935065	 200.155844156	50.7876	 191.0
Actin association begins: 6.0
Actin association ends: 32.0
Length of actin association: 26.0
Cofilin association begins: 20.5
Cofilin association ends: 32.5
Length of cofilin association: 12.0
Delay between actin and cofilin association: 14.5
Maximum normalized actin intensity: 314.282446753
Maximum normalized cofilin intensity: 72.5064935065