Time	 Int488	 Int561	 Back488	 Back561	 Raw488	 Raw561
0.0	 -0.61032	 -6.2	 67.60432	 321.2	66.994	 315.0
0.5	 -16.8691208	 55.722	 67.2227208	 320.278	50.3536	 376.0
1.0	 17.1012784	 -35.356	 66.8411216	 319.356	83.9424	 284.0
1.5	 -0.6451224	 -14.434	 66.4595224	 318.434	65.8144	 304.0
2.0	 4.8392768	 9.488	 66.0779232	 317.512	70.9172	 327.0
2.5	 49.707676	 -26.59	 65.696324	 316.59	115.404	 290.0
3.0	 36.0640752	 17.332	 65.3147248	 315.668	101.3788	 333.0
3.5	 14.2916744	 3.254	 64.9331256	 314.746	79.2248	 318.0
4.0	 51.0064736	 -8.824	 64.5515264	 313.824	115.558	 305.0
4.5	 17.7988728	 45.098	 64.1699272	 312.902	81.9688	 358.0
5.0	 45.026072	 -7.98	 63.788328	 311.98	108.8144	 304.0
5.5	 -4.8227288	 28.942	 63.4067288	 311.058	58.584	 340.0
6.0	 11.1996704	 7.864	 63.0251296	 310.136	74.2248	 318.0
6.5	 46.8888696	 -0.214	 62.6435304	 309.214	109.5324	 309.0
7.0	 25.2712688	 78.708	 62.2619312	 308.292	87.5332	 387.0
7.5	 54.677668	 -2.37	 61.880332	 307.37	116.558	 305.0
8.0	 86.7768672	 -35.448	 61.4987328	 306.448	148.2756	 271.0
8.5	 25.1328664	 -30.526	 61.1171336	 305.526	86.25	 275.0
9.0	 25.0272656	 -31.604	 60.7355344	 304.604	85.7628	 273.0
9.5	 86.0244648	 -9.682	 60.3539352	 303.682	146.3784	 294.0
10.0	 75.200864	 -15.76	 59.972336	 302.76	135.1732	 287.0
10.5	 112.1980632	 6.162	 59.5907368	 301.838	171.7888	 308.0
11.0	 82.2208624	 24.084	 59.2091376	 300.916	141.43	 325.0
11.5	 91.4996616	 2.006	 58.8275384	 299.994	150.3272	 302.0
12.0	 199.6252608	 42.928	 58.4459392	 299.072	258.0712	 342.0
12.5	 252.92966	 16.85	 58.06434	 298.15	310.994	 315.0
13.0	 241.1064592	 49.772	 57.6827408	 297.228	298.7892	 347.0
13.5	 270.2572584	 47.694	 57.3011416	 296.306	327.5584	 344.0
14.0	 265.9976576	 31.616	 56.9195424	 295.384	322.9172	 327.0
14.5	 306.3280568	 40.538	 56.5379432	 294.462	362.866	 335.0
15.0	 374.632456	 14.46	 56.156344	 293.54	430.7888	 308.0
15.5	 437.6300552	 75.382	 55.7747448	 292.618	493.4048	 368.0
16.0	 495.0884544	 64.304	 55.3931456	 291.696	550.4816	 356.0
16.5	 520.2392536	 62.226	 55.0115464	 290.774	575.2508	 353.0
17.0	 494.7756528	 156.148	 54.6299472	 289.852	549.4056	 446.0
17.5	 494.618852	 163.07	 54.248348	 288.93	548.8672	 452.0
18.0	 547.0260512	 159.992	 53.8667488	 288.008	600.8928	 448.0
18.5	 548.7664504	 143.914	 53.4851496	 287.086	602.2516	 431.0
19.0	 552.1216496	 70.836	 53.1035504	 286.164	605.2252	 357.0
19.5	 614.0944488	 213.758	 52.7219512	 285.242	666.8164	 499.0
20.0	 640.065648	 200.68	 52.340352	 284.32	692.406	 485.0
20.5	 659.2680472	 229.602	 51.9587528	 283.398	711.2268	 513.0
21.0	 756.7008464	 222.524	 51.5771536	 282.476	808.278	 505.0
21.5	 677.3136456	 265.446	 51.1955544	 281.554	728.5092	 547.0
22.0	 498.6944448	 188.368	 50.8139552	 280.632	549.5084	 469.0
22.5	 573.742044	 124.29	 50.432356	 279.71	624.1744	 404.0
23.0	 566.6364432	 123.212	 50.0507568	 278.788	616.6872	 402.0
23.5	 493.6592424	 141.134	 49.6691576	 277.866	543.3284	 419.0
24.0	 663.2976416	 180.056	 49.2875584	 276.944	712.5852	 457.0
24.5	 625.9864408	 132.978	 48.9059592	 276.022	674.8924	 409.0
25.0	 617.34244	 137.9	 48.52436	 275.1	665.8668	 413.0
25.5	 608.8008392	 126.822	 48.1427608	 274.178	656.9436	 401.0
26.0	 620.3112384	 185.744	 47.7611616	 273.256	668.0724	 459.0
26.5	 611.3080376	 168.666	 47.3795624	 272.334	658.6876	 441.0
27.0	 599.4588368	 166.588	 46.9979632	 271.412	646.4568	 438.0
27.5	 673.276036	 138.51	 46.616364	 270.49	719.8924	 409.0
28.0	 569.4268352	 136.432	 46.2347648	 269.568	615.6616	 406.0
28.5	 509.5520344	 138.354	 45.8531656	 268.646	555.4052	 407.0
29.0	 633.3696336	 149.276	 45.4715664	 267.724	678.8412	 417.0
29.5	 612.4436328	 159.198	 45.0899672	 266.802	657.5336	 426.0
30.0	 521.466032	 138.12	 44.708368	 265.88	566.1744	 404.0
30.5	 585.0524312	 107.042	 44.3267688	 264.958	629.3792	 372.0
31.0	 639.3828304	 115.964	 43.9451696	 264.036	683.328	 380.0
31.5	 528.9696296	 123.886	 43.5635704	 263.114	572.5332	 387.0
32.0	 544.2228288	 105.808	 43.1819712	 262.192	587.4048	 368.0
32.5	 488.015628	 198.73	 42.800372	 261.27	530.816	 460.0
33.0	 522.6788272	 155.652	 42.4187728	 260.348	565.0976	 416.0
33.5	 530.9064264	 141.574	 42.0371736	 259.426	572.9436	 401.0
34.0	 386.8516256	 93.496	 41.6555744	 258.504	428.5072	 352.0
34.5	 422.2848248	 125.418	 41.2739752	 257.582	463.5588	 383.0
35.0	 362.743224	 114.34	 40.892376	 256.66	403.6356	 371.0
35.5	 322.7148232	 140.262	 40.5107768	 255.738	363.2256	 396.0
36.0	 280.4808224	 120.184	 40.1291776	 254.816	320.61	 375.0
36.5	 283.8368216	 125.106	 39.7475784	 253.894	323.5844	 379.0
37.0	 338.9364208	 131.028	 39.3659792	 252.972	378.3024	 384.0
37.5	 291.19042	 190.95	 38.98438	 252.05	330.1748	 443.0
38.0	 279.1604192	 60.872	 38.6027808	 251.128	317.7632	 312.0
38.5	 133.5936184	 92.794	 38.2211816	 250.206	171.8148	 343.0
39.0	 210.3356176	 232.716	 37.8395824	 249.284	248.1752	 482.0
39.5	 233.8700168	 131.638	 37.4579832	 248.362	271.328	 380.0
40.0	 48.686816	 64.56	 37.076384	 247.44	85.7632	 312.0
40.5	 89.2736152	 72.482	 36.6947848	 246.518	125.9684	 319.0
41.0	 38.6552144	 73.404	 36.3131856	 245.596	74.9684	 319.0
41.5	 49.7032136	 48.326	 35.9315864	 244.674	85.6348	 293.0
42.0	 74.4180128	 36.248	 35.5499872	 243.752	109.968	 280.0
42.5	 34.645612	 22.17	 35.168388	 242.83	69.814	 265.0
43.0	 8.0532112	 58.092	 34.7867888	 241.908	42.84	 300.0
43.5	 21.4088104	 24.014	 34.4051896	 240.986	55.814	 265.0
44.0	 -25.5943904	 6.936	 34.0235904	 240.064	8.4292	 247.0
44.5	 4.9668088	 18.858	 33.6419912	 239.142	38.6088	 258.0
45.0	 12.143208	 12.78	 33.260392	 238.22	45.4036	 251.0
45.5	 -3.0139928	 -19.298	 32.8787928	 237.298	29.8648	 218.0
46.0	 -0.7859936	 5.624	 32.4971936	 236.376	31.7112	 242.0
46.5	 -7.9683944	 16.546	 32.1155944	 235.454	24.1472	 252.0
47.0	 -19.1507952	 27.468	 31.7339952	 234.532	12.5832	 262.0
47.5	 -6.871996	 5.39	 31.352396	 233.61	24.4804	 239.0
48.0	 -13.1059968	 -14.688	 30.9707968	 232.688	17.8648	 218.0
48.5	 15.5064024	 -10.766	 30.5891976	 231.766	46.0956	 221.0
49.0	 20.0932016	 -2.844	 30.2075984	 230.844	50.3008	 228.0
49.5	 -21.3455992	 9.078	 29.8259992	 229.922	8.4804	 239.0
Actin association begins: 6.0
Actin association ends: 43.5
Length of actin association: 37.5
Cofilin association begins: 10.5
Cofilin association ends: 45.0
Length of cofilin association: 34.5
Delay between actin and cofilin association: 4.5
Maximum normalized actin intensity: 756.7008464
Maximum normalized cofilin intensity: 265.446