Time	 Int488	 Int561	 Back488	 Back561	 Raw488	 Raw561
0.0	 -2.44112	 -9.2	 94.94712	 244.2	92.506	 235.0
0.5	 -2.38504648649	 12.0216216216	 94.5066464865	 243.978378378	92.1216	 256.0
1.0	 29.388627027	 -0.756756756757	 94.066172973	 243.756756757	123.4548	 243.0
1.5	 -34.5040994595	 12.4648648649	 93.6256994595	 243.535135135	59.1216	 256.0
2.0	 14.3463740541	 -12.3135135135	 93.1852259459	 243.313513514	107.5316	 231.0
2.5	 60.8636475676	 -24.0918918919	 92.7447524324	 243.091891892	153.6084	 219.0
3.0	 30.0481210811	 16.1297297297	 92.3042789189	 242.87027027	122.3524	 259.0
3.5	 110.026994595	 10.3513513514	 91.8638054054	 242.648648649	201.8908	 253.0
4.0	 110.954668108	 12.572972973	 91.4233318919	 242.427027027	202.378	 255.0
4.5	 106.728341622	 -0.205405405405	 90.9828583784	 242.205405405	197.7112	 242.0
5.0	 117.297215135	 19.0162162162	 90.5423848649	 241.983783784	207.8396	 261.0
5.5	 190.968088649	 -16.7621621622	 90.1019113514	 241.762162162	281.07	 225.0
6.0	 167.408962162	 22.4594594595	 89.6614378378	 241.540540541	257.0704	 264.0
6.5	 133.182635676	 9.68108108108	 89.2209643243	 241.318918919	222.4036	 251.0
7.0	 220.135909189	 7.9027027027	 88.7804908108	 241.097297297	308.9164	 249.0
7.5	 247.012382703	 18.1243243243	 88.3400172973	 240.875675676	335.3524	 259.0
8.0	 218.863256216	 32.3459459459	 87.8995437838	 240.654054054	306.7628	 273.0
8.5	 237.91892973	 14.5675675676	 87.4590702703	 240.432432432	325.378	 255.0
9.0	 181.975003243	 35.7891891892	 87.0185967568	 240.210810811	268.9936	 276.0
9.5	 270.954276757	 69.0108108108	 86.5781232432	 239.989189189	357.5324	 309.0
10.0	 282.39435027	 30.2324324324	 86.1376497297	 239.767567568	368.532	 270.0
10.5	 307.783623784	 38.4540540541	 85.6971762162	 239.545945946	393.4808	 278.0
11.0	 359.249697297	 34.6756756757	 85.2567027027	 239.324324324	444.5064	 274.0
11.5	 356.024170811	 99.8972972973	 84.8162291892	 239.102702703	440.8404	 339.0
12.0	 349.361444324	 38.1189189189	 84.3757556757	 238.881081081	433.7372	 277.0
12.5	 382.545517838	 39.3405405405	 83.9352821622	 238.659459459	466.4808	 278.0
13.0	 348.165191351	 11.5621621622	 83.4948086486	 238.437837838	431.66	 250.0
13.5	 392.195264865	 -2.21621621622	 83.0543351351	 238.216216216	475.2496	 236.0
14.0	 401.969338378	 24.0054054054	 82.6138616216	 237.994594595	484.5832	 262.0
14.5	 453.487011892	 51.227027027	 82.1733881081	 237.772972973	535.6604	 289.0
15.0	 483.696685405	 48.4486486486	 81.7329145946	 237.551351351	565.4296	 286.0
15.5	 457.649958919	 46.6702702703	 81.2924410811	 237.32972973	538.9424	 284.0
16.0	 536.962032432	 27.8918918919	 80.8519675676	 237.108108108	617.814	 265.0
16.5	 618.812905946	 42.1135135135	 80.4114940541	 236.886486486	699.2244	 279.0
17.0	 461.176179459	 15.3351351351	 79.9710205405	 236.664864865	541.1472	 252.0
17.5	 526.616652973	 15.5567567568	 79.530547027	 236.443243243	606.1472	 252.0
18.0	 544.365126486	 45.7783783784	 79.0900735135	 236.221621622	623.4552	 282.0
18.5	 540.9088	 108.0	 78.6496	 236.0	619.5584	 344.0
19.0	 484.502473514	 45.2216216216	 78.2091264865	 235.778378378	562.7116	 281.0
19.5	 552.302147027	 67.4432432432	 77.768652973	 235.556756757	630.0708	 303.0
20.0	 558.255020541	 26.6648648649	 77.3281794595	 235.335135135	635.5832	 262.0
20.5	 566.644694054	 73.8864864865	 76.8877059459	 235.113513514	643.5324	 309.0
21.0	 564.905967568	 102.108108108	 76.4472324324	 234.891891892	641.3532	 337.0
21.5	 538.859241081	 100.32972973	 76.0067589189	 234.67027027	614.866	 335.0
22.0	 491.120114595	 89.5513513514	 75.5662854054	 234.448648649	566.6864	 324.0
22.5	 515.842588108	 84.772972973	 75.1258118919	 234.227027027	590.9684	 319.0
23.0	 601.718661622	 55.9945945946	 74.6853383784	 234.005405405	676.404	 290.0
23.5	 632.774335135	 38.2162162162	 74.2448648649	 233.783783784	707.0192	 272.0
24.0	 728.650808649	 48.4378378378	 73.8043913514	 233.562162162	802.4552	 282.0
24.5	 504.835282162	 88.6594594595	 73.3639178378	 233.340540541	578.1992	 322.0
25.0	 640.326555676	 41.8810810811	 72.9234443243	 233.118918919	713.25	 275.0
25.5	 513.562229189	 74.1027027027	 72.4829708108	 232.897297297	586.0452	 307.0
26.0	 530.207902703	 81.3243243243	 72.0424972973	 232.675675676	602.2504	 314.0
26.5	 507.494776216	 105.545945946	 71.6020237838	 232.454054054	579.0968	 338.0
27.0	 543.44764973	 64.7675675676	 71.1615502703	 232.232432432	614.6092	 297.0
27.5	 558.170523243	 98.9891891892	 70.7210767568	 232.010810811	628.8916	 331.0
28.0	 561.482596757	 80.2108108108	 70.2806032432	 231.789189189	631.7632	 312.0
28.5	 476.12827027	 87.4324324324	 69.8401297297	 231.567567568	545.9684	 319.0
29.0	 560.004343784	 58.6540540541	 69.3996562162	 231.345945946	629.404	 290.0
29.5	 518.675617297	 61.8756756757	 68.9591827027	 231.124324324	587.6348	 293.0
30.0	 544.269690811	 38.0972972973	 68.5187091892	 230.902702703	612.7884	 269.0
30.5	 420.454164324	 78.3189189189	 68.0782356757	 230.681081081	488.5324	 309.0
31.0	 451.176637838	 73.5405405405	 67.6377621622	 230.459459459	518.8144	 304.0
31.5	 478.975911351	 56.7621621622	 67.1972886486	 230.237837838	546.1732	 287.0
32.0	 438.109184865	 104.983783784	 66.7568151351	 230.016216216	504.866	 335.0
32.5	 409.574858378	 62.2054054054	 66.3163416216	 229.794594595	475.8912	 292.0
33.0	 357.092531892	 89.427027027	 65.8758681081	 229.572972973	422.9684	 319.0
33.5	 388.173805405	 67.6486486486	 65.4353945946	 229.351351351	453.6092	 297.0
34.0	 310.896678919	 101.87027027	 64.9949210811	 229.12972973	375.8916	 331.0
34.5	 421.798352432	 69.0918918919	 64.5544475676	 228.908108108	486.3528	 298.0
35.0	 385.444025946	 76.3135135135	 64.1139740541	 228.686486486	449.558	 305.0
35.5	 345.961699459	 103.535135135	 63.6735005405	 228.464864865	409.6352	 332.0
36.0	 341.273772973	 84.7567567568	 63.233027027	 228.243243243	404.5068	 313.0
36.5	 312.175846486	 90.9783783784	 62.7925535135	 228.021621622	374.9684	 319.0
37.0	 269.25712	 69.2	 62.35208	 227.8	331.6092	 297.0
37.5	 278.107993514	 83.4216216216	 61.9116064865	 227.578378378	340.0196	 311.0
38.0	 381.702867027	 137.643243243	 61.471132973	 227.356756757	443.174	 365.0
38.5	 301.347740541	 66.8648648649	 61.0306594595	 227.135135135	362.3784	 294.0
39.0	 265.660214054	 87.0864864865	 60.5901859459	 226.913513514	326.2504	 314.0
39.5	 269.049487568	 95.3081081081	 60.1497124324	 226.691891892	329.1992	 322.0
40.0	 274.156761081	 108.52972973	 59.7092389189	 226.47027027	333.866	 335.0
40.5	 212.854034595	 146.751351351	 59.2687654054	 226.248648649	272.1228	 373.0
41.0	 249.139708108	 53.972972973	 58.8282918919	 226.027027027	307.968	 280.0
41.5	 254.760181622	 104.194594595	 58.3878183784	 225.805405405	313.148	 330.0
42.0	 280.303055135	 88.4162162162	 57.9473448649	 225.583783784	338.2504	 314.0
42.5	 256.102328649	 71.6378378378	 57.5068713514	 225.362162162	313.6092	 297.0
43.0	 217.696402162	 47.8594594595	 57.0663978378	 225.140540541	274.7628	 273.0
43.5	 179.060475676	 99.0810810811	 56.6259243243	 224.918918919	235.6864	 324.0
44.0	 156.962549189	 105.302702703	 56.1854508108	 224.697297297	213.148	 330.0
44.5	 186.915422703	 64.5243243243	 55.7449772973	 224.475675676	242.6604	 289.0
45.0	 204.586296216	 28.7459459459	 55.3045037838	 224.254054054	259.8908	 253.0
45.5	 113.59116973	 57.9675675676	 54.8640302703	 224.032432432	168.4552	 282.0
46.0	 135.826443243	 51.1891891892	 54.4235567568	 223.810810811	190.25	 275.0
46.5	 135.728516757	 57.4108108108	 53.9830832432	 223.589189189	189.7116	 281.0
47.0	 121.60499027	 67.6324324324	 53.5426097297	 223.367567568	175.1476	 291.0
47.5	 159.711863784	 41.8540540541	 53.1021362162	 223.145945946	212.814	 265.0
48.0	 119.742337297	 67.0756756757	 52.6616627027	 222.924324324	172.404	 290.0
48.5	 99.6700108108	 69.2972972973	 52.2211891892	 222.702702703	151.8912	 292.0
49.0	 66.5204843243	 44.5189189189	 51.7807156757	 222.481081081	118.3012	 267.0
49.5	 50.9353578378	 48.7405405405	 51.3402421622	 222.259459459	102.2756	 271.0
50.0	 80.7606313514	 66.9621621622	 50.8997686486	 222.037837838	131.6604	 289.0
50.5	 64.9443048649	 29.1837837838	 50.4592951351	 221.816216216	115.4036	 251.0
51.0	 85.2307783784	 14.4054054054	 50.0188216216	 221.594594595	135.2496	 236.0
51.5	 97.5688518919	 30.627027027	 49.5783481081	 221.372972973	147.1472	 252.0
52.0	 87.0861254054	 18.8486486486	 49.1378745946	 221.151351351	136.224	 240.0
52.5	 26.4757989189	 66.0702702703	 48.6974010811	 220.92972973	75.1732	 287.0
53.0	 -2.80212756757	 22.2918918919	 48.2569275676	 220.708108108	45.4548	 243.0
53.5	 -6.41285405405	 30.5135135135	 47.8164540541	 220.486486486	41.4036	 251.0
54.0	 28.6172194595	 16.7351351351	 47.3759805405	 220.264864865	75.9932	 237.0
54.5	 73.339692973	 11.9567567568	 46.935507027	 220.043243243	120.2752	 232.0
55.0	 42.5493664865	 9.17837837838	 46.4950335135	 219.821621622	89.0444	 229.0
55.5	 3.86184	 29.4	 46.05456	 219.6	49.9164	 249.0
56.0	 78.3019135135	 -9.37837837838	 45.6140864865	 219.378378378	123.916	 210.0
56.5	 12.973587027	 32.8432432432	 45.173612973	 219.156756757	58.1472	 252.0
57.0	 37.9008605405	 -3.93513513514	 44.7331394595	 218.935135135	82.634	 215.0
57.5	 -11.9146659459	 36.2864864865	 44.2926659459	 218.713513514	32.378	 255.0
58.0	 -17.0641924324	 11.5081081081	 43.8521924324	 218.491891892	26.788	 230.0
58.5	 -23.4957189189	 -8.27027027027	 43.4117189189	 218.27027027	19.916	 210.0
59.0	 -26.7216454054	 17.9513513514	 42.9712454054	 218.048648649	16.2496	 236.0
59.5	 0.923628108108	 -13.827027027	 42.5307718919	 217.827027027	43.4544	 204.0
60.0	 -16.9690983784	 -0.605405405405	 42.0902983784	 217.605405405	25.1212	 217.0
60.5	 -5.68262486486	 -15.3837837838	 41.6498248649	 217.383783784	35.9672	 202.0
61.0	 -31.9857513514	 -16.1621621622	 41.2093513514	 217.162162162	9.2236	 201.0
61.5	 -26.9296778378	 5.05945945946	 40.7688778378	 216.940540541	13.8392	 222.0
62.0	 -12.6944043243	 -1.71891891892	 40.3284043243	 216.718918919	27.634	 215.0
62.5	 -33.7411308108	 -3.4972972973	 39.8879308108	 216.497297297	6.1468	 213.0
63.0	 -13.8134572973	 -1.27567567568	 39.4474572973	 216.275675676	25.634	 215.0
63.5	 -27.1933837838	 9.94594594595	 39.0069837838	 216.054054054	11.8136	 226.0
64.0	 -35.0605102703	 19.1675675676	 38.5665102703	 215.832432432	3.506	 235.0
64.5	 -12.9792367568	 -2.61081081081	 38.1260367568	 215.610810811	25.1468	 213.0
65.0	 -1.23116324324	 -11.3891891892	 37.6855632432	 215.389189189	36.4544	 204.0
65.5	 -19.9958897297	 -18.1675675676	 37.2450897297	 215.167567568	17.2492	 197.0
66.0	 -14.2474162162	 12.0540540541	 36.8046162162	 214.945945946	22.5572	 227.0
66.5	 1.9366572973	 13.2756756757	 36.3641427027	 214.724324324	38.3008	 228.0
67.0	 -26.5716691892	 5.4972972973	 35.9236691892	 214.502702703	9.352	 220.0
67.5	 -24.3107956757	 -5.28108108108	 35.4831956757	 214.281081081	11.1724	 209.0
68.0	 -21.6651221622	 1.94054054054	 35.0427221622	 214.059459459	13.3776	 216.0
68.5	 -30.6350486486	 -11.8378378378	 34.6022486486	 213.837837838	3.9672	 202.0
69.0	 -8.93817513514	 -12.6162162162	 34.1617751351	 213.616216216	25.2236	 201.0
69.5	 -41.1897016216	 17.6054054054	 33.7213016216	 213.394594595	-7.4684	 231.0
70.0	 -7.41602810811	 4.82702702703	 33.2808281081	 213.172972973	25.8648	 218.0
70.5	 -6.51395459459	 11.0486486486	 32.8403545946	 212.951351351	26.3264	 224.0
71.0	 -13.3810810811	 20.2702702703	 32.3998810811	 212.72972973	19.0188	 233.0
71.5	 -30.5818075676	 3.49189189189	 31.9594075676	 212.508108108	1.3776	 216.0
72.0	 -1.67973405405	 9.71351351351	 31.5189340541	 212.286486486	29.8392	 222.0
72.5	 12.6579394595	 -13.0648648649	 31.0784605405	 212.064864865	43.7364	 199.0
73.0	 -1.13238702703	 -15.8432432432	 30.637987027	 211.843243243	29.5056	 196.0
73.5	 14.1288864865	 12.3783783784	 30.1975135135	 211.621621622	44.3264	 224.0
Actin association begins: 2.0
Actin association ends: 52.5
Length of actin association: 50.5
Cofilin association begins: 14.0
Cofilin association ends: 55.5
Length of cofilin association: 41.5
Delay between actin and cofilin association: 12.0
Maximum normalized actin intensity: 728.650808649
Maximum normalized cofilin intensity: 146.751351351