Time	 Int488	 Int561	 Back488	 Back561	 Raw488	 Raw561
0.0	 3.698	 55.0	 153.348	 330.0	157.046	 385.0
0.5	 35.6057390071	 -18.4609929078	 152.413860993	 329.460992908	188.0196	 311.0
1.0	 -9.07532198582	 0.0780141843971	 151.479721986	 328.921985816	142.4044	 329.0
1.5	 10.1920170213	 -12.3829787234	 150.545582979	 328.382978723	160.7376	 316.0
2.0	 -31.0790439716	 -18.8439716312	 149.611443972	 327.843971631	118.5324	 309.0
2.5	 -50.0165049645	 0.695035460993	 148.677304965	 327.304964539	98.6608	 328.0
3.0	 22.1996340426	 -3.76595744681	 147.743165957	 326.765957447	169.9428	 323.0
3.5	 39.4929730496	 18.7730496454	 146.80902695	 326.226950355	186.302	 345.0
4.0	 48.7603120567	 6.31205673759	 145.874887943	 325.687943262	194.6352	 332.0
4.5	 45.3104510638	 66.8510638298	 144.940748936	 325.14893617	190.2512	 392.0
5.0	 56.5517900709	 19.390070922	 144.006609929	 324.609929078	200.5584	 344.0
5.5	 59.999129078	 56.9290780142	 143.072470922	 324.070921986	203.0716	 381.0
6.0	 108.985268085	 127.468085106	 142.138331915	 323.531914894	251.1236	 451.0
6.5	 209.483007092	 79.0070921986	 141.204192908	 322.992907801	350.6872	 402.0
7.0	 146.211546099	 33.5460992908	 140.270053901	 322.453900709	286.4816	 356.0
7.5	 129.940485106	 27.085106383	 139.335914894	 321.914893617	269.2764	 349.0
8.0	 162.439424113	 95.6241134752	 138.401775887	 321.375886525	300.8412	 417.0
8.5	 138.348363121	 139.163120567	 137.467636879	 320.836879433	275.816	 460.0
9.0	 204.564102128	 95.7021276596	 136.533497872	 320.29787234	341.0976	 416.0
9.5	 166.421041135	 69.2411347518	 135.599358865	 319.758865248	302.0204	 389.0
10.0	 153.252780142	 85.780141844	 134.665219858	 319.219858156	287.918	 405.0
10.5	 161.520919149	 151.319148936	 133.731080851	 318.680851064	295.252	 470.0
11.0	 109.377858156	 124.858156028	 132.796941844	 318.141843972	242.1748	 443.0
11.5	 141.516797163	 93.3971631206	 131.862802837	 317.602836879	273.3796	 411.0
12.0	 144.55333617	 77.9361702128	 130.92866383	 317.063829787	275.482	 395.0
12.5	 239.179475177	 48.475177305	 129.994524823	 316.524822695	369.174	 365.0
13.0	 130.934414184	 77.0141843972	 129.060385816	 315.985815603	259.9948	 393.0
13.5	 116.458953191	 141.553191489	 128.126246809	 315.446808511	244.5852	 457.0
14.0	 193.803092199	 117.092198582	 127.192107801	 314.907801418	320.9952	 432.0
14.5	 255.942031206	 85.6312056738	 126.257968794	 314.368794326	382.2	 400.0
15.0	 226.824570213	 55.170212766	 125.323829787	 313.829787234	352.1484	 369.0
15.5	 212.14390922	 112.709219858	 124.38969078	 313.290780142	336.5336	 426.0
16.0	 163.822048227	 153.24822695	 123.455551773	 312.75177305	287.2776	 466.0
16.5	 192.627387234	 95.7872340426	 122.521412766	 312.212765957	315.1488	 408.0
17.0	 266.741126241	 107.326241135	 121.587273759	 311.673758865	388.3284	 419.0
17.5	 339.419665248	 186.865248227	 120.653134752	 311.134751773	460.0728	 498.0
18.0	 299.353804255	 187.404255319	 119.718995745	 310.595744681	419.0728	 498.0
18.5	 281.979943262	 157.943262411	 118.784856738	 310.056737589	400.7648	 468.0
19.0	 357.68368227	 194.482269504	 117.85071773	 309.517730496	475.5344	 504.0
19.5	 328.130621277	 193.021276596	 116.916578723	 308.978723404	445.0472	 502.0
20.0	 314.448760284	 133.560283688	 115.982439716	 308.439716312	430.4312	 442.0
20.5	 365.254099291	 76.0992907801	 115.048300709	 307.90070922	480.3024	 384.0
21.0	 402.778638298	 140.638297872	 114.114161702	 307.361702128	516.8928	 448.0
21.5	 307.943977305	 183.177304965	 113.180022695	 306.822695035	421.124	 490.0
22.0	 384.698516312	 172.716312057	 112.245883688	 306.283687943	496.9444	 479.0
22.5	 331.811455319	 106.255319149	 111.311744681	 305.744680851	443.1232	 412.0
23.0	 347.823194326	 172.794326241	 110.377605674	 305.205673759	458.2008	 478.0
23.5	 353.705333333	 103.333333333	 109.443466667	 304.666666667	463.1488	 408.0
24.0	 353.79387234	 157.872340426	 108.50932766	 304.127659574	462.3032	 462.0
24.5	 307.984011348	 118.411347518	 107.575188652	 303.588652482	415.5592	 422.0
25.0	 327.379350355	 85.9503546099	 106.641049645	 303.04964539	434.0204	 389.0
25.5	 292.493089362	 97.4893617021	 105.706910638	 302.510638298	398.2	 400.0
26.0	 332.325228369	 153.028368794	 104.772771631	 301.971631206	437.098	 455.0
26.5	 330.079367376	 103.567375887	 103.838632624	 301.432624113	433.918	 405.0
27.0	 400.449906383	 153.106382979	 102.904493617	 300.893617021	503.3544	 454.0
27.5	 358.28164539	 169.645390071	 101.97035461	 300.354609929	460.252	 470.0
28.0	 423.190184397	 174.184397163	 101.036215603	 299.815602837	524.2264	 474.0
28.5	 371.483523404	 196.723404255	 100.102076596	 299.276595745	471.5856	 496.0
29.0	 456.212862411	 229.262411348	 99.1679375887	 298.737588652	555.3808	 528.0
29.5	 381.377801418	 232.80141844	 98.2337985816	 298.19858156	479.6116	 531.0
30.0	 435.670340426	 177.340425532	 97.2996595745	 297.659574468	532.97	 475.0
30.5	 381.091279433	 140.879432624	 96.3655205674	 297.120567376	477.4568	 438.0
31.0	 440.56421844	 174.418439716	 95.4313815603	 296.581560284	535.9956	 471.0
31.5	 397.472357447	 139.957446809	 94.4972425532	 296.042553191	491.9696	 436.0
32.0	 413.227296454	 168.496453901	 93.5631035461	 295.503546099	506.7904	 464.0
32.5	 391.417835461	 168.035460993	 92.628964539	 294.964539007	484.0468	 463.0
33.0	 398.095974468	 208.574468085	 91.6948255319	 294.425531915	489.7908	 503.0
33.5	 277.953313475	 221.113475177	 90.7606865248	 293.886524823	368.714	 515.0
34.0	 383.656652482	 218.65248227	 89.8265475177	 293.34751773	473.4832	 512.0
34.5	 407.769991489	 191.191489362	 88.8924085106	 292.808510638	496.6624	 484.0
35.0	 437.652930496	 199.730496454	 87.9582695035	 292.269503546	525.6112	 492.0
35.5	 382.202269504	 182.269503546	 87.0241304965	 291.730496454	469.2264	 474.0
36.0	 414.624008511	 223.808510638	 86.0899914894	 291.191489362	500.714	 515.0
36.5	 378.480547518	 158.34751773	 85.1558524823	 290.65248227	463.6364	 449.0
37.0	 401.389086525	 162.886524823	 84.2217134752	 290.113475177	485.6108	 453.0
37.5	 344.221225532	 218.425531915	 83.2875744681	 289.574468085	427.5088	 508.0
38.0	 427.770164539	 161.964539007	 82.353435461	 289.035460993	510.1236	 451.0
38.5	 312.601503546	 139.503546099	 81.4192964539	 288.496453901	394.0208	 428.0
39.0	 402.715242553	 151.042553191	 80.4851574468	 287.957446809	483.2004	 439.0
39.5	 357.90578156	 150.581560284	 79.5510184397	 287.418439716	437.4568	 438.0
40.0	 325.276320567	 200.120567376	 78.6168794326	 286.879432624	403.8932	 487.0
40.5	 332.389659574	 172.659574468	 77.6827404255	 286.340425532	410.0724	 459.0
41.0	 344.220998582	 150.19858156	 76.7486014184	 285.80141844	420.9696	 436.0
41.5	 364.667537589	 109.737588652	 75.8144624113	 285.262411348	440.482	 395.0
42.0	 321.063676596	 155.276595745	 74.8803234043	 284.723404255	395.944	 440.0
42.5	 281.638615603	 133.815602837	 73.9461843972	 284.184397163	355.5848	 418.0
43.0	 273.36755461	 127.354609929	 73.0120453901	 283.645390071	346.3796	 411.0
43.5	 254.968493617	 140.893617021	 72.077906383	 283.106382979	327.0464	 424.0
44.0	 244.851432624	 149.432624113	 71.1437673759	 282.567375887	315.9952	 432.0
44.5	 255.323971631	 143.971631206	 70.2096283688	 282.028368794	325.5336	 426.0
45.0	 307.873710638	 165.510638298	 69.2754893617	 281.489361702	377.1492	 447.0
45.5	 197.628249645	 155.04964539	 68.3413503546	 280.95035461	265.9696	 436.0
46.0	 211.972388652	 130.588652482	 67.4072113475	 280.411347518	279.3796	 411.0
46.5	 229.90692766	 170.127659574	 66.4730723404	 279.872340426	296.38	 450.0
47.0	 152.353866667	 168.666666667	 65.5389333333	 279.333333333	217.8928	 448.0
47.5	 147.748805674	 97.2056737589	 64.6047943262	 278.794326241	212.3536	 376.0
48.0	 182.631744681	 105.744680851	 63.6706553191	 278.255319149	246.3024	 384.0
48.5	 147.719883688	 121.283687943	 62.7365163121	 277.716312057	210.4564	 399.0
49.0	 105.576822695	 94.8226950355	 61.802377305	 277.177304965	167.3792	 372.0
49.5	 132.921361702	 109.361702128	 60.8682382979	 276.638297872	193.7896	 386.0
50.0	 63.2395007092	 49.9007092199	 59.9340992908	 276.09929078	123.1736	 326.0
50.5	 120.558439716	 68.4397163121	 58.9999602837	 275.560283688	179.5584	 344.0
51.0	 16.2357787234	 30.9787234043	 58.0658212766	 275.021276596	74.3016	 306.0
51.5	 58.7851177305	 13.5177304965	 57.1316822695	 274.482269504	115.9168	 288.0
52.0	 69.4116567376	 23.0567375887	 56.1975432624	 273.943262411	125.6092	 297.0
52.5	 8.08939574468	 24.5957446809	 55.2634042553	 273.404255319	63.3528	 298.0
53.0	 22.4079347518	 4.13475177305	 54.3292652482	 272.865248227	76.7372	 277.0
53.5	 16.4704737589	 23.6737588652	 53.3951262411	 272.326241135	69.8656	 296.0
54.0	 43.481412766	 12.2127659574	 52.460987234	 271.787234043	95.9424	 284.0
54.5	 32.005151773	 -1.24822695035	 51.526848227	 271.24822695	83.532	 270.0
55.0	 -13.0863092199	 3.29078014184	 50.5927092199	 270.709219858	37.5064	 274.0
55.5	 0.078629787234	 6.82978723404	 49.6585702128	 270.170212766	49.7372	 277.0
56.0	 14.8335687943	 35.3687943262	 48.7244312057	 269.631205674	63.558	 305.0
56.5	 -4.84789219858	 14.9078014184	 47.7902921986	 269.092198582	42.9424	 284.0
57.0	 45.0862468085	 15.4468085106	 46.8561531915	 268.553191489	91.9424	 284.0
57.5	 -0.877214184397	 -0.0141843971631	 45.9220141844	 268.014184397	45.0448	 268.0
58.0	 15.4669248227	 -24.475177305	 44.9878751773	 267.475177305	60.4548	 243.0
58.5	 11.7094638298	 45.0638297872	 44.0537361702	 266.936170213	55.7632	 312.0
59.0	 34.2584028369	 -11.3971631206	 43.1195971631	 266.397163121	77.378	 255.0
59.5	 -1.29425815603	 26.1418439716	 42.185458156	 265.858156028	40.8912	 292.0
60.0	 22.5370808511	 3.68085106383	 41.2513191489	 265.319148936	63.7884	 269.0
60.5	 -20.1439801418	 22.219858156	 40.3171801418	 264.780141844	20.1732	 287.0
61.0	 -13.4666411348	 -15.2411347518	 39.3830411348	 264.241134752	25.9164	 249.0
61.5	 -11.9169021277	 6.29787234043	 38.4489021277	 263.70212766	26.532	 270.0
62.0	 -21.5467631206	 16.8368794326	 37.5147631206	 263.163120567	15.968	 280.0
62.5	 -4.04902411348	 -31.6241134752	 36.5806241135	 262.624113475	32.5316	 231.0
63.0	 -18.6020851064	 -33.085106383	 35.6464851064	 262.085106383	17.0444	 229.0
63.5	 -16.0779460993	 -7.54609929078	 34.7123460993	 261.546099291	18.6344	 254.0
64.0	 2.6509929078	 -14.0070921986	 33.7782070922	 261.007092199	36.4292	 247.0
64.5	 16.3543319149	 -16.4680851064	 32.8440680851	 260.468085106	49.1984	 244.0
65.0	 17.750070922	 -9.92907801418	 31.909929078	 259.929078014	49.66	 250.0
65.5	 10.0430099291	 -26.390070922	 30.9757900709	 259.390070922	41.0188	 233.0
66.0	 12.0287489362	 5.14893617021	 30.0416510638	 258.85106383	42.0704	 264.0
66.5	 -0.0887120567376	 -25.3120567376	 29.1075120567	 258.312056738	29.0188	 233.0
67.0	 13.3070269504	 -18.7730496454	 28.1733730496	 257.773049645	41.4804	 239.0
67.5	 14.9075659574	 -44.2340425532	 27.2392340426	 257.234042553	42.1468	 213.0
68.0	 11.0473049645	 2.30496453901	 26.3050950355	 256.695035461	37.3524	 259.0
68.5	 1.21224397163	 5.84397163121	 25.3709560284	 256.156028369	26.5832	 262.0
69.0	 -6.46921702128	 -14.6170212766	 24.4368170213	 255.617021277	17.9676	 241.0
69.5	 3.64452198582	 -3.0780141844	 23.5026780142	 255.078014184	27.1472	 252.0
70.0	 -23.4469390071	 1.4609929078	 22.5685390071	 254.539007092	-0.8784	 256.0
Actin association begins: 3.0
Actin association ends: 54.5
Length of actin association: 51.5
Cofilin association begins: 3.5
Cofilin association ends: 54.0
Length of cofilin association: 50.5
Delay between actin and cofilin association: 0.5
Maximum normalized actin intensity: 456.212862411
Maximum normalized cofilin intensity: 232.80141844