Time	 Int488	 Int561	 Back488	 Back561	 Raw488	 Raw561
0.0	 4.5488	 8.0	 56.1136	 476.0	60.6624	 484.0
0.5	 26.0071032258	 15.1451612903	 55.3732967742	 473.85483871	81.3804	 489.0
1.0	 -17.7909935484	 23.2903225806	 54.6329935484	 471.709677419	36.842	 495.0
1.5	 -12.5638903226	 -11.564516129	 53.8926903226	 469.564516129	41.3288	 458.0
2.0	 7.20201290323	 -13.4193548387	 53.1523870968	 467.419354839	60.3544	 454.0
2.5	 53.685916129	 -10.2741935484	 52.412083871	 465.274193548	106.098	 455.0
3.0	 36.4522193548	 26.8709677419	 51.6717806452	 463.129032258	88.124	 490.0
3.5	 48.4745225806	 24.0161290323	 50.9314774194	 460.983870968	99.406	 485.0
4.0	 60.9072258065	 35.1612903226	 50.1911741935	 458.838709677	111.0984	 494.0
4.5	 98.5447290323	 14.3064516129	 49.4508709677	 456.693548387	147.9956	 471.0
5.0	 145.027832258	 -60.5483870968	 48.7105677419	 454.548387097	193.7384	 394.0
5.5	 192.794535484	 15.5967741935	 47.9702645161	 452.403225806	240.7648	 468.0
6.0	 205.68883871	 32.7419354839	 47.2299612903	 450.258064516	252.9188	 483.0
6.5	 245.429141935	 34.8870967742	 46.4896580645	 448.112903226	291.9188	 483.0
7.0	 309.631445161	 82.0322580645	 45.7493548387	 445.967741935	355.3808	 528.0
7.5	 296.345748387	 49.1774193548	 45.0090516129	 443.822580645	341.3548	 493.0
8.0	 270.137651613	 82.3225806452	 44.2687483871	 441.677419355	314.4064	 524.0
8.5	 266.210754839	 32.4677419355	 43.5284451613	 439.532258065	309.7392	 472.0
9.0	 353.029058065	 139.612903226	 42.7881419355	 437.387096774	395.8172	 577.0
9.5	 359.94896129	 152.758064516	 42.0478387097	 435.241935484	401.9968	 588.0
10.0	 350.176464516	 156.903225806	 41.3075354839	 433.096774194	391.484	 590.0
10.5	 457.533167742	 258.048387097	 40.5672322581	 430.951612903	498.1004	 689.0
11.0	 392.375870968	 244.193548387	 39.8269290323	 428.806451613	432.2028	 673.0
11.5	 407.064974194	 254.338709677	 39.0866258065	 426.661290323	446.1516	 681.0
12.0	 385.214477419	 153.483870968	 38.3463225806	 424.516129032	423.5608	 578.0
12.5	 367.980780645	 190.629032258	 37.6060193548	 422.370967742	405.5868	 613.0
13.0	 439.849483871	 211.774193548	 36.865716129	 420.225806452	476.7152	 632.0
13.5	 276.204987097	 195.919354839	 36.1254129032	 418.080645161	312.3304	 614.0
14.0	 297.381290323	 208.064516129	 35.3851096774	 415.935483871	332.7664	 624.0
14.5	 344.737193548	 231.209677419	 34.6448064516	 413.790322581	379.382	 645.0
15.0	 343.554296774	 221.35483871	 33.9045032258	 411.64516129	377.4588	 633.0
15.5	 252.7814	 186.5	 33.1642	 409.5	285.9456	 596.0
16.0	 248.804103226	 222.64516129	 32.4238967742	 407.35483871	281.228	 630.0
16.5	 193.748806452	 153.790322581	 31.6835935484	 405.209677419	225.4324	 559.0
17.0	 106.001109677	 75.935483871	 30.9432903226	 403.064516129	136.9444	 479.0
17.5	 99.0498129032	 147.080645161	 30.2029870968	 400.919354839	129.2528	 548.0
18.0	 108.328116129	 104.225806452	 29.462683871	 398.774193548	137.7908	 503.0
18.5	 71.7860193548	 72.3709677419	 28.7223806452	 396.629032258	100.5084	 469.0
19.0	 11.4235225806	 51.5161290323	 27.9820774194	 394.483870968	39.4056	 446.0
19.5	 -5.93897419355	 30.6612903226	 27.2417741935	 392.338709677	21.3028	 423.0
20.0	 -22.6598709677	 65.8064516129	 26.5014709677	 390.193548387	3.8416	 456.0
20.5	 2.74643225806	 2.95161290323	 25.7611677419	 388.048387097	28.5076	 391.0
21.0	 3.38393548387	 -17.9032258065	 25.0208645161	 385.903225806	28.4048	 368.0
21.5	 0.303838709677	 -4.75806451613	 24.2805612903	 383.758064516	24.5844	 379.0
22.0	 -11.6226580645	 -15.6129032258	 23.5402580645	 381.612903226	11.9176	 366.0
22.5	 -20.5231548387	 8.53225806452	 22.7999548387	 379.467741935	2.2768	 388.0
23.0	 -3.2956516129	 12.6774193548	 22.0596516129	 377.322580645	18.764	 390.0
23.5	 -31.4269483871	 33.8225806452	 21.3193483871	 375.177419355	-10.1076	 409.0
24.0	 -37.2510451613	 6.96774193548	 20.5790451613	 373.032258065	-16.672	 380.0
24.5	 -5.66474193548	 -5.88709677419	 19.8387419355	 370.887096774	14.174	 365.0
25.0	 -26.2064387097	 1.25806451613	 19.0984387097	 368.741935484	-7.108	 370.0
25.5	 -20.0817354839	 -17.5967741935	 18.3581354839	 366.596774194	-1.7236	 349.0
26.0	 -28.8794322581	 29.5483870968	 17.6178322581	 364.451612903	-11.2616	 394.0
26.5	 -14.2167290323	 -34.3064516129	 16.8775290323	 362.306451613	2.6608	 328.0
27.0	 4.70317419355	 -21.1612903226	 16.1372258065	 360.161290323	20.8404	 339.0
27.5	 -0.710122580645	 4.98387096774	 15.3969225806	 358.016129032	14.6868	 363.0
28.0	 -2.86741935484	 -8.87096774194	 14.6566193548	 355.870967742	11.7892	 347.0
28.5	 -19.691116129	 3.27419354839	 13.916316129	 353.725806452	-5.7748	 357.0
29.0	 -6.61761290323	 -7.58064516129	 13.1760129032	 351.580645161	6.5584	 344.0
29.5	 17.8658903226	 -43.435483871	 12.4357096774	 349.435483871	30.3016	 306.0
30.0	 -12.5214064516	 17.7096774194	 11.6954064516	 347.290322581	-0.826	 365.0
30.5	 9.85969677419	 -2.14516129032	 10.9551032258	 345.14516129	20.8148	 343.0
Actin association begins: 2.0
Actin association ends: 19.0
Length of actin association: 17.0
Cofilin association begins: 5.5
Cofilin association ends: 20.5
Length of cofilin association: 15.0
Delay between actin and cofilin association: 3.5
Maximum normalized actin intensity: 457.533167742
Maximum normalized cofilin intensity: 258.048387097