Time	 Int488	 Int561	 Back488	 Back561	 Raw488	 Raw561
0.0	 -16.46656	 10.4	 30.53696	 253.6	14.0704	 264.0
0.5	 -17.9953105778	 -11.6702222222	 30.7065105778	 253.670222222	12.7112	 242.0
1.0	 -3.70326115556	 -5.74044444444	 30.8760611556	 253.740444444	27.1728	 248.0
1.5	 -11.8468117333	 29.1893333333	 31.0456117333	 253.810666667	19.1988	 283.0
2.0	 48.3164376889	 -22.8808888889	 31.2151623111	 253.880888889	79.5316	 231.0
2.5	 -22.3659128889	 -20.9511111111	 31.3847128889	 253.951111111	9.0188	 233.0
3.0	 -34.5606634667	 21.9786666667	 31.5542634667	 254.021333333	-3.0064	 276.0
3.5	 -26.8326140444	 37.9084444444	 31.7238140444	 254.091555556	4.8912	 292.0
4.0	 9.35623537778	 -18.1617777778	 31.8933646222	 254.161777778	41.2496	 236.0
4.5	 -13.1465152	 -5.232	 32.0629152	 254.232	18.9164	 249.0
5.0	 -11.5724657778	 -4.30222222222	 32.2324657778	 254.302222222	20.66	 250.0
5.5	 -19.6908163556	 -12.3724444444	 32.4020163556	 254.372444444	12.7112	 242.0
6.0	 -11.6295669333	 -9.44266666667	 32.5715669333	 254.442666667	20.942	 245.0
6.5	 -8.90151751111	 6.48711111111	 32.7411175111	 254.512888889	23.8396	 261.0
7.0	 18.2109319111	 1.41688888889	 32.9106680889	 254.583111111	51.1216	 256.0
7.5	 38.0157813333	 5.34666666667	 33.0802186667	 254.653333333	71.096	 260.0
8.0	 -43.6665692444	 7.27644444444	 33.2497692444	 254.723555556	-10.4168	 262.0
8.5	 0.574280177778	 21.2062222222	 33.4193198222	 254.793777778	33.9936	 276.0
9.0	 -15.6980704	 -1.864	 33.5888704	 254.864	17.8908	 253.0
9.5	 -7.45762097778	 -26.9342222222	 33.7584209778	 254.934222222	26.3008	 228.0
10.0	 -34.9087715556	 16.9955555556	 33.9279715556	 255.004444444	-0.9808	 272.0
10.5	 2.15247786667	 19.9253333333	 34.0975221333	 255.074666667	36.25	 275.0
11.0	 -9.65827271111	 2.85511111111	 34.2670727111	 255.144888889	24.6088	 258.0
11.5	 8.12097671111	 10.7848888889	 34.4366232889	 255.215111111	42.5576	 266.0
12.0	 22.0282261333	 -1.28533333333	 34.6061738667	 255.285333333	56.6344	 254.0
12.5	 26.0126755556	 13.6444444444	 34.7757244444	 255.355555556	60.7884	 269.0
13.0	 48.9455249778	 -2.42577777778	 34.9452750222	 255.425777778	83.8908	 253.0
13.5	 64.4939744	 2.504	 35.1148256	 255.496	99.6088	 258.0
14.0	 112.888423822	 -7.56622222222	 35.2843761778	 255.566222222	148.1728	 248.0
14.5	 79.9496732444	 -4.63644444444	 35.4539267556	 255.636444444	115.4036	 251.0
15.0	 93.6261226667	 -19.7066666667	 35.6234773333	 255.706666667	129.2496	 236.0
15.5	 74.2257720889	 -22.7768888889	 35.7930279111	 255.776888889	110.0188	 233.0
16.0	 136.697421511	 -5.84711111111	 35.9625784889	 255.847111111	172.66	 250.0
16.5	 210.399870933	 14.0826666667	 36.1321290667	 255.917333333	246.532	 270.0
17.0	 134.691920356	 20.0124444444	 36.3016796444	 255.987555556	170.9936	 276.0
17.5	 168.701969778	 30.9422222222	 36.4712302222	 256.057777778	205.1732	 287.0
18.0	 185.9428192	 44.872	 36.6407808	 256.128	222.5836	 301.0
18.5	 188.516468622	 6.80177777778	 36.8103313778	 256.198222222	225.3268	 263.0
19.0	 302.474918044	 -13.2684444444	 36.9798819556	 256.268444444	339.4548	 243.0
19.5	 161.946567467	 3.66133333333	 37.1494325333	 256.338666667	199.096	 260.0
20.0	 271.546216889	 0.591111111111	 37.3189831111	 256.408888889	308.8652	 257.0
20.5	 335.633466311	 38.5208888889	 37.4885336889	 256.479111111	373.122	 295.0
21.0	 369.515515733	 69.4506666667	 37.6580842667	 256.549333333	407.1736	 326.0
21.5	 363.115165156	 66.3804444444	 37.8276348444	 256.619555556	400.9428	 323.0
22.0	 441.381214578	 37.3102222222	 37.9971854222	 256.689777778	479.3784	 294.0
22.5	 411.262864	 29.24	 38.166736	 256.76	449.4296	 286.0
23.0	 433.965313422	 49.1697777778	 38.3362865778	 256.830222222	472.3016	 306.0
23.5	 451.616162844	 38.0995555556	 38.5058371556	 256.900444444	490.122	 295.0
24.0	 411.087812267	 55.0293333333	 38.6753877333	 256.970666667	449.7632	 312.0
24.5	 548.123061689	 22.9591111111	 38.8449383111	 257.040888889	586.968	 280.0
25.0	 547.056311111	 45.8888888889	 39.0144888889	 257.111111111	586.0708	 303.0
25.5	 480.757960533	 -12.1813333333	 39.1840394667	 257.181333333	519.942	 245.0
26.0	 520.409609956	 54.7484444444	 39.3535900444	 257.251555556	559.7632	 312.0
26.5	 494.906459378	 28.6782222222	 39.5231406222	 257.321777778	534.4296	 286.0
27.0	 520.6345088	 44.608	 39.6926912	 257.392	560.3272	 302.0
27.5	 538.644558222	 55.5377777778	 39.8622417778	 257.462222222	578.5068	 313.0
28.0	 681.859407644	 34.4675555556	 40.0317923556	 257.532444444	721.8912	 292.0
28.5	 591.459457067	 70.3973333333	 40.2013429333	 257.602666667	631.6608	 328.0
29.0	 573.751906489	 115.327111111	 40.3708935111	 257.672888889	614.1228	 373.0
29.5	 518.274355911	 85.2568888889	 40.5404440889	 257.743111111	558.8148	 343.0
30.0	 594.900005333	 117.186666667	 40.7099946667	 257.813333333	635.61	 375.0
30.5	 607.242454756	 37.1164444444	 40.8795452444	 257.883555556	648.122	 295.0
31.0	 686.791304178	 81.0462222222	 41.0490958222	 257.953777778	727.8404	 339.0
31.5	 522.4425536	 108.976	 41.2186464	 258.024	563.6612	 367.0
32.0	 557.887803022	 51.9057777778	 41.3881969778	 258.094222222	599.276	 310.0
32.5	 720.845852444	 -7.16444444444	 41.5577475556	 258.164444444	762.4036	 251.0
33.0	 577.677101867	 70.7653333333	 41.7272981333	 258.234666667	619.4044	 329.0
33.5	 522.277151289	 106.695111111	 41.8968487111	 258.304888889	564.174	 365.0
34.0	 670.210000711	 90.6248888889	 42.0663992889	 258.375111111	712.2764	 349.0
34.5	 615.552850133	 49.5546666667	 42.2359498667	 258.445333333	657.7888	 308.0
35.0	 611.845699556	 133.484444444	 42.4055004444	 258.515555556	654.2512	 392.0
35.5	 659.060948978	 151.414222222	 42.5750510222	 258.585777778	701.636	 410.0
36.0	 536.7877984	 50.344	 42.7446016	 258.656	579.5324	 309.0
36.5	 613.157047822	 83.2737777778	 42.9141521778	 258.726222222	656.0712	 342.0
37.0	 697.653897244	 57.2035555556	 43.0837027556	 258.796444444	740.7376	 316.0
37.5	 627.843546667	 79.1333333333	 43.2532533333	 258.866666667	671.0968	 338.0
38.0	 610.955596089	 35.0631111111	 43.4228039111	 258.936888889	654.3784	 294.0
38.5	 656.504045511	 39.9928888889	 43.5923544889	 259.007111111	700.0964	 299.0
39.0	 596.642894933	 108.922666667	 43.7619050667	 259.077333333	640.4048	 368.0
39.5	 542.728944356	 29.8524444444	 43.9314556444	 259.147555556	586.6604	 289.0
40.0	 539.149393778	 54.7822222222	 44.1010062222	 259.217777778	583.2504	 314.0
40.5	 644.1850432	 61.712	 44.2705568	 259.288	688.4556	 321.0
41.0	 513.144292622	 119.641777778	 44.4401073778	 259.358222222	557.5844	 379.0
41.5	 527.462742044	 199.571555556	 44.6096579556	 259.428444444	572.0724	 459.0
42.0	 720.189991467	 137.501333333	 44.7792085333	 259.498666667	764.9692	 397.0
42.5	 569.686840889	 111.431111111	 44.9487591111	 259.568888889	614.6356	 371.0
43.0	 557.106890311	 97.3608888889	 45.1183096889	 259.639111111	602.2252	 357.0
43.5	 445.783339733	 82.2906666667	 45.2878602667	 259.709333333	491.0712	 342.0
44.0	 492.383389156	 118.220444444	 45.4574108444	 259.779555556	537.8408	 378.0
44.5	 414.187438578	 44.1502222222	 45.6269614222	 259.849777778	459.8144	 304.0
45.0	 406.402688	 62.08	 45.796512	 259.92	452.1992	 322.0
45.5	 434.207937422	 105.009777778	 45.9660625778	 259.990222222	480.174	 365.0
46.0	 525.397186844	 87.9395555556	 46.1356131556	 260.060444444	571.5328	 348.0
46.5	 577.278836267	 79.8693333333	 46.3051637333	 260.130666667	623.584	 340.0
47.0	 365.391685689	 113.799111111	 46.4747143111	 260.200888889	411.8664	 374.0
47.5	 320.504535111	 147.728888889	 46.6442648889	 260.271111111	367.1488	 408.0
48.0	 359.103384533	 66.6586666667	 46.8138154667	 260.341333333	405.9172	 327.0
48.5	 373.730233956	 215.588444444	 46.9833660444	 260.411555556	420.7136	 476.0
49.0	 402.739083378	 109.518222222	 47.1529166222	 260.481777778	449.892	 370.0
49.5	 407.5691328	 70.448	 47.3224672	 260.552	454.8916	 331.0
50.0	 369.322782222	 82.3777777778	 47.4920177778	 260.622222222	416.8148	 343.0
50.5	 399.974431644	 149.307555556	 47.6615683556	 260.692444444	447.636	 410.0
51.0	 445.599281067	 103.237333333	 47.8311189333	 260.762666667	493.4304	 364.0
51.5	 447.814130489	 82.1671111111	 48.0006695111	 260.832888889	495.8148	 343.0
52.0	 353.054579911	 57.0968888889	 48.1702200889	 260.903111111	401.2248	 318.0
52.5	 441.500629333	 78.0266666667	 48.3397706667	 260.973333333	489.8404	 339.0
53.0	 352.767478756	 126.956444444	 48.5093212444	 261.043555556	401.2768	 388.0
53.5	 325.443928178	 111.886222222	 48.6788718222	 261.113777778	374.1228	 373.0
54.0	 335.3759776	 17.816	 48.8484224	 261.184	384.2244	 279.0
54.5	 276.873627022	 69.7457777778	 49.0179729778	 261.254222222	325.8916	 331.0
55.0	 331.780876444	 57.6755555556	 49.1875235556	 261.324444444	380.9684	 319.0
55.5	 320.354925867	 58.6053333333	 49.3570741333	 261.394666667	369.712	 320.0
56.0	 386.441375289	 18.5351111111	 49.5266247111	 261.464888889	435.968	 280.0
56.5	 270.759424711	 59.4648888889	 49.6961752889	 261.535111111	320.4556	 321.0
57.0	 275.128274133	 53.3946666667	 49.8657258667	 261.605333333	324.994	 315.0
57.5	 263.856723556	 108.324444444	 50.0352764444	 261.675555556	313.892	 370.0
58.0	 245.737972978	 61.2542222222	 50.2048270222	 261.745777778	295.9428	 323.0
58.5	 329.0300224	 67.184	 50.3743776	 261.816	379.4044	 329.0
59.0	 230.270871822	 81.1137777778	 50.5439281778	 261.886222222	280.8148	 343.0
59.5	 265.613721244	 40.0435555556	 50.7134787556	 261.956444444	316.3272	 302.0
60.0	 316.136570667	 48.9733333333	 50.8830293333	 262.026666667	367.0196	 311.0
60.5	 356.992620089	 44.9031111111	 51.0525799111	 262.096888889	408.0452	 307.0
61.0	 313.157469511	 148.832888889	 51.2221304889	 262.167111111	364.3796	 411.0
61.5	 258.294718933	 61.7626666667	 51.3916810667	 262.237333333	309.6864	 324.0
62.0	 235.125568356	 100.692444444	 51.5612316444	 262.307555556	286.6868	 363.0
62.5	 304.519617778	 51.6222222222	 51.7307822222	 262.377777778	356.2504	 314.0
63.0	 238.7600672	 26.552	 51.9003328	 262.448	290.6604	 289.0
63.5	 349.487716622	 3.48177777778	 52.0698833778	 262.518222222	401.5576	 266.0
64.0	 271.472566044	 57.4115555556	 52.2394339556	 262.588444444	323.712	 320.0
64.5	 392.841415467	 51.3413333333	 52.4089845333	 262.658666667	445.2504	 314.0
65.0	 330.671464889	 12.2711111111	 52.5785351111	 262.728888889	383.25	 275.0
65.5	 367.707514311	 58.2008888889	 52.7480856889	 262.799111111	420.4556	 321.0
66.0	 248.819563733	 14.1306666667	 52.9176362667	 262.869333333	301.7372	 277.0
66.5	 323.060813156	 67.0604444444	 53.0871868444	 262.939555556	376.148	 330.0
67.0	 332.557662578	 40.9902222222	 53.2567374222	 263.009777778	385.8144	 304.0
67.5	 297.874912	 3.92	 53.426288	 263.08	351.3012	 267.0
68.0	 260.218561422	 40.8497777778	 53.5958385778	 263.150222222	313.8144	 304.0
68.5	 220.305410844	 39.7795555556	 53.7653891556	 263.220444444	274.0708	 303.0
69.0	 296.545460267	 -24.2906666667	 53.9349397333	 263.290666667	350.4804	 239.0
69.5	 218.555909689	 25.6391111111	 54.1044903111	 263.360888889	272.6604	 289.0
70.0	 283.668759111	 59.5688888889	 54.2740408889	 263.431111111	337.9428	 323.0
70.5	 220.397208533	 114.498666667	 54.4435914667	 263.501333333	274.8408	 378.0
71.0	 234.227257956	 75.4284444444	 54.6131420444	 263.571555556	288.8404	 339.0
71.5	 282.134507378	 63.3582222222	 54.7826926222	 263.641777778	336.9172	 327.0
72.0	 297.3497568	 81.288	 54.9522432	 263.712	352.302	 345.0
72.5	 358.179806222	 42.2177777778	 55.1217937778	 263.782222222	413.3016	 306.0
73.0	 179.164255644	 57.1475555556	 55.2913443556	 263.852444444	234.4556	 321.0
73.5	 233.353905067	 79.0773333333	 55.4608949333	 263.922666667	288.8148	 343.0
74.0	 297.005154489	 107.007111111	 55.6304455111	 263.992888889	352.6356	 371.0
74.5	 253.220403911	 124.936888889	 55.7999960889	 264.063111111	309.0204	 389.0
75.0	 229.948853333	 179.866666667	 55.9695466667	 264.133333333	285.9184	 444.0
75.5	 200.343302756	 169.796444444	 56.1390972444	 264.203555556	256.4824	 434.0
76.0	 239.532552178	 152.726222222	 56.3086478222	 264.273777778	295.8412	 417.0
76.5	 212.7730016	 127.656	 56.4781984	 264.344	269.2512	 392.0
77.0	 222.654251022	 80.5857777778	 56.6477489778	 264.414222222	279.302	 345.0
77.5	 151.484700444	 80.5155555556	 56.8172995556	 264.484444444	208.302	 345.0
78.0	 240.263949867	 88.4453333333	 56.9868501333	 264.554666667	297.2508	 353.0
78.5	 138.350399289	 48.3751111111	 57.1564007111	 264.624888889	195.5068	 313.0
79.0	 229.155248711	 52.3048888889	 57.3259512889	 264.695111111	286.4812	 317.0
79.5	 138.576098133	 116.234666667	 57.4955018667	 264.765333333	196.0716	 381.0
80.0	 183.970547556	 106.164444444	 57.6650524444	 264.835555556	241.6356	 371.0
80.5	 150.313396978	 65.0942222222	 57.8346030222	 264.905777778	208.148	 330.0
81.0	 121.4258464	 60.024	 58.0041536	 264.976	179.43	 325.0
81.5	 119.333095822	 47.9537777778	 58.1737041778	 265.046222222	177.5068	 313.0
82.0	 101.394345244	 50.8835555556	 58.3432547556	 265.116444444	159.7376	 316.0
82.5	 111.993994667	 47.8133333333	 58.5128053333	 265.186666667	170.5068	 313.0
83.0	 154.260044089	 18.7431111111	 58.6823559111	 265.256888889	212.9424	 284.0
83.5	 77.6544935111	 8.67288888889	 58.8519064889	 265.327111111	136.5064	 274.0
84.0	 46.8437429333	 -8.39733333333	 59.0214570667	 265.397333333	105.8652	 257.0
84.5	 83.0589923556	 9.53244444444	 59.1910076444	 265.467555556	142.25	 275.0
85.0	 113.094641778	 16.4622222222	 59.3605582222	 265.537777778	172.4552	 282.0
85.5	 97.5662912	 33.392	 59.5301088	 265.608	157.0964	 299.0
86.0	 61.4223406222	 29.3217777778	 59.6996593778	 265.678222222	121.122	 295.0
86.5	 99.4063900444	 5.25155555556	 59.8692099556	 265.748444444	159.2756	 271.0
87.0	 47.8012394667	 34.1813333333	 60.0387605333	 265.818666667	107.84	 300.0
87.5	 66.6312888889	 -4.88888888889	 60.2083111111	 265.888888889	126.8396	 261.0
88.0	 31.5393383111	 61.0408888889	 60.3778616889	 265.959111111	91.9172	 327.0
88.5	 57.9077877333	 15.9706666667	 60.5474122667	 266.029333333	118.4552	 282.0
89.0	 52.1998371556	 21.9004444444	 60.7169628444	 266.099555556	112.9168	 288.0
89.5	 20.4402865778	 -3.16977777778	 60.8865134222	 266.169777778	81.3268	 263.0
90.0	 62.271136	 35.76	 61.056064	 266.24	123.3272	 302.0
90.5	 70.4859854222	 14.6897777778	 61.2256145778	 266.310222222	131.7116	 281.0
91.0	 12.9064348444	 39.6195555556	 61.3951651556	 266.380444444	74.3016	 306.0
91.5	 39.6080842667	 -18.4506666667	 61.5647157333	 266.450666667	101.1728	 248.0
92.0	 12.1053336889	 -5.52088888889	 61.7342663111	 266.520888889	73.8396	 261.0
92.5	 -1.01221688889	 64.4088888889	 61.9038168889	 266.591111111	60.8916	 331.0
93.0	 17.1770325333	 47.3386666667	 62.0733674667	 266.661333333	79.2504	 314.0
93.5	 -9.68531804444	 -0.731555555556	 62.2429180444	 266.731555556	52.5576	 266.0
94.0	 1.32473137778	 10.1982222222	 62.4124686222	 266.801777778	63.7372	 277.0
94.5	 40.3087808	 -13.872	 62.5820192	 266.872	102.8908	 253.0
95.0	 -1.98876977778	 6.05777777778	 62.7515697778	 266.942222222	60.7628	 273.0
95.5	 -12.1075203556	 -41.0124444444	 62.9211203556	 267.012444444	50.8136	 226.0
96.0	 -11.0458709333	 0.917333333333	 63.0906709333	 267.082666667	52.0448	 268.0
96.5	 -4.83102151111	 -20.1528888889	 63.2602215111	 267.152888889	58.4292	 247.0
97.0	 -1.69257208889	 9.77688888889	 63.4297720889	 267.223111111	61.7372	 277.0
97.5	 9.36827733333	 -26.2933333333	 63.5993226667	 267.293333333	72.9676	 241.0
98.0	 2.63472675556	 -16.3635555556	 63.7688732444	 267.363555556	66.4036	 251.0
98.5	 -0.304023822222	 -13.4337777778	 63.9384238222	 267.433777778	63.6344	 254.0
99.0	 36.7060256	 -2.504	 64.1079744	 267.504	100.814	 265.0
99.5	 35.0496750222	 34.4257777778	 64.2775249778	 267.574222222	99.3272	 302.0
100.0	 45.6489244444	 -7.64444444444	 64.4470755556	 267.644444444	110.096	 260.0
100.5	 -36.4438261333	 -19.7146666667	 64.6166261333	 267.714666667	28.1728	 248.0
101.0	 -16.9721767111	 -2.78488888889	 64.7861767111	 267.784888889	47.814	 265.0
101.5	 -43.3973272889	 76.1448888889	 64.9557272889	 267.855111111	21.5584	 344.0
102.0	 -13.6192778667	 -32.9253333333	 65.1252778667	 267.925333333	51.506	 235.0
102.5	 -28.4808284444	 -2.99555555556	 65.2948284444	 267.995555556	36.814	 265.0
103.0	 7.14402097778	 -49.0657777778	 65.4643790222	 268.065777778	72.6084	 219.0
103.5	 -11.0511296	 -45.136	 65.6339296	 268.136	54.5828	 223.0
104.0	 -45.2458801778	 -2.20622222222	 65.8034801778	 268.206222222	20.5576	 266.0
104.5	 -42.0310307556	 -23.2764444444	 65.9730307556	 268.276444444	23.942	 245.0
105.0	 -60.3549813333	 -77.3466666667	 66.1425813333	 268.346666667	5.7876	 191.0
105.5	 -50.9341319111	 -13.4168888889	 66.3121319111	 268.416888889	15.378	 255.0
106.0	 -63.8216824889	 -18.4871111111	 66.4816824889	 268.487111111	2.66	 250.0
106.5	 -16.1452330667	 -33.5573333333	 66.6512330667	 268.557333333	50.506	 235.0
107.0	 -29.6991836444	 -12.6275555556	 66.8207836444	 268.627555556	37.1216	 256.0
107.5	 -36.4843342222	 -33.6977777778	 66.9903342222	 268.697777778	30.506	 235.0
108.0	 -51.0386848	 -51.768	 67.1598848	 268.768	16.1212	 217.0
108.5	 -76.5414353778	 -38.8382222222	 67.3294353778	 268.838222222	-9.212	 230.0
109.0	 -28.8389859556	 -18.9084444444	 67.4989859556	 268.908444444	38.66	 250.0
109.5	 -42.0085365333	 -18.9786666667	 67.6685365333	 268.978666667	25.66	 250.0
110.0	 59.7451128889	 -7.04888888889	 67.8380871111	 269.048888889	127.5832	 262.0
110.5	 17.1907623111	 -25.1191111111	 68.0076376889	 269.119111111	85.1984	 244.0
111.0	 -42.5167882667	 19.8106666667	 68.1771882667	 269.189333333	25.6604	 289.0
111.5	 -49.8403388444	 4.74044444444	 68.3467388444	 269.259555556	18.5064	 274.0
112.0	 17.9645105778	 8.67022222222	 68.5162894222	 269.329777778	86.4808	 278.0
Actin association begins: 11.5
Actin association ends: 92.0
Length of actin association: 80.5
Cofilin association begins: 33.0
Cofilin association ends: 68.5
Length of cofilin association: 35.5
Delay between actin and cofilin association: 21.5
Maximum normalized actin intensity: 720.845852444
Maximum normalized cofilin intensity: 215.588444444