Time	 Int488	 Int561	 Back488	 Back561	 Raw488	 Raw561
0.0	 30.1744	 4.0	 190.8956	 221.0	221.07	 225.0
0.5	 -8.96810985075	 12.2746268657	 188.986909851	 220.725373134	180.0188	 233.0
1.0	 -42.2902197015	 9.54925373134	 187.078219701	 220.450746269	144.788	 230.0
1.5	 9.97727044776	 -7.17611940299	 185.169529552	 220.176119403	195.1468	 213.0
2.0	 30.193560597	 -15.9014925373	 183.260839403	 219.901492537	213.4544	 204.0
2.5	 83.8974507463	 16.3731343284	 181.352149254	 219.626865672	265.2496	 236.0
3.0	 31.7805408955	 20.647761194	 179.443459104	 219.352238806	211.224	 240.0
3.5	 122.099231045	 -4.0776119403	 177.534768955	 219.07761194	299.634	 215.0
4.0	 155.418321194	 10.1970149254	 175.626078806	 218.802985075	331.0444	 229.0
4.5	 87.0706113433	 11.471641791	 173.717388657	 218.528358209	260.788	 230.0
5.0	 155.825301493	 -3.25373134328	 171.808698507	 218.253731343	327.634	 215.0
5.5	 136.939191642	 4.02089552239	 169.900008358	 217.979104478	306.8392	 222.0
6.0	 127.258681791	 57.2955223881	 167.991318209	 217.704477612	295.25	 275.0
6.5	 113.93617194	 15.5701492537	 166.08262806	 217.429850746	280.0188	 233.0
7.0	 161.51166209	 28.8447761194	 164.17393791	 217.155223881	325.6856	 246.0
7.5	 122.163952239	 30.1194029851	 162.265247761	 216.880597015	284.4292	 247.0
8.0	 177.841842388	 27.3940298507	 160.356557612	 216.605970149	338.1984	 244.0
8.5	 267.468532537	 32.6686567164	 158.447867463	 216.331343284	425.9164	 249.0
9.0	 263.890022687	 30.9432835821	 156.539177313	 216.056716418	420.4292	 247.0
9.5	 358.003912836	 38.2179104478	 154.630487164	 215.782089552	512.6344	 254.0
10.0	 381.476602985	 28.4925373134	 152.721797015	 215.507462687	534.1984	 244.0
10.5	 314.180493134	 60.7671641791	 150.813106866	 215.232835821	464.9936	 276.0
11.0	 384.319983284	 64.0417910448	 148.904416716	 214.958208955	533.2244	 279.0
11.5	 388.536273433	 55.3164179104	 146.995726567	 214.68358209	535.532	 270.0
12.0	 391.085763582	 33.5910447761	 145.087036418	 214.408955224	536.1728	 248.0
12.5	 402.045653731	 25.8656716418	 143.178346269	 214.134328358	545.224	 240.0
13.0	 398.108343881	 41.1402985075	 141.269656119	 213.859701493	539.378	 255.0
13.5	 491.52983403	 39.4149253731	 139.36096597	 213.585074627	630.8908	 253.0
14.0	 376.079324179	 17.6895522388	 137.452275821	 213.310447761	513.5316	 231.0
14.5	 427.398414328	 31.9641791045	 135.543585672	 213.035820896	562.942	 245.0
15.0	 428.307504478	 71.2388059701	 133.634895522	 212.76119403	561.9424	 284.0
15.5	 389.806194627	 96.5134328358	 131.726205373	 212.486567164	521.5324	 309.0
16.0	 469.996884776	 91.7880597015	 129.817515224	 212.211940299	599.8144	 304.0
16.5	 547.341574925	 102.062686567	 127.908825075	 211.937313433	675.2504	 314.0
17.0	 547.173065075	 75.3373134328	 126.000134925	 211.662686567	673.1732	 287.0
17.5	 677.466555224	 93.6119402985	 124.091444776	 211.388059701	801.558	 305.0
18.0	 527.682845373	 84.8865671642	 122.182754627	 211.113432836	649.8656	 296.0
18.5	 557.181135522	 71.1611940299	 120.274064478	 210.83880597	677.4552	 282.0
19.0	 469.731025672	 88.4358208955	 118.365374328	 210.564179104	588.0964	 299.0
19.5	 478.537715821	 143.710447761	 116.456684179	 210.289552239	594.9944	 354.0
20.0	 813.34360597	 120.985074627	 114.54799403	 210.014925373	927.8916	 331.0
20.5	 757.303496119	 113.259701493	 112.639303881	 209.740298507	869.9428	 323.0
21.0	 608.314986269	 136.534328358	 110.730613731	 209.465671642	719.0456	 346.0
21.5	 709.044076418	 125.808955224	 108.821923582	 209.191044776	817.866	 335.0
22.0	 786.747966567	 158.08358209	 106.913233433	 208.91641791	893.6612	 367.0
22.5	 770.476656716	 108.358208955	 105.004543284	 208.641791045	875.4812	 317.0
23.0	 460.307746866	 42.6328358209	 103.095853134	 208.367164179	563.4036	 251.0
23.5	 273.831637015	 24.9074626866	 101.187162985	 208.092537313	375.0188	 233.0
24.0	 334.843127164	 48.1820895522	 99.2784728358	 207.817910448	434.1216	 256.0
24.5	 260.879817313	 28.4567164179	 97.3697826866	 207.543283582	358.2496	 236.0
25.0	 179.198507463	 3.73134328358	 95.4610925373	 207.268656716	274.6596	 211.0
25.5	 29.5687976119	 10.0059701493	 93.5524023881	 206.994029851	123.1212	 217.0
26.0	 18.0670877612	 -3.71940298507	 91.6437122388	 206.719402985	109.7108	 203.0
26.5	 18.4373779104	 2.5552238806	 89.7350220896	 206.444776119	108.1724	 209.0
27.0	 7.3204680597	 6.82985074627	 87.8263319403	 206.170149254	95.1468	 213.0
27.5	 -3.05284179104	 12.1044776119	 85.917641791	 205.895522388	82.8648	 218.0
28.0	 -20.0929516418	 4.37910447761	 84.0089516418	 205.620895522	63.916	 210.0
28.5	 -31.9022614925	 -0.346268656716	 82.1002614925	 205.346268657	50.198	 205.0
29.0	 -10.8139713433	 10.928358209	 80.1915713433	 205.071641791	69.3776	 216.0
29.5	 -37.802881194	 -4.79701492537	 78.282881194	 204.797014925	40.48	 200.0
30.0	 -20.4069910448	 -2.5223880597	 76.3741910448	 204.52238806	55.9672	 202.0
30.5	 -14.1391008955	 19.752238806	 74.4655008955	 204.247761194	60.3264	 224.0
31.0	 -4.10241074627	 0.0268656716418	 72.5568107463	 203.973134328	68.4544	 204.0
31.5	 -25.475720597	 5.30149253731	 70.648120597	 203.698507463	45.1724	 209.0
32.0	 -4.49023044776	 -6.42388059701	 68.7394304478	 203.423880597	64.2492	 197.0
32.5	 -14.9147402985	 6.85074626866	 66.8307402985	 203.149253731	51.916	 210.0
33.0	 20.3527498507	 -9.87462686567	 64.9220501493	 202.874626866	85.2748	 193.0
Actin association begins: 1.5
Actin association ends: 27.0
Length of actin association: 25.5
Cofilin association begins: 5.5
Cofilin association ends: 25.5
Length of cofilin association: 20.0
Delay between actin and cofilin association: 4.0
Maximum normalized actin intensity: 813.34360597
Maximum normalized cofilin intensity: 158.08358209