Time	 Int488	 Int561	 Back488	 Back561	 Raw488	 Raw561
0.0	 1.28888	 165.8	 380.61312	 3679.2	381.902	 3845.0
0.5	 -15.8463786667	 -19.539047619	 379.489978667	 3670.53904762	363.6436	 3651.0
1.0	 87.7119626667	 -78.8780952381	 378.366837333	 3661.87809524	466.0788	 3583.0
1.5	 -80.907296	 45.7828571429	 377.243696	 3653.21714286	296.3364	 3699.0
2.0	 18.9842453333	 -26.5561904762	 376.120554667	 3644.55619048	395.1048	 3618.0
2.5	 -0.303413333333	 -70.8952380952	 374.997413333	 3635.8952381	374.694	 3565.0
3.0	 -31.228272	 257.765714286	 373.874272	 3627.23428571	342.646	 3885.0
3.5	 9.22646933333	 97.4266666667	 372.751130667	 3618.57333333	381.9776	 3716.0
4.0	 20.0404106667	 -40.9123809524	 371.627989333	 3609.91238095	391.6684	 3569.0
4.5	 6.523952	 106.748571429	 370.504848	 3601.25142857	377.0288	 3708.0
5.0	 -25.8133066667	 226.40952381	 369.381706667	 3592.59047619	343.5684	 3819.0
5.5	 -117.075365333	 178.07047619	 368.258565333	 3583.92952381	251.1832	 3762.0
6.0	 100.302976	 68.7314285714	 367.135424	 3575.26857143	467.4384	 3644.0
6.5	 107.271717333	 23.3923809524	 366.012282667	 3566.60761905	473.284	 3590.0
7.0	 44.9344586667	 143.053333333	 364.889141333	 3557.94666667	409.8236	 3701.0
7.5	 57.0068	 198.714285714	 363.766	 3549.28571429	420.7728	 3748.0
8.0	 11.4635413333	 233.375238095	 362.642858667	 3540.6247619	374.1064	 3774.0
8.5	 42.4066826667	 192.036190476	 361.519717333	 3531.96380952	403.9264	 3724.0
9.0	 43.965424	 171.697142857	 360.396576	 3523.30285714	404.362	 3695.0
9.5	 159.958965333	 44.3580952381	 359.273434667	 3514.64190476	519.2324	 3559.0
10.0	 83.8269066667	 171.019047619	 358.150293333	 3505.98095238	441.9772	 3677.0
10.5	 91.386848	 267.68	 357.027152	 3497.32	448.414	 3765.0
11.0	 57.0231893333	 313.340952381	 355.904010667	 3488.65904762	412.9272	 3802.0
11.5	 110.070330667	 412.001904762	 354.780869333	 3479.99809524	464.8512	 3892.0
12.0	 11.423072	 306.662857143	 353.657728	 3471.33714286	365.0808	 3778.0
12.5	 77.8802133333	 380.323809524	 352.534586667	 3462.67619048	430.4148	 3843.0
13.0	 -15.4838453333	 386.984761905	 351.411445333	 3454.0152381	335.9276	 3841.0
13.5	 75.946096	 308.645714286	 350.288304	 3445.35428571	426.2344	 3754.0
14.0	 126.530037333	 245.306666667	 349.165162667	 3436.69333333	475.6952	 3682.0
14.5	 9.21797866667	 321.967619048	 348.042021333	 3428.03238095	357.26	 3750.0
15.0	 66.46952	 349.628571429	 346.91888	 3419.37142857	413.3884	 3769.0
15.5	 49.9526613333	 458.28952381	 345.795738667	 3410.71047619	395.7484	 3869.0
16.0	 87.0242026667	 435.95047619	 344.672597333	 3402.04952381	431.6968	 3838.0
16.5	 61.302144	 537.611428571	 343.549456	 3393.38857143	404.8516	 3931.0
17.0	 154.962085333	 384.272380952	 342.426314667	 3384.72761905	497.3884	 3769.0
17.5	 54.5216266667	 441.933333333	 341.303173333	 3376.06666667	395.8248	 3818.0
18.0	 117.772368	 391.594285714	 340.180032	 3367.40571429	457.9524	 3759.0
18.5	 162.358309333	 523.255238095	 339.056890667	 3358.7447619	501.4152	 3882.0
19.0	 214.865450667	 471.916190476	 337.933749333	 3350.08380952	552.7992	 3822.0
19.5	 108.786592	 785.577142857	 336.810608	 3341.42285714	445.5972	 4127.0
20.0	 348.803333333	 420.238095238	 335.687466667	 3332.76190476	684.4908	 3753.0
20.5	 291.364874667	 672.899047619	 334.564325333	 3324.10095238	625.9292	 3997.0
21.0	 303.026416	 675.56	 333.441184	 3315.44	636.4676	 3991.0
21.5	 308.918757333	 681.220952381	 332.318042667	 3306.77904762	641.2368	 3988.0
22.0	 390.913098667	 631.881904762	 331.194901333	 3298.11809524	722.108	 3930.0
22.5	 340.52504	 798.542857143	 330.07176	 3289.45714286	670.5968	 4088.0
23.0	 542.646181333	 612.203809524	 328.948618667	 3280.79619048	871.5948	 3893.0
23.5	 522.694522667	 827.864761905	 327.825477333	 3272.1352381	850.52	 4100.0
24.0	 568.945664	 816.525714286	 326.702336	 3263.47428571	895.648	 4080.0
24.5	 313.506805333	 1030.18666667	 325.579194667	 3254.81333333	639.086	 4285.0
25.0	 484.552346667	 972.847619048	 324.456053333	 3246.15238095	809.0084	 4219.0
25.5	 697.499488	 1321.50857143	 323.332912	 3237.49142857	1020.8324	 4559.0
26.0	 466.573429333	 1533.16952381	 322.209770667	 3228.83047619	788.7832	 4762.0
26.5	 625.131770667	 1473.83047619	 321.086629333	 3220.16952381	946.2184	 4694.0
27.0	 733.151312	 1381.49142857	 319.963488	 3211.50857143	1053.1148	 4593.0
27.5	 714.635653333	 1607.15238095	 318.840346667	 3202.84761905	1033.476	 4810.0
28.0	 782.217994667	 1387.81333333	 317.717205333	 3194.18666667	1099.9352	 4582.0
28.5	 625.446336	 1653.47428571	 316.594064	 3185.52571429	942.0404	 4839.0
29.0	 784.103477333	 1227.1352381	 315.470922667	 3176.8647619	1099.5744	 4404.0
29.5	 768.229418667	 1508.79619048	 314.347781333	 3168.20380952	1082.5772	 4677.0
30.0	 870.17456	 1662.45714286	 313.22464	 3159.54285714	1183.3992	 4822.0
30.5	 811.964101333	 1645.11809524	 312.101498667	 3150.88190476	1124.0656	 4796.0
31.0	 910.268042667	 1781.77904762	 310.978357333	 3142.22095238	1221.2464	 4924.0
31.5	 848.032384	 1807.44	 309.855216	 3133.56	1157.8876	 4941.0
32.0	 983.179925333	 1695.10095238	 308.732074667	 3124.89904762	1291.912	 4820.0
32.5	 981.714266667	 1795.76190476	 307.608933333	 3116.23809524	1289.3232	 4912.0
33.0	 1073.247408	 1779.42285714	 306.485792	 3107.57714286	1379.7332	 4887.0
33.5	 1139.03854933	 1918.08380952	 305.362650667	 3098.91619048	1444.4012	 5017.0
34.0	 1047.80129067	 1787.7447619	 304.239509333	 3090.2552381	1352.0408	 4878.0
34.5	 1150.363232	 2079.40571429	 303.116368	 3081.59428571	1453.4796	 5161.0
35.0	 1115.15037333	 1828.06666667	 301.993226667	 3072.93333333	1417.1436	 4901.0
35.5	 1065.24871467	 1918.72761905	 300.870085333	 3064.27238095	1366.1188	 4983.0
36.0	 1250.271056	 2099.38857143	 299.746944	 3055.61142857	1550.018	 5155.0
36.5	 1172.29099733	 2046.04952381	 298.623802667	 3046.95047619	1470.9148	 5093.0
37.0	 1010.62013867	 2139.71047619	 297.500661333	 3038.28952381	1308.1208	 5178.0
37.5	 1068.87488	 2479.37142857	 296.37752	 3029.62857143	1365.2524	 5509.0
38.0	 1133.58722133	 2435.03238095	 295.254378667	 3020.96761905	1428.8416	 5456.0
38.5	 1359.06516267	 2036.69333333	 294.131237333	 3012.30666667	1653.1964	 5049.0
39.0	 1119.883504	 2327.35428571	 293.008096	 3003.64571429	1412.8916	 5331.0
39.5	 1085.03264533	 2371.0152381	 291.884954667	 2994.9847619	1376.9176	 5366.0
40.0	 1256.77258667	 2517.67619048	 290.761813333	 2986.32380952	1547.5344	 5504.0
40.5	 1330.379328	 2177.33714286	 289.638672	 2977.66285714	1620.018	 5155.0
41.0	 1285.96606933	 2386.99809524	 288.515530667	 2969.00190476	1574.4816	 5356.0
41.5	 1404.31721067	 2125.65904762	 287.392389333	 2960.34095238	1691.7096	 5086.0
42.0	 1096.699152	 2367.32	 286.269248	 2951.68	1382.9684	 5319.0
42.5	 1188.95269333	 2589.98095238	 285.146106667	 2943.01904762	1474.0988	 5533.0
43.0	 1142.61143467	 2319.64190476	 284.022965333	 2934.35809524	1426.6344	 5254.0
43.5	 1110.737776	 2640.30285714	 282.899824	 2925.69714286	1393.6376	 5566.0
44.0	 1155.55451733	 2774.96380952	 281.776682667	 2917.03619048	1437.3312	 5692.0
44.5	 1262.75445867	 2771.6247619	 280.653541333	 2908.3752381	1543.408	 5680.0
45.0	 1440.5416	 2520.28571429	 279.5304	 2899.71428571	1720.072	 5420.0
45.5	 1237.56274133	 2583.94666667	 278.407258667	 2891.05333333	1515.97	 5475.0
46.0	 1292.66068267	 2635.60761905	 277.284117333	 2882.39238095	1569.9448	 5518.0
46.5	 1439.527424	 2645.26857143	 276.160976	 2873.73142857	1715.6884	 5519.0
47.0	 1388.08656533	 2663.92952381	 275.037834667	 2865.07047619	1663.1244	 5529.0
47.5	 1120.67330667	 2873.59047619	 273.914693333	 2856.40952381	1394.588	 5730.0
48.0	 1254.590048	 2758.25142857	 272.791552	 2847.74857143	1527.3816	 5606.0
48.5	 1113.76558933	 2875.91238095	 271.668410667	 2839.08761905	1385.434	 5715.0
49.0	 1276.27193067	 2746.57333333	 270.545269333	 2830.42666667	1546.8172	 5577.0
49.5	 1227.576672	 2961.23428571	 269.422128	 2821.76571429	1496.9988	 5783.0
50.0	 1335.28701333	 2721.8952381	 268.298986667	 2813.1047619	1603.586	 5535.0
50.5	 1262.97455467	 2759.55619048	 267.175845333	 2804.44380952	1530.1504	 5564.0
51.0	 1251.740896	 2980.21714286	 266.052704	 2795.78285714	1517.7936	 5776.0
51.5	 1215.40083733	 2826.87809524	 264.929562667	 2787.12190476	1480.3304	 5614.0
52.0	 1310.60157867	 2901.53904762	 263.806421333	 2778.46095238	1574.408	 5680.0
52.5	 1105.19032	 3306.2	 262.68328	 2769.8	1367.8736	 6076.0
53.0	 1374.05426133	 3042.86095238	 261.560138667	 2761.13904762	1635.6144	 5804.0
53.5	 1438.87100267	 3177.52190476	 260.436997333	 2752.47809524	1699.308	 5930.0
54.0	 1332.763744	 3222.18285714	 259.313856	 2743.81714286	1592.0776	 5966.0
54.5	 1195.50288533	 3290.84380952	 258.190714667	 2735.15619048	1453.6936	 6026.0
55.0	 1077.29042667	 3078.5047619	 257.067573333	 2726.4952381	1334.358	 5805.0
55.5	 959.029968	 3186.16571429	 255.944432	 2717.83428571	1214.9744	 5904.0
56.0	 1237.66350933	 2958.82666667	 254.821290667	 2709.17333333	1492.4848	 5668.0
56.5	 1145.48105067	 3171.48761905	 253.698149333	 2700.51238095	1399.1792	 5872.0
57.0	 1203.908992	 2898.14857143	 252.575008	 2691.85142857	1456.484	 5590.0
57.5	 1245.41853333	 3080.80952381	 251.451866667	 2683.19047619	1496.8704	 5764.0
58.0	 961.875274667	 3115.47047619	 250.328725333	 2674.52952381	1212.204	 5790.0
58.5	 1257.817616	 2996.13142857	 249.205584	 2665.86857143	1507.0232	 5662.0
59.0	 1132.58195733	 3021.79238095	 248.082442667	 2657.20761905	1380.6644	 5679.0
59.5	 1155.70349867	 2874.45333333	 246.959301333	 2648.54666667	1402.6628	 5523.0
60.0	 1013.98104	 2937.11428571	 245.83616	 2639.88571429	1259.8172	 5577.0
60.5	 1076.79098133	 2408.7752381	 244.713018667	 2631.2247619	1321.504	 5040.0
61.0	 926.226122667	 2837.43619048	 243.589877333	 2622.56380952	1169.816	 5460.0
61.5	 890.808464	 2618.09714286	 242.466736	 2613.90285714	1133.2752	 5232.0
62.0	 1055.93360533	 2821.75809524	 241.343594667	 2605.24190476	1297.2772	 5427.0
62.5	 1001.41194667	 2462.41904762	 240.220453333	 2596.58095238	1241.6324	 5059.0
63.0	 864.127488	 2730.08	 239.097312	 2587.92	1103.2248	 5318.0
63.5	 920.661429333	 2791.74095238	 237.974170667	 2579.25904762	1158.6356	 5371.0
64.0	 906.884170667	 2511.40190476	 236.851029333	 2570.59809524	1143.7352	 5082.0
64.5	 847.034912	 2711.06285714	 235.727888	 2561.93714286	1082.7628	 5273.0
65.0	 949.851653333	 2845.72380952	 234.604746667	 2553.27619048	1184.4564	 5399.0
65.5	 747.412794667	 3059.3847619	 233.481605333	 2544.6152381	980.8944	 5604.0
66.0	 764.992336	 2567.04571429	 232.358464	 2535.95428571	997.3508	 5103.0
66.5	 554.527077333	 2706.70666667	 231.235322667	 2527.29333333	785.7624	 5234.0
67.0	 826.727818667	 2781.36761905	 230.112181333	 2518.63238095	1056.84	 5300.0
67.5	 812.87376	 2513.02857143	 228.98904	 2509.97142857	1041.8628	 5023.0
68.0	 820.614101333	 2698.68952381	 227.865898667	 2501.31047619	1048.48	 5200.0
68.5	 652.761642667	 2586.35047619	 226.742757333	 2492.64952381	879.5044	 5079.0
69.0	 728.423184	 2589.01142857	 225.619616	 2483.98857143	954.0428	 5073.0
69.5	 691.084325333	 2552.67238095	 224.496474667	 2475.32761905	915.5808	 5028.0
70.0	 655.308266667	 2389.33333333	 223.373333333	 2466.66666667	878.6816	 4856.0
70.5	 404.405808	 2401.99428571	 222.250192	 2458.00571429	626.656	 4860.0
71.0	 550.373349333	 2239.6552381	 221.127050667	 2449.3447619	771.5004	 4689.0
71.5	 560.033290667	 2086.31619048	 220.003909333	 2440.68380952	780.0372	 4527.0
72.0	 470.719632	 2006.97714286	 218.880768	 2432.02285714	689.6004	 4439.0
72.5	 613.788373333	 1711.63809524	 217.757626667	 2423.36190476	831.546	 4135.0
73.0	 474.323114667	 1851.29904762	 216.634485333	 2414.70095238	690.9576	 4266.0
73.5	 363.188256	 1704.96	 215.511344	 2406.04	578.6996	 4111.0
74.0	 485.104597333	 1550.62095238	 214.388202667	 2397.37904762	699.4928	 3948.0
74.5	 285.254538667	 1672.28190476	 213.265061333	 2388.71809524	498.5196	 4061.0
75.0	 358.83688	 1452.94285714	 212.14192	 2380.05714286	570.9788	 3833.0
75.5	 383.783221333	 1723.60380952	 211.018778667	 2371.39619048	594.802	 4095.0
76.0	 251.471562667	 1839.2647619	 209.895637333	 2362.7352381	461.3672	 4202.0
76.5	 416.974704	 1397.92571429	 208.772496	 2354.07428571	625.7472	 3752.0
77.0	 228.967845333	 1231.58666667	 207.649354667	 2345.41333333	436.6172	 3577.0
77.5	 303.808186667	 1167.24761905	 206.526213333	 2336.75238095	510.3344	 3504.0
78.0	 215.751328	 1125.90857143	 205.403072	 2328.09142857	421.1544	 3454.0
78.5	 160.871269333	 822.56952381	 204.279930667	 2319.43047619	365.1512	 3142.0
79.0	 181.842810667	 1050.23047619	 203.156789333	 2310.76952381	384.9996	 3361.0
79.5	 201.195152	 905.891428571	 202.033648	 2302.10857143	403.2288	 3208.0
80.0	 116.549093333	 917.552380952	 200.910506667	 2293.44761905	317.4596	 3211.0
80.5	 196.645034667	 774.213333333	 199.787365333	 2284.78666667	396.4324	 3059.0
81.0	 287.638976	 685.874285714	 198.664224	 2276.12571429	486.3032	 2962.0
81.5	 143.918117333	 904.535238095	 197.541082667	 2267.4647619	341.4592	 3172.0
82.0	 202.679258667	 618.196190476	 196.417941333	 2258.80380952	399.0972	 2877.0
82.5	 158.2148	 835.857142857	 195.2948	 2250.14285714	353.5096	 3086.0
83.0	 94.6947413333	 632.518095238	 194.171658667	 2241.48190476	288.8664	 2874.0
83.5	 128.302282667	 370.179047619	 193.048517333	 2232.82095238	321.3508	 2603.0
84.0	 -9.648176	 702.84	 191.925376	 2224.16	182.2772	 2927.0
84.5	 16.6501653333	 293.500952381	 190.802234667	 2215.49904762	207.4524	 2509.0
85.0	 27.4165066667	 514.161904762	 189.679093333	 2206.83809524	217.0956	 2721.0
85.5	 105.385248	 468.822857143	 188.555952	 2198.17714286	293.9412	 2667.0
86.0	 -5.26281066667	 285.483809524	 187.432810667	 2189.51619048	182.17	 2475.0
86.5	 24.2447306667	 273.144761905	 186.309669333	 2180.8552381	210.5544	 2454.0
87.0	 -70.016928	 263.805714286	 185.186528	 2172.19428571	115.1696	 2436.0
87.5	 -26.9969866667	 210.466666667	 184.063386667	 2163.53333333	157.0664	 2374.0
88.0	 2.74375466667	 435.127619048	 182.940245333	 2154.87238095	185.684	 2590.0
88.5	 127.453296	 117.788571429	 181.817104	 2146.21142857	309.2704	 2264.0
89.0	 90.9352373333	 109.44952381	 180.693962667	 2137.55047619	271.6292	 2247.0
89.5	 15.1103786667	 188.11047619	 179.570821333	 2128.88952381	194.6812	 2317.0
90.0	 -3.99688	 232.771428571	 178.44768	 2120.22857143	174.4508	 2353.0
90.5	 -24.4649386667	 99.4323809524	 177.324538667	 2111.56761905	152.8596	 2211.0
91.0	 -5.72699733333	 51.0933333333	 176.201397333	 2102.90666667	170.4744	 2154.0
91.5	 -40.143056	 -12.2457142857	 175.078256	 2094.24571429	134.9352	 2082.0
92.0	 -51.1983146667	 102.415238095	 173.955114667	 2085.5847619	122.7568	 2188.0
92.5	 -25.6659733333	 8.07619047619	 172.831973333	 2076.92380952	147.166	 2085.0
93.0	 11.481968	 -65.2628571429	 171.708832	 2068.26285714	183.1908	 2003.0
93.5	 -55.2148906667	 -6.6019047619	 170.585690667	 2059.60190476	115.3708	 2053.0
94.0	 -59.6557493333	 12.059047619	 169.462549333	 2050.94095238	109.8068	 2063.0
94.5	 -3.327008	 66.72	 168.339408	 2042.28	165.0124	 2109.0
95.0	 -52.2534666667	 239.380952381	 167.216266667	 2033.61904762	114.9628	 2273.0
95.5	 -28.5167253333	 74.0419047619	 166.093125333	 2024.95809524	137.5764	 2099.0
96.0	 108.607616	 199.702857143	 164.969984	 2016.29714286	273.5776	 2216.0
96.5	 45.0115573333	 86.3638095238	 163.846842667	 2007.63619048	208.8584	 2094.0
97.0	 17.0586986667	 185.024761905	 162.723701333	 1998.9752381	179.7824	 2184.0
97.5	 -49.30496	 230.685714286	 161.60056	 1990.31428571	112.2956	 2221.0
98.0	 67.0213813333	 51.3466666667	 160.477418667	 1981.65333333	227.4988	 2033.0
98.5	 -48.5974773333	 215.007619048	 159.354277333	 1972.99238095	110.7568	 2188.0
99.0	 18.292464	 -13.3314285714	 158.231136	 1964.33142857	176.5236	 1951.0
99.5	 36.6980053333	 29.3295238095	 157.107994667	 1955.67047619	193.806	 1985.0
100.0	 116.949946667	 95.9904761905	 155.984853333	 1947.00952381	272.9348	 2043.0
100.5	 62.021488	 73.6514285714	 154.861712	 1938.34857143	216.8832	 2012.0
101.0	 121.219829333	 -85.6876190476	 153.738570667	 1929.68761905	274.9584	 1844.0
101.5	 34.8821706667	 -5.02666666667	 152.615429333	 1921.02666667	187.4976	 1916.0
102.0	 -88.301088	 129.634285714	 151.492288	 1912.36571429	63.1912	 2042.0
102.5	 26.9228533333	 -33.7047619048	 150.369146667	 1903.7047619	177.292	 1870.0
103.0	 26.9435946667	 -9.04380952381	 149.246005333	 1895.04380952	176.1896	 1886.0
103.5	 -40.292064	 16.6171428571	 148.122864	 1886.38285714	107.8308	 1903.0
104.0	 -39.6057226667	 -62.7219047619	 146.999722667	 1877.72190476	107.394	 1815.0
104.5	 9.18421866667	 -41.060952381	 145.876581333	 1869.06095238	155.0608	 1828.0
Actin association begins: 13.5
Actin association ends: 83.5
Length of actin association: 70.0
Cofilin association begins: 4.5
Cofilin association ends: 91.0
Length of cofilin association: 86.5
Delay between actin and cofilin association: -9.0
Maximum normalized actin intensity: 1440.5416
Maximum normalized cofilin intensity: 3306.2