Time	 Int488	 Int561	 Back488	 Back561	 Raw488	 Raw561
0.0	 16.7744	 4.0	 63.9368	 238.0	80.7112	 242.0
0.5	 -12.7866686093	 15.042384106	 63.6774686093	 237.957615894	50.8908	 253.0
1.0	 18.3442627815	 -3.91523178808	 63.4181372185	 237.915231788	81.7624	 234.0
1.5	 -6.60160582781	 -10.8728476821	 63.1588058278	 237.872847682	56.5572	 227.0
2.0	 -13.1370744371	 -3.83046357616	 62.8994744371	 237.830463576	49.7624	 234.0
2.5	 4.40425695364	 -8.7880794702	 62.6401430464	 237.78807947	67.0444	 229.0
3.0	 6.58678834437	 3.25430463576	 62.3808116556	 237.745695364	68.9676	 241.0
3.5	 16.0257197351	 14.2966887417	 62.1214802649	 237.703311258	78.1472	 252.0
4.0	 13.0798511258	 7.33907284768	 61.8621488742	 237.660927152	74.942	 245.0
4.5	 -14.1992174834	 13.3814569536	 61.6028174834	 237.618543046	47.4036	 251.0
5.0	 6.16251390728	 -2.5761589404	 61.3434860927	 237.57615894	67.506	 235.0
5.5	 24.165445298	 -1.53377483444	 61.084154702	 237.533774834	85.2496	 236.0
6.0	 11.2711766887	 22.5086092715	 60.8248233113	 237.491390728	72.096	 260.0
6.5	 -4.34149192053	 2.55099337748	 60.5654919205	 237.449006623	56.224	 240.0
7.0	 -2.9281605298	 17.5933774834	 60.3061605298	 237.406622517	57.378	 255.0
7.5	 8.45917086093	 -2.3642384106	 60.0468291391	 237.364238411	68.506	 235.0
8.0	 -2.28149774834	 -2.32185430464	 59.7874977483	 237.321854305	57.506	 235.0
8.5	 -16.4321663576	 22.7205298013	 59.5281663576	 237.279470199	43.096	 260.0
9.0	 -14.8140349669	 5.76291390728	 59.2688349669	 237.237086093	44.4548	 243.0
9.5	 17.1632964238	 10.8052980132	 59.0095035762	 237.194701987	76.1728	 248.0
10.0	 -1.09017218543	 12.8476821192	 58.7501721854	 237.152317881	57.66	 250.0
10.5	 30.2459592053	 0.890066225166	 58.4908407947	 237.109933775	88.7368	 238.0
11.0	 26.838490596	 -12.0675496689	 58.231509404	 237.067549669	85.07	 225.0
11.5	 36.1750219868	 14.9748344371	 57.9721780132	 237.025165563	94.1472	 252.0
12.0	 3.79315337748	 -1.98278145695	 57.7128466225	 236.982781457	61.506	 235.0
12.5	 35.1036847682	 -9.94039735099	 57.4535152318	 236.940397351	92.5572	 227.0
13.0	 53.1582161589	 22.101986755	 57.1941838411	 236.898013245	110.3524	 259.0
13.5	 60.0583475497	 0.144370860927	 56.9348524503	 236.855629139	116.9932	 237.0
14.0	 60.0868789404	 -2.81324503311	 56.6755210596	 236.813245033	116.7624	 234.0
14.5	 39.2438103311	 13.2291390728	 56.4161896689	 236.770860927	95.66	 250.0
15.0	 103.528741722	 9.27152317881	 56.1568582781	 236.728476821	159.6856	 246.0
15.5	 37.6084731126	 -1.68609271523	 55.8975268874	 236.686092715	93.506	 235.0
16.0	 125.047404503	 9.35629139073	 55.6381954967	 236.643708609	180.6856	 246.0
16.5	 100.819535894	 7.39867549669	 55.378864106	 236.601324503	156.1984	 244.0
17.0	 98.8224672848	 8.44105960265	 55.1195327152	 236.558940397	153.942	 245.0
17.5	 157.876598675	 1.48344370861	 54.8602013245	 236.516556291	212.7368	 238.0
18.0	 120.571930066	 11.5258278146	 54.6008699338	 236.474172185	175.1728	 248.0
18.5	 131.164861457	 37.5682119205	 54.341538543	 236.431788079	185.5064	 274.0
19.0	 152.910992848	 0.61059602649	 54.0822071523	 236.389403974	206.9932	 237.0
19.5	 116.554724238	 -20.3470198675	 53.8228757616	 236.347019868	170.3776	 216.0
20.0	 170.993655629	 -9.30463576159	 53.5635443709	 236.304635762	224.5572	 227.0
20.5	 160.40698702	 5.73774834437	 53.3042129801	 236.262251656	213.7112	 242.0
21.0	 167.666318411	 5.78013245033	 53.0448815894	 236.21986755	220.7112	 242.0
21.5	 172.259249801	 31.8225165563	 52.7855501987	 236.177483444	225.0448	 268.0
22.0	 252.595381192	 19.8649006623	 52.5262188079	 236.135099338	305.1216	 256.0
22.5	 216.957512583	 42.9072847682	 52.2668874172	 236.092715232	269.2244	 279.0
23.0	 215.575643974	 25.9496688742	 52.0075560265	 236.050331126	267.5832	 262.0
23.5	 259.296175364	 -7.00794701987	 51.7482246358	 236.00794702	311.0444	 229.0
24.0	 326.709506755	 8.03443708609	 51.488893245	 235.965562914	378.1984	 244.0
24.5	 296.712438146	 9.07682119205	 51.2295618543	 235.923178808	347.942	 245.0
25.0	 289.100169536	 28.119205298	 50.9702304636	 235.880794702	340.0704	 264.0
25.5	 254.051900927	 37.161589404	 50.7108990728	 235.838410596	304.7628	 273.0
26.0	 275.670032318	 20.2039735099	 50.4515676821	 235.79602649	326.1216	 256.0
26.5	 280.698563709	 17.2463576159	 50.1922362914	 235.753642384	330.8908	 253.0
27.0	 310.829495099	 -1.71125827815	 49.9329049007	 235.711258278	360.7624	 234.0
27.5	 334.34522649	 -2.66887417219	 49.6735735099	 235.668874172	384.0188	 233.0
28.0	 297.425757881	 64.3735099338	 49.4142421192	 235.626490066	346.84	 300.0
28.5	 350.889489272	 -6.58410596026	 49.1549107285	 235.58410596	400.0444	 229.0
29.0	 352.302820662	 8.4582781457	 48.8955793377	 235.541721854	401.1984	 244.0
29.5	 322.946952053	 26.5006622517	 48.636247947	 235.499337748	371.5832	 262.0
30.0	 343.309083444	 49.5430463576	 48.3769165563	 235.456953642	391.686	 285.0
30.5	 319.696414834	 29.5854304636	 48.1175851656	 235.414569536	367.814	 265.0
31.0	 358.417346225	 35.6278145695	 47.8582537748	 235.37218543	406.2756	 271.0
31.5	 298.189477616	 33.6701986755	 47.5989223841	 235.329801325	345.7884	 269.0
32.0	 326.987209007	 27.7125827815	 47.3395909934	 235.287417219	374.3268	 263.0
32.5	 385.477340397	 30.7549668874	 47.0802596026	 235.245033113	432.5576	 266.0
33.0	 320.403471788	 43.7973509934	 46.8209282119	 235.202649007	367.2244	 279.0
33.5	 344.842003179	 15.8397350993	 46.5615968212	 235.160264901	391.4036	 251.0
34.0	 359.56293457	 21.8821192053	 46.3022654305	 235.117880795	405.8652	 257.0
34.5	 330.82226596	 21.9245033113	 46.0429340397	 235.075496689	376.8652	 257.0
35.0	 289.543197351	 27.9668874172	 45.783602649	 235.033112583	335.3268	 263.0
35.5	 374.494928742	 37.0092715232	 45.5242712583	 234.990728477	420.0192	 272.0
36.0	 326.087460132	 24.0516556291	 45.2649398675	 234.948344371	371.3524	 259.0
36.5	 345.551991523	 31.0940397351	 45.0056084768	 234.905960265	390.5576	 266.0
37.0	 307.452122914	 9.13642384106	 44.7462770861	 234.863576159	352.1984	 244.0
37.5	 353.685854305	 13.178807947	 44.4869456954	 234.821192053	398.1728	 248.0
38.0	 362.381185695	 23.221192053	 44.2276143046	 234.778807947	406.6088	 258.0
38.5	 366.435317086	 16.2635761589	 43.9682829139	 234.736423841	410.4036	 251.0
39.0	 350.028248477	 42.3059602649	 43.7089515232	 234.694039735	393.7372	 277.0
39.5	 371.389979868	 26.3483443709	 43.4496201325	 234.651655629	414.8396	 261.0
40.0	 299.752111258	 49.3907284768	 43.1902887417	 234.609271523	342.9424	 284.0
40.5	 374.729042649	 15.4331125828	 42.930957351	 234.566887417	417.66	 250.0
41.0	 283.03997404	 46.4754966887	 42.6716259603	 234.524503311	325.7116	 281.0
41.5	 340.27330543	 11.5178807947	 42.4122945695	 234.482119205	382.6856	 246.0
42.0	 301.687036821	 65.5602649007	 42.1529631788	 234.439735099	343.84	 300.0
42.5	 266.586768212	 4.60264900662	 41.8936317881	 234.397350993	308.4804	 239.0
43.0	 292.538499603	 13.6450331126	 41.6343003974	 234.354966887	334.1728	 248.0
43.5	 245.644230993	 37.6874172185	 41.3749690066	 234.312582781	287.0192	 272.0
44.0	 352.416362384	 35.7298013245	 41.1156376159	 234.270198675	393.532	 270.0
44.5	 354.932493775	 73.7721854305	 40.8563062252	 234.22781457	395.7888	 308.0
45.0	 450.063825166	 93.8145695364	 40.5969748344	 234.185430464	490.6608	 328.0
45.5	 312.451156556	 73.8569536424	 40.3376434437	 234.143046358	352.7888	 308.0
46.0	 333.889687947	 45.8993377483	 40.078312053	 234.100662252	373.968	 280.0
46.5	 246.046219338	 22.9417218543	 39.8189806623	 234.058278146	285.8652	 257.0
47.0	 293.382350728	 10.9841059603	 39.5596492715	 234.01589404	332.942	 245.0
47.5	 176.128882119	 13.0264900662	 39.3003178808	 233.973509934	215.4292	 247.0
48.0	 179.43941351	 5.06887417219	 39.0409864901	 233.931125828	218.4804	 239.0
48.5	 260.160344901	 11.1112582781	 38.7816550993	 233.888741722	298.942	 245.0
49.0	 199.368476291	 19.1536423841	 38.5223237086	 233.846357616	237.8908	 253.0
49.5	 177.397007682	 16.1960264901	 38.2629923179	 233.80397351	215.66	 250.0
50.0	 200.784739073	 35.238410596	 38.0036609272	 233.761589404	238.7884	 269.0
50.5	 278.069670464	 31.280794702	 37.7443295364	 233.719205298	315.814	 265.0
51.0	 349.841801854	 29.3231788079	 37.4849981457	 233.676821192	387.3268	 263.0
51.5	 402.434733245	 55.3655629139	 37.225666755	 233.634437086	439.6604	 289.0
52.0	 309.386464636	 64.4079470199	 36.9663353642	 233.59205298	346.3528	 298.0
52.5	 196.722996026	 91.4503311258	 36.7070039735	 233.549668874	233.43	 325.0
53.0	 135.982327417	 91.4927152318	 36.4476725828	 233.507284768	172.43	 325.0
53.5	 70.0104588079	 49.5350993377	 36.1883411921	 233.464900662	106.1988	 283.0
54.0	 109.833790199	 39.5774834437	 35.9290098013	 233.422516556	145.7628	 273.0
54.5	 213.221121589	 19.6198675497	 35.6696784106	 233.38013245	248.8908	 253.0
55.0	 241.66005298	 30.6622516556	 35.4103470199	 233.337748344	277.0704	 264.0
55.5	 222.021784371	 14.7046357616	 35.1510156291	 233.295364238	257.1728	 248.0
56.0	 54.8707157616	 0.74701986755	 34.8916842384	 233.252980132	89.7624	 234.0
56.5	 96.0276471523	 16.7894039735	 34.6323528477	 233.210596026	130.66	 250.0
57.0	 147.774178543	 18.8317880795	 34.373021457	 233.168211921	182.1472	 252.0
57.5	 28.3155099338	 13.8741721854	 34.1136900662	 233.125827815	62.4292	 247.0
58.0	 14.3184413245	 14.9165562914	 33.8543586755	 233.083443709	48.1728	 248.0
58.5	 29.8853727152	 5.95894039735	 33.5950272848	 233.041059603	63.4804	 239.0
59.0	 2.96550410596	 34.0013245033	 33.335695894	 232.998675497	36.3012	 267.0
59.5	 -1.82676450331	 3.04370860927	 33.0763645033	 232.956291391	31.2496	 236.0
60.0	 -0.234233112583	 -9.91390728477	 32.8170331126	 232.913907285	32.5828	 223.0
60.5	 -5.07730172185	 6.12847682119	 32.5577017219	 232.871523179	27.4804	 239.0
61.0	 -1.33077033113	 8.17086092715	 32.2983703311	 232.829139073	30.9676	 241.0
61.5	 -3.0458389404	 4.21324503311	 32.0390389404	 232.786754967	28.9932	 237.0
62.0	 16.5466924503	 -8.74437086093	 31.7797075497	 232.744370861	48.3264	 224.0
62.5	 1.44722384106	 8.29801324503	 31.5203761589	 232.701986755	32.9676	 241.0
63.0	 1.80895523179	 -7.65960264901	 31.2610447682	 232.659602649	33.07	 225.0
63.5	 3.47868662252	 6.38278145695	 31.0017133775	 232.617218543	34.4804	 239.0
64.0	 31.8148180132	 -5.57483443709	 30.7423819868	 232.574834437	62.5572	 227.0
64.5	 9.43294940397	 -22.5324503311	 30.483050596	 232.532450331	39.916	 210.0
65.0	 -7.1281192053	 -11.4900662252	 30.2237192053	 232.490066225	23.0956	 221.0
65.5	 13.5672121854	 -1.44768211921	 29.9643878146	 232.447682119	43.5316	 231.0
66.0	 -17.4810564238	 7.59470198675	 29.7050564238	 232.405298013	12.224	 240.0
66.5	 21.3934749669	 -10.3629139073	 29.4457250331	 232.362913907	50.8392	 222.0
67.0	 -8.42399364238	 1.67947019868	 29.1863936424	 232.320529801	20.7624	 234.0
67.5	 -5.16466225166	 1.72185430464	 28.9270622517	 232.278145695	23.7624	 234.0
68.0	 5.86386913907	 -1.2357615894	 28.6677308609	 232.235761589	34.5316	 231.0
68.5	 4.1488005298	 -5.19337748344	 28.4083994702	 232.193377483	32.5572	 227.0
69.0	 -3.28426807947	 -14.1509933775	 28.1490680795	 232.150993377	24.8648	 218.0
69.5	 1.71866331126	 -13.1086092715	 27.8897366887	 232.108609272	29.6084	 219.0
70.0	 11.875594702	 2.93377483444	 27.630405298	 232.066225166	39.506	 235.0
70.5	 -20.4550739073	 -22.0238410596	 27.3710739073	 232.02384106	6.916	 210.0
71.0	 -2.78534251656	 -7.98145695364	 27.1117425166	 231.981456954	24.3264	 224.0
71.5	 4.70478887417	 -4.93907284768	 26.8524111258	 231.939072848	31.5572	 227.0
72.0	 -7.8822797351	 -28.8966887417	 26.5930797351	 231.896688742	18.7108	 203.0
72.5	 11.3002516556	 -16.8543046358	 26.3337483444	 231.854304636	37.634	 215.0
73.0	 12.2007830464	 0.188079470199	 26.0744169536	 231.81192053	38.2752	 232.0
73.5	 -10.1550855629	 18.2304635762	 25.8150855629	 231.769536424	15.66	 250.0
74.0	 -11.9985541722	 -4.72715231788	 25.5557541722	 231.727152318	13.5572	 227.0
74.5	 16.9531772185	 4.31523178808	 25.2964227815	 231.684768212	42.2496	 236.0
75.0	 -10.8902913907	 -18.642384106	 25.0370913907	 231.642384106	14.1468	 213.0
Actin association begins: 10.5
Actin association ends: 59.0
Length of actin association: 48.5
Cofilin association begins: 29.0
Cofilin association ends: 59.5
Length of cofilin association: 30.5
Delay between actin and cofilin association: 18.5
Maximum normalized actin intensity: 450.063825166
Maximum normalized cofilin intensity: 93.8145695364