Time	 Int488	 Int561	 Back488	 Back561	 Raw488	 Raw561
0.0	 48.5933058851	 -76.2424481925	 75.73256	 324.6	97.1476	 291.0
0.5	 -4.33796412338	 84.3143109666	 75.1113381197	 323.842735043	73.1996	 361.0
1.0	 -4.90791753931	 -47.8454720418	 74.4901162393	 323.085470085	72.3272	 302.0
1.5	 -17.9852630516	 1.52438350324	 73.868894359	 322.328205128	65.9428	 323.0
2.0	 -7.26588824586	 55.4324800122	 73.2476724786	 321.570940171	70.0456	 346.0
2.5	 18.8127092779	 14.0375162805	 72.6264505983	 320.813675214	80.9172	 327.0
3.0	 -61.8735348173	 -9.20448359589	 72.0052287179	 320.056410256	44.7376	 316.0
3.5	 14.4751578629	 -16.5626400988	 71.3840068376	 319.299145299	77.7632	 312.0
4.0	 20.7152888373	 116.764673277	 70.7627849573	 318.541880342	79.892	 370.0
4.5	 137.208353435	 -47.162796478	 70.1415630769	 317.784615385	130.6092	 297.0
5.0	 76.8861041932	 -61.3283144267	 69.5203411966	 317.027350427	103.404	 290.0
5.5	 181.395489702	 -36.9187841827	 68.8991193162	 316.27008547	148.84	 300.0
6.0	 139.459469901	 1.10546895273	 68.2778974359	 315.512820513	129.7376	 316.0
6.5	 188.230179892	 48.2062040159	 67.6566755556	 314.755555556	150.6096	 336.0
7.0	 359.008775251	 0.00387883843057	 67.0354536752	 313.998290598	225.2504	 314.0
7.5	 384.739743517	 101.563505468	 66.4142317949	 313.241025641	235.9688	 358.0
8.0	 410.585075455	 7.97877065181	 65.7930099145	 312.483760684	246.7376	 316.0
8.5	 449.057609051	 68.6942286065	 65.1717880342	 311.726495726	263.0712	 342.0
9.0	 445.580458474	 124.871445597	 64.5505661538	 310.969230769	260.9176	 366.0
9.5	 417.375340533	 144.742734877	 63.9293442735	 310.211965812	247.8664	 374.0
10.0	 433.389027247	 169.152265121	 63.3081223932	 309.454700855	254.3024	 384.0
10.5	 449.22753786	 132.295542354	 62.6869005128	 308.697435897	260.6612	 367.0
11.0	 422.592651292	 84.0932171761	 62.0656786325	 307.94017094	248.302	 345.0
11.5	 494.811544695	 190.191084769	 61.4444567521	 307.182905983	279.5076	 391.0
12.0	 409.471788316	 273.597747543	 60.8232348718	 306.425641026	241.2772	 427.0
12.5	 486.691823261	 130.092362125	 60.2020129915	 305.668376068	274.6868	 363.0
13.0	 496.538040505	 143.156289959	 59.5807911111	 304.911111111	278.4048	 368.0
13.5	 600.0	 153.951097312	 58.9595692308	 304.153846154	323.3792	 372.0
14.0	 525.539314859	 132.978217917	 58.3383473504	 303.396581197	289.9432	 362.0
14.5	 486.16377061	 214.115760209	 57.7171254701	 302.639316239	271.9692	 397.0
15.0	 519.108726712	 252.140013345	 57.0959035897	 301.882051282	285.8668	 413.0
15.5	 541.693786341	 -41.12732388	 56.4746817094	 301.124786325	295.1988	 283.0
16.0	 504.123554347	 201.117772628	 55.8534598291	 300.367521368	278.0204	 389.0
16.5	 519.497349085	 236.872905282	 55.2322379487	 299.61025641	284.1744	 404.0
17.0	 578.215883269	 147.82641143	 54.6110160684	 298.852991453	309.4304	 364.0
17.5	 557.516108234	 147.275616373	 53.989794188	 298.095726496	299.6868	 363.0
18.0	 470.43094438	 237.489640592	 53.3685723077	 297.338461538	260.6872	 402.0
18.5	 418.19856348	 466.120014209	 52.7473504274	 296.581196581	237.0472	 502.0
19.0	 591.129192704	 347.574954092	 52.126128547	 295.823931624	312.6364	 449.0
19.5	 358.469965805	 315.256472288	 51.5049066667	 295.066666667	209.4824	 434.0
20.0	 499.924263352	 239.824701328	 50.8836847863	 294.309401709	271.2	 400.0
20.5	 481.378337479	 345.922568921	 50.262462906	 293.552136752	262.4056	 446.0
21.0	 426.757934183	 327.218810008	 49.6412410256	 292.794871795	237.7132	 437.0
21.5	 529.404825601	 288.092966758	 49.0200191453	 292.037606838	282.3284	 419.0
22.0	 402.989450258	 496.301256038	 48.398797265	 291.28034188	225.996	 510.0
22.5	 350.171636273	 373.217954957	 47.7775753846	 290.523076923	202.098	 455.0
23.0	 394.983184848	 152.562473154	 47.1563535043	 289.765811966	221.2252	 357.0
23.5	 352.234819914	 406.153172071	 46.5351316239	 289.008547009	201.7648	 468.0
24.0	 363.825536984	 323.914039665	 45.9139097436	 288.251282051	206.2516	 431.0
24.5	 318.746331492	 232.598425331	 45.2926878632	 287.494017094	185.764	 390.0
25.0	 252.314702264	 198.010823045	 44.6714659829	 286.736752137	155.8664	 374.0
25.5	 327.56060239	 451.601521963	 44.0502441026	 285.979487179	188.406	 485.0
26.0	 304.415623123	 301.288775099	 43.4290222222	 285.222222222	177.5848	 418.0
26.5	 295.874703279	 173.667233055	 42.8078003419	 284.464957265	173.1996	 361.0
27.0	 371.873951405	 132.272269323	 42.1865784615	 283.707692308	206.0712	 342.0
27.5	 305.268053724	 124.91411282	 41.5653565812	 282.95042735	176.0968	 338.0
28.0	 313.427860626	 224.204618967	 40.9441347009	 282.193162393	179.0716	 381.0
28.5	 325.136571962	 300.803920295	 40.3229128205	 281.435897436	183.6104	 414.0
29.0	 331.140714406	 116.454366203	 39.7016909402	 280.678632479	185.6352	 332.0
29.5	 98.3072190536	 111.365330182	 39.0804690598	 279.921367521	82.4044	 329.0
30.0	 202.991780664	 197.041113438	 38.4592471795	 279.164102564	127.9176	 366.0
30.5	 205.856368009	 237.334487055	 37.8380252991	 278.406837607	128.5588	 383.0
31.0	 146.407276329	 264.013137781	 37.2168034188	 277.64957265	101.7384	 394.0
31.5	 224.616647804	 143.198957182	 36.5955815385	 276.892307692	135.584	 340.0
32.0	 152.541262114	 104.073113932	 35.9743596581	 276.135042735	103.1992	 322.0
32.5	 21.1211146354	 207.901861043	 35.3531377778	 275.377777778	44.6612	 367.0
33.0	 206.560951253	 84.8185599626	 34.7319158974	 274.620512821	125.7632	 312.0
33.5	 93.2937676298	 188.647307074	 34.1106940171	 273.863247863	75.2252	 357.0
34.0	 5.39262805035	 140.444981896	 33.4894721368	 273.105982906	35.866	 335.0
34.5	 -39.1610491389	 232.928126598	 32.8682502564	 272.348717949	15.61	 375.0
35.0	 71.9215245821	 116.652186963	 32.2470283761	 271.591452991	63.9428	 323.0
35.5	 23.9913961157	 27.6056931108	 31.6258064957	 270.834188034	42.1988	 283.0
36.0	 -15.6764108518	 -22.8657525486	 31.0045846154	 270.076923077	24.096	 260.0
36.5	 -106.718920826	 -23.4165476057	 30.383362735	 269.31965812	-16.6476	 259.0
37.0	 -78.3131133365	 -73.8879932651	 29.7621408547	 268.562393162	-4.7504	 236.0
37.5	 -37.2810118369	 -58.5549449488	 29.1409189744	 267.805128205	12.7112	 242.0
38.0	 -50.4164468335	 -0.108607476058	 28.519697094	 267.047863248	6.3012	 267.0
38.5	 -44.2362206398	 -34.696209762	 27.8984752137	 266.290598291	8.4036	 251.0
39.0	 -130.332955612	 -10.286679518	 27.2772533333	 265.533333333	-30.1604	 261.0
39.5	 -69.8690139535	 -106.140534816	 26.656031453	 264.776068376	-4.1352	 218.0
40.0	 -83.0035413019	 40.8015014518	 26.0348095726	 264.018803419	-10.5448	 282.0
40.5	 -24.8078124771	 33.4433449489	 25.4135876923	 263.261538462	14.4808	 278.0
41.0	 -100.315923632	 -1.14425733704	 24.792365812	 262.504273504	-19.4168	 262.0
41.5	 -16.4618880463	 -28.9244981772	 24.1711439316	 261.747008547	16.9164	 249.0
42.0	 -65.9032507536	 29.5218392955	 23.5499220513	 260.98974359	-5.4936	 274.0
42.5	 -82.7627662852	 49.3931285757	 22.9287001709	 260.232478632	-13.5448	 282.0
43.0	 2.89476626003	 5.72904436204	 22.3074782906	 259.475213675	23.5832	 262.0
43.5	 31.7081077886	 -19.7820759962	 21.6862564103	 258.717948718	35.66	 250.0
44.0	 -76.439940027	 -6.71814816185	 21.0650345299	 257.960683761	-12.622	 255.0
44.5	 -35.6982859491	 53.9973097928	 20.4438126496	 257.203418803	4.7116	 281.0
45.0	 -65.0098270372	 -19.1653406857	 19.8225907692	 256.446153846	-8.8272	 248.0
45.5	 5.98646425026	 12.051551004	 19.2013688889	 255.688888889	21.8396	 261.0
46.0	 -38.8594756571	 -27.0742922458	 18.5801470085	 254.931623932	1.4548	 243.0
46.5	 -40.2426818537	 -32.1633282668	 17.9589251282	 254.174358974	0.224	 240.0
47.0	 -16.5484761324	 33.0903706517	 17.3377032479	 253.417094017	10.0448	 268.0
47.5	 -68.783579977	 -3.76635211614	 16.7164813675	 252.65982906	-13.5964	 251.0
48.0	 -81.2791229977	 43.334382947	 16.0952594872	 251.902564103	-19.7244	 271.0
48.5	 -11.3892548573	 -18.482665122	 15.4740376068	 251.145299145	10.4548	 243.0
49.0	 -16.2632760033	 -9.95697825143	 14.8528157265	 250.388034188	7.6856	 246.0
49.5	 -7.93010829639	 -26.391616682	 14.2315938462	 249.630769231	10.7368	 238.0
50.0	 -28.6289756833	 61.5532870557	 13.6103719658	 248.873504274	0.9936	 276.0
50.5	 -31.3509629643	 -0.263761013283	 12.9891500855	 248.116239316	-0.8272	 248.0
51.0	 37.026763287	 -3.08367655235	 12.3679282051	 247.358974359	28.6856	 246.0
51.5	 -36.6778509094	 -53.5551222117	 11.7467063248	 246.601709402	-4.4172	 223.0
52.0	 -28.6932201085	 -15.5308690762	 11.1254844444	 245.844444444	-1.5196	 239.0
52.5	 16.4695883164	 -25.1581460611	 10.5042625641	 245.087179487	17.7624	 234.0
53.0	 -32.0414349933	 -23.4398206363	 9.88304068376	 244.32991453	-4.2376	 234.0
53.5	 21.499873899	 -12.6450132839	 9.26181880342	 243.572649573	18.7368	 238.0
54.0	 -32.6549058734	 -15.4649288229	 8.64059692308	 242.815384615	-5.7504	 236.0
54.5	 -14.7215432316	 -25.0922058078	 8.01937504274	 242.058119658	1.5316	 231.0
55.0	 0.942698928362	 -34.7194827926	 7.39815316239	 241.300854701	7.8136	 226.0
55.5	 4.03964421122	 -30.7320368859	 6.77693128205	 240.543589744	8.5572	 227.0
56.0	 19.6457968868	 -31.282831943	 6.15570940171	 239.786324786	14.8136	 226.0
56.5	 3.71752840105	 20.356144084	 5.53448752137	 239.029059829	7.1728	 248.0
57.0	 -41.244590475	 -0.61673531047	 4.91326564103	 238.271794872	-13.2632	 238.0
57.5	 12.412897386	 -7.97489181338	 4.29204376068	 237.514529915	9.7624	 234.0
58.0	 -15.6760415864	 -6.25656638861	 3.67082188034	 236.757264957	-3.2376	 234.0
Actin association begins: 3.5
Actin association ends: 34.0
Length of actin association: 30.5
Area under actin curve during patch life: 21392.0447382
Cofilin association begins: 16.0
Cofilin association ends: 35.5
Length of cofilin association: 19.5
Delay between actin and cofilin association: 12.5
Area under cofilin curve during patch life: 9364.58265211
Cofilin intensity score: 168.083701599