Time	 Int488	 Int561	 Back488	 Back561	 Raw488	 Raw561
0.0	 -5.39488	 -0.8	 42.00448	 336.8	36.6096	 336.0
0.5	 -3.26811209302	 -4.3011627907	 41.903312093	 336.301162791	38.6352	 332.0
1.0	 5.01265581395	 7.1976744186	 41.802144186	 335.802325581	46.8148	 343.0
1.5	 -12.2709762791	 -10.3034883721	 41.7009762791	 335.303488372	29.43	 325.0
2.0	 16.9329916279	 13.1953488372	 41.5998083721	 334.804651163	58.5328	 348.0
2.5	 12.3929595349	 -3.30581395349	 41.4986404651	 334.305813953	53.8916	 331.0
3.0	 -16.0698725581	 7.19302325581	 41.3974725581	 333.806976744	25.3276	 341.0
3.5	 -26.6607046512	 37.6918604651	 41.2963046512	 333.308139535	14.6356	 371.0
4.0	 -14.1499367442	 -25.8093023256	 41.1951367442	 332.809302326	27.0452	 307.0
4.5	 -10.8431688372	 20.6895348837	 41.0939688372	 332.310465116	30.2508	 353.0
5.0	 27.1551990698	 -1.81162790698	 40.9928009302	 331.811627907	68.148	 330.0
5.5	 6.12796697674	 -20.3127906977	 40.8916330233	 331.312790698	47.0196	 311.0
6.0	 -7.84766511628	 -7.81395348837	 40.7904651163	 330.813953488	32.9428	 323.0
6.5	 19.5355027907	 -12.3151162791	 40.6892972093	 330.315116279	60.2248	 318.0
7.0	 -11.7221293023	 5.18372093023	 40.5881293023	 329.81627907	28.866	 335.0
7.5	 -17.7749613953	 -9.31744186047	 40.4869613953	 329.31744186	22.712	 320.0
8.0	 15.3262065116	 -8.81860465116	 40.3857934884	 328.818604651	55.712	 320.0
8.5	 23.8377744186	 5.68023255814	 40.2846255814	 328.319767442	64.1224	 334.0
9.0	 32.5541423256	 -11.8209302326	 40.1834576744	 327.820930233	72.7376	 316.0
9.5	 44.8861102326	 -8.32209302326	 40.0822897674	 327.322093023	84.9684	 319.0
10.0	 34.1412781395	 7.17674418605	 39.9811218605	 326.823255814	74.1224	 334.0
10.5	 14.4732460465	 10.6755813953	 39.8799539535	 326.324418605	54.3532	 337.0
11.0	 10.9588139535	 -9.82558139535	 39.7787860465	 325.825581395	50.7376	 316.0
11.5	 29.9063818605	 14.673255814	 39.6776181395	 325.326744186	69.584	 340.0
12.0	 38.1099497674	 -0.827906976744	 39.5764502326	 324.827906977	77.6864	 324.0
12.5	 49.3135176744	 -16.3290697674	 39.4752823256	 324.329069767	88.7888	 308.0
13.0	 -0.559314418605	 19.1697674419	 39.3741144186	 323.830232558	38.8148	 343.0
13.5	 76.7722534884	 -16.3313953488	 39.2729465116	 323.331395349	116.0452	 307.0
14.0	 52.1298213953	 -16.8325581395	 39.1717786047	 322.83255814	91.3016	 306.0
14.5	 45.0517893023	 11.6662790698	 39.0706106977	 322.33372093	84.1224	 334.0
15.0	 81.1013572093	 -18.8348837209	 38.9694427907	 321.834883721	120.0708	 303.0
15.5	 122.176925116	 -14.3360465116	 38.8682748837	 321.336046512	161.0452	 307.0
16.0	 66.6880930233	 -38.8372093023	 38.7671069767	 320.837209302	105.4552	 282.0
16.5	 123.71246093	 -26.338372093	 38.6659390698	 320.338372093	162.3784	 294.0
17.0	 142.531628837	 -20.8395348837	 38.5647711628	 319.839534884	181.0964	 299.0
17.5	 128.709596744	 -32.3406976744	 38.4636032558	 319.340697674	167.1732	 287.0
18.0	 193.451964651	 -14.8418604651	 38.3624353488	 318.841860465	231.8144	 304.0
18.5	 145.758332558	 -7.34302325581	 38.2612674419	 318.343023256	184.0196	 311.0
19.0	 194.859900465	 32.1558139535	 38.1600995349	 317.844186047	233.02	 350.0
19.5	 170.268268372	 -15.3453488372	 38.0589316279	 317.345348837	208.3272	 302.0
20.0	 152.293036279	 36.1534883721	 37.9577637209	 316.846511628	190.2508	 353.0
20.5	 183.599004186	 4.6523255814	 37.856595814	 316.347674419	221.4556	 321.0
21.0	 212.341372093	 22.1511627907	 37.755427907	 315.848837209	250.0968	 338.0
21.5	 205.13454	 -7.35	 37.65426	 315.35	242.7888	 308.0
22.0	 156.108107907	 52.1488372093	 37.553092093	 314.851162791	193.6612	 367.0
22.5	 186.054875814	 -1.3523255814	 37.451924186	 314.352325581	223.5068	 313.0
23.0	 157.540843721	 17.1465116279	 37.3507562791	 313.853488372	194.8916	 331.0
23.5	 189.103611628	 23.6453488372	 37.2495883721	 313.354651163	226.3532	 337.0
24.0	 223.076379535	 5.14418604651	 37.1484204651	 312.855813953	260.2248	 318.0
24.5	 209.767547442	 30.6430232558	 37.0472525581	 312.356976744	246.8148	 343.0
25.0	 208.919515349	 -15.8581395349	 36.9460846512	 311.858139535	245.8656	 296.0
25.5	 202.175083256	 38.6406976744	 36.8449167442	 311.359302326	239.02	 350.0
26.0	 268.557851163	 -4.86046511628	 36.7437488372	 310.860465116	305.3016	 306.0
26.5	 217.29981907	 -26.361627907	 36.6425809302	 310.361627907	253.9424	 284.0
27.0	 249.452986977	 44.1372093023	 36.5414130233	 309.862790698	285.9944	 354.0
27.5	 272.528154884	 9.63604651163	 36.4402451163	 309.363953488	308.9684	 319.0
28.0	 209.372922791	 11.1348837209	 36.3390772093	 308.865116279	245.712	 320.0
28.5	 239.115290698	 28.6337209302	 36.2379093023	 308.36627907	275.3532	 337.0
29.0	 264.806458605	 54.1325581395	 36.1367413953	 307.86744186	300.9432	 362.0
29.5	 297.728026512	 43.6313953488	 36.0355734884	 307.368604651	333.7636	 351.0
30.0	 255.187994419	 27.1302325581	 35.9344055814	 306.869767442	291.1224	 334.0
30.5	 318.775962326	 -9.37093023256	 35.8332376744	 306.370930233	354.6092	 297.0
31.0	 306.185130233	 21.1279069767	 35.7320697674	 305.872093023	341.9172	 327.0
31.5	 331.08149814	 53.626744186	 35.6309018605	 305.373255814	366.7124	 359.0
32.0	 295.567866047	 111.125581395	 35.5297339535	 304.874418605	331.0976	 416.0
32.5	 241.617033953	 41.6244186047	 35.4285660465	 304.375581395	277.0456	 346.0
33.0	 253.43620186	 47.123255814	 35.3273981395	 303.876744186	288.7636	 351.0
33.5	 299.204169767	 60.6220930233	 35.2262302326	 303.377906977	334.4304	 364.0
34.0	 203.331337674	 96.1209302326	 35.1250623256	 302.879069767	238.4564	 399.0
34.5	 293.072905581	 35.6197674419	 35.0238944186	 302.380232558	328.0968	 338.0
35.0	 299.558873488	 54.1186046512	 34.9227265116	 301.881395349	334.4816	 356.0
35.5	 235.762441395	 38.6174418605	 34.8215586047	 301.38255814	270.584	 340.0
36.0	 251.658809302	 71.1162790698	 34.7203906977	 300.88372093	286.3792	 372.0
36.5	 235.759977209	 71.6151162791	 34.6192227907	 300.384883721	270.3792	 372.0
37.0	 284.322345116	 39.1139534884	 34.5180548837	 299.886046512	318.8404	 339.0
37.5	 264.346713023	 51.6127906977	 34.4168869767	 299.387209302	298.7636	 351.0
38.0	 197.44788093	 52.111627907	 34.3157190698	 298.888372093	231.7636	 351.0
38.5	 199.241448837	 61.6104651163	 34.2145511628	 298.389534884	233.456	 360.0
39.0	 247.675816744	 49.1093023256	 34.1133832558	 297.890697674	281.7892	 347.0
39.5	 202.366584651	 35.6081395349	 34.0122153488	 297.391860465	236.3788	 333.0
40.0	 243.698552558	 39.1069767442	 33.9110474419	 296.893023256	277.6096	 336.0
40.5	 203.646120465	 63.6058139535	 33.8098795349	 296.394186047	237.456	 360.0
41.0	 182.746888372	 25.1046511628	 33.7087116279	 295.895348837	216.4556	 321.0
41.5	 197.207256279	 47.6034883721	 33.6075437209	 295.396511628	230.8148	 343.0
42.0	 203.154424186	 33.1023255814	 33.506375814	 294.897674419	236.6608	 328.0
42.5	 176.537592093	 28.6011627907	 33.405207907	 294.398837209	209.9428	 323.0
43.0	 243.81836	 40.1	 33.30404	 293.9	277.1224	 334.0
43.5	 231.509127907	 26.5988372093	 33.202872093	 293.401162791	264.712	 320.0
44.0	 221.405095814	 20.0976744186	 33.101704186	 292.902325581	254.5068	 313.0
44.5	 209.813863721	 11.5965116279	 33.0005362791	 292.403488372	242.8144	 304.0
45.0	 187.453831628	 45.0953488372	 32.8993683721	 291.904651163	220.3532	 337.0
45.5	 172.580599535	 41.5941860465	 32.7982004651	 291.405813953	205.3788	 333.0
46.0	 163.707367442	 38.0930232558	 32.6970325581	 290.906976744	196.4044	 329.0
46.5	 168.039335349	 41.5918604651	 32.5958646512	 290.408139535	200.6352	 332.0
47.0	 174.473703256	 29.0906976744	 32.4946967442	 289.909302326	206.9684	 319.0
47.5	 159.164471163	 15.5895348837	 32.3935288372	 289.410465116	191.558	 305.0
48.0	 162.29163907	 51.088372093	 32.2923609302	 288.911627907	194.584	 340.0
48.5	 163.982406977	 37.5872093023	 32.1911930233	 288.412790698	196.1736	 326.0
49.0	 155.032374884	 46.0860465116	 32.0900251163	 287.913953488	187.1224	 334.0
49.5	 137.312742791	 18.5848837209	 31.9888572093	 287.415116279	169.3016	 306.0
50.0	 139.696310698	 53.0837209302	 31.8876893023	 286.91627907	171.584	 340.0
50.5	 134.797078605	 14.5825581395	 31.7865213953	 286.41744186	166.5836	 301.0
51.0	 112.898646512	 54.0813953488	 31.6853534884	 285.918604651	144.584	 340.0
51.5	 114.641014419	 71.5802325581	 31.5841855814	 285.419767442	146.2252	 357.0
52.0	 121.793382326	 64.0790697674	 31.4830176744	 284.920930233	153.2764	 349.0
52.5	 94.9713502326	 52.5779069767	 31.3818497674	 284.422093023	126.3532	 337.0
53.0	 102.20051814	 33.076744186	 31.2806818605	 283.923255814	133.4812	 317.0
53.5	 123.301686047	 33.5755813953	 31.1795139535	 283.424418605	154.4812	 317.0
54.0	 92.6336539535	 37.0744186047	 31.0783460465	 282.925581395	123.712	 320.0
54.5	 77.1196218605	 55.573255814	 30.9771781395	 282.426744186	108.0968	 338.0
55.0	 103.681989767	 23.0720930233	 30.8760102326	 281.927906977	134.558	 305.0
55.5	 106.449557674	 -2.42906976744	 30.7748423256	 281.429069767	137.2244	 279.0
56.0	 100.089525581	 31.0697674419	 30.6736744186	 280.930232558	130.7632	 312.0
56.5	 90.6522934884	 37.5686046512	 30.5725065116	 280.431395349	121.2248	 318.0
57.0	 130.086661395	 25.0674418605	 30.4713386047	 279.93255814	160.558	 305.0
57.5	 84.9574293023	 61.5662790698	 30.3701706977	 279.43372093	115.3276	 341.0
58.0	 142.083797209	 19.0651162791	 30.2690027907	 278.934883721	172.3528	 298.0
58.5	 100.646965116	 64.5639534884	 30.1678348837	 278.436046512	130.8148	 343.0
59.0	 95.5937330233	 11.0627906977	 30.0666669767	 277.937209302	125.6604	 289.0
59.5	 83.0025009302	 2.56162790698	 29.9654990698	 277.438372093	112.968	 280.0
60.0	 84.7704688372	 16.0604651163	 29.8643311628	 276.939534884	114.6348	 293.0
60.5	 65.5640367442	 25.5593023256	 29.7631632558	 276.440697674	95.3272	 302.0
61.0	 87.9728046512	 17.0581395349	 29.6619953488	 275.941860465	117.6348	 293.0
61.5	 46.7667725581	 65.5569767442	 29.5608274419	 275.443023256	76.3276	 341.0
62.0	 24.1751404651	 18.0558139535	 29.4596595349	 274.944186047	53.6348	 293.0
62.5	 40.7891083721	 16.5546511628	 29.3584916279	 274.445348837	70.1476	 291.0
63.0	 92.5570762791	 30.0534883721	 29.2573237209	 273.946511628	121.8144	 304.0
63.5	 76.145044186	 -6.4476744186	 29.156155814	 273.447674419	105.3012	 267.0
64.0	 46.425812093	 5.0511627907	 29.054987907	 272.948837209	75.4808	 278.0
64.5	 33.60418	 32.55	 28.95382	 272.45	62.558	 305.0
65.0	 35.038547907	 20.0488372093	 28.852652093	 271.951162791	63.8912	 292.0
65.5	 21.524515814	 38.5476744186	 28.751484186	 271.452325581	50.276	 310.0
66.0	 42.9332837209	 30.0465116279	 28.6503162791	 270.953488372	71.5836	 301.0
66.5	 32.6240516279	 16.5453488372	 28.5491483721	 270.454651163	61.1732	 287.0
67.0	 40.3404195349	 -0.955813953488	 28.4479804651	 269.955813953	68.7884	 269.0
67.5	 -9.81401255814	 78.5430232558	 28.3468125581	 269.456976744	18.5328	 348.0
68.0	 46.8759553488	 -12.9581395349	 28.2456446512	 268.958139535	75.1216	 256.0
68.5	 44.6439232558	 0.540697674419	 28.1444767442	 268.459302326	72.7884	 269.0
69.0	 34.5402911628	 33.0395348837	 28.0433088372	 267.960465116	62.5836	 301.0
69.5	 10.8206590698	 5.53837209302	 27.9421409302	 267.461627907	38.7628	 273.0
70.0	 25.3834269767	 12.0372093023	 27.8409730233	 266.962790698	53.2244	 279.0
70.5	 13.4589948837	 16.5360465116	 27.7398051163	 266.463953488	41.1988	 283.0
71.0	 4.6629627907	 40.0348837209	 27.6386372093	 265.965116279	32.3016	 306.0
71.5	 -15.8774693023	 -15.4662790698	 27.5374693023	 265.46627907	11.66	 250.0
72.0	 3.96769860465	 25.0325581395	 27.4363013953	 264.96744186	31.404	 290.0
72.5	 5.81246651163	 26.5313953488	 27.3351334884	 264.468604651	33.1476	 291.0
73.0	 39.9644344186	 -19.9697674419	 27.2339655814	 263.969767442	67.1984	 244.0
73.5	 3.70680232558	 -2.47093023256	 27.1327976744	 263.470930233	30.8396	 261.0
74.0	 -11.9096297674	 32.0279069767	 27.0316297674	 262.972093023	15.122	 295.0
74.5	 5.03713813953	 -21.473255814	 26.9304618605	 262.473255814	31.9676	 241.0
75.0	 -19.0152939535	 3.02558139535	 26.8292939535	 261.974418605	7.814	 265.0
75.5	 14.8806739535	 -3.47558139535	 26.7281260465	 261.475581395	41.6088	 258.0
76.0	 -6.45415813953	 -12.976744186	 26.6269581395	 260.976744186	20.1728	 248.0
76.5	 -11.3013902326	 18.5220930233	 26.5257902326	 260.477906977	15.2244	 279.0
77.0	 -10.8158223256	 -1.97906976744	 26.4246223256	 259.979069767	15.6088	 258.0
77.5	 -3.4326544186	 -6.48023255814	 26.3234544186	 259.480232558	22.8908	 253.0
78.0	 -10.0494865116	 -10.9813953488	 26.2222865116	 258.981395349	16.1728	 248.0
78.5	 -4.64071860465	 -19.4825581395	 26.1211186047	 258.48255814	21.4804	 239.0
79.0	 3.94764930233	 -16.9837209302	 26.0199506977	 257.98372093	29.9676	 241.0
79.5	 11.9976172093	 -8.48488372093	 25.9187827907	 257.484883721	37.9164	 249.0
80.0	 -2.64481488372	 -8.98604651163	 25.8176148837	 256.986046512	23.1728	 248.0
80.5	 -4.56924697674	 -4.48720930233	 25.7164469767	 256.487209302	21.1472	 252.0
81.0	 -9.05807906977	 -28.988372093	 25.6152790698	 255.988372093	16.5572	 227.0
81.5	 3.06908883721	 6.51046511628	 25.5141111628	 255.489534884	28.5832	 262.0
82.0	 -24.8041432558	 3.00930232558	 25.4129432558	 254.990697674	0.6088	 258.0
82.5	 -15.2925753488	 17.5081395349	 25.3117753488	 254.491860465	10.0192	 272.0
83.0	 -22.8838074419	 9.00697674419	 25.2106074419	 253.993023256	2.3268	 263.0
83.5	 17.4993604651	 4.50581395349	 25.1094395349	 253.494186047	42.6088	 258.0
84.0	 -10.7842716279	 -12.9953488372	 25.0082716279	 252.995348837	14.224	 240.0
84.5	 -3.93950372093	 -11.4965116279	 24.9071037209	 252.496511628	20.9676	 241.0
85.0	 -0.504735813953	 15.0023255814	 24.805935814	 251.997674419	24.3012	 267.0
85.5	 -3.78836790698	 -2.4988372093	 24.704767907	 251.498837209	20.9164	 249.0
Actin association begins: 13.5
Actin association ends: 67.0
Length of actin association: 53.5
Cofilin association begins: 31.0
Cofilin association ends: 55.0
Length of cofilin association: 24.0
Delay between actin and cofilin association: 17.5
Maximum normalized actin intensity: 331.08149814
Maximum normalized cofilin intensity: 111.125581395