Time	 Int488	 Int561	 Back488	 Back561	 Raw488	 Raw561
0.0	 71.36936	 12.6	 160.26704	 436.4	231.6364	 449.0
0.5	 -27.0762457895	 -19.4907894737	 160.173845789	 435.490789474	133.0976	 416.0
1.0	 4.60694842105	 6.41842105263	 160.080651579	 434.581578947	164.6876	 441.0
1.5	 -0.684657368421	 -10.6723684211	 159.987457368	 433.672368421	159.3028	 423.0
2.0	 -47.2834631579	 20.2368421053	 159.894263158	 432.763157895	112.6108	 453.0
2.5	 -41.0358689474	 75.1460526316	 159.801068947	 431.853947368	118.7652	 507.0
3.0	 1.41572526316	 20.0552631579	 159.707874737	 430.944736842	161.1236	 451.0
3.5	 -54.0294805263	 26.9644736842	 159.614680526	 430.035526316	105.5852	 457.0
4.0	 -29.9878863158	 -3.12631578947	 159.521486316	 429.126315789	129.5336	 426.0
4.5	 -9.81749210526	 24.7828947368	 159.428292105	 428.217105263	149.6108	 453.0
5.0	 -19.4678978947	 24.6921052632	 159.335097895	 427.307894737	139.8672	 452.0
5.5	 -51.9647036842	 0.601315789474	 159.241903684	 426.398684211	107.2772	 427.0
6.0	 -76.5899094737	 -42.4894736842	 159.148709474	 425.489473684	82.5588	 383.0
6.5	 -24.9575152632	 30.4197368421	 159.055515263	 424.580263158	134.098	 455.0
7.0	 -39.3515210526	 29.3289473684	 158.962321053	 423.671052632	119.6108	 453.0
7.5	 -42.2075268421	 -16.7618421053	 158.869126842	 422.761842105	116.6616	 406.0
8.0	 -52.2423326316	 4.14736842105	 158.775932632	 421.852631579	106.5336	 426.0
8.5	 -54.9695384211	 16.0565789474	 158.682738421	 420.943421053	103.7132	 437.0
9.0	 6.86685578947	 -21.0342105263	 158.589544211	 420.034210526	165.4564	 399.0
9.5	 21.44725	 -18.125	 158.49635	 419.125	179.9436	 401.0
10.0	 59.4380442105	 -1.21578947368	 158.403155789	 418.215789474	217.8412	 417.0
10.5	 53.3008384211	 35.6934210526	 158.309961579	 417.306578947	211.6108	 453.0
11.0	 115.266432632	 95.6026315789	 158.216767368	 416.397368421	273.4832	 512.0
11.5	 13.9744268421	 39.5118421053	 158.123573158	 415.488157895	172.098	 455.0
12.0	 60.1956210526	 20.4210526316	 158.030378947	 414.578947368	218.226	 435.0
12.5	 10.1604152632	 2.33026315789	 157.937184737	 413.669736842	168.0976	 416.0
13.0	 58.3308094737	 30.2394736842	 157.843990526	 412.760526316	216.1748	 443.0
13.5	 54.9884036842	 60.1486842105	 157.750796316	 411.851315789	212.7392	 472.0
14.0	 69.5179978947	 110.057894737	 157.657602105	 410.942105263	227.1756	 521.0
14.5	 81.5339921053	 83.9671052632	 157.564407895	 410.032894737	239.0984	 494.0
15.0	 81.2931863158	 19.8763157895	 157.471213684	 409.123684211	238.7644	 429.0
15.5	 88.1555805263	 17.7855263158	 157.378019474	 408.214473684	245.5336	 426.0
16.0	 179.300374737	 49.6947368421	 157.284825263	 407.305263158	336.5852	 457.0
16.5	 174.905968947	 9.60394736842	 157.191631053	 406.396052632	332.0976	 416.0
17.0	 116.767563158	 -70.4868421053	 157.098436842	 405.486842105	273.866	 335.0
17.5	 155.477157368	 29.4223684211	 157.005242632	 404.577631579	312.4824	 434.0
18.0	 218.800351579	 -44.6684210526	 156.912048421	 403.668421053	375.7124	 359.0
18.5	 214.380745789	 -41.7592105263	 156.818854211	 402.759210526	371.1996	 361.0
19.0	 291.16634	 -31.85	 156.72566	 401.85	447.892	 370.0
19.5	 258.849534211	 -5.94078947368	 156.632465789	 400.940789474	415.482	 395.0
20.0	 378.558328421	 15.9684210526	 156.539271579	 400.031578947	535.0976	 416.0
20.5	 383.292322632	 -5.12236842105	 156.446077368	 399.122368421	539.7384	 394.0
21.0	 402.693516842	 25.7868421053	 156.352883158	 398.213157895	559.0464	 424.0
21.5	 488.684311053	 42.6960526316	 156.259688947	 397.303947368	644.944	 440.0
22.0	 376.880705263	 105.605263158	 156.166494737	 396.394736842	533.0472	 502.0
22.5	 488.024299474	 20.5144736842	 156.073300526	 395.485526316	644.0976	 416.0
23.0	 404.733493684	 81.4236842105	 155.980106316	 394.576315789	560.7136	 476.0
23.5	 518.493087895	 56.3328947368	 155.886912105	 393.667105263	674.38	 450.0
24.0	 517.099482105	 94.2421052632	 155.793717895	 392.757894737	672.8932	 487.0
24.5	 550.807476316	 38.1513157895	 155.700523684	 391.848684211	706.508	 430.0
25.0	 539.952270526	 70.0605263158	 155.607329474	 390.939473684	695.5596	 461.0
25.5	 533.507064737	 76.9697368421	 155.514135263	 390.030263158	689.0212	 467.0
26.0	 603.805858947	 123.878947368	 155.420941053	 389.121052632	759.2268	 513.0
26.5	 380.565453158	 98.7881578947	 155.327746842	 388.211842105	535.8932	 487.0
27.0	 612.658647368	 99.6973684211	 155.234552632	 387.302631579	767.8932	 487.0
27.5	 712.290641579	 133.606578947	 155.141358421	 386.393421053	867.432	 520.0
28.0	 518.024635789	 112.515789474	 155.048164211	 385.484210526	673.0728	 498.0
28.5	 619.70823	 177.425	 154.95497	 384.575	774.6632	 562.0
29.0	 660.621424211	 128.334210526	 154.861775789	 383.665789474	815.4832	 512.0
29.5	 595.690218421	 250.243421053	 154.768581579	 382.756578947	750.4588	 633.0
30.0	 550.115412632	 121.152631579	 154.675387368	 381.847368421	704.7908	 503.0
30.5	 677.952206842	 123.061842105	 154.582193158	 380.938157895	832.5344	 504.0
31.0	 488.276201053	 126.971052632	 154.488998947	 380.028947368	642.7652	 507.0
31.5	 526.703395263	 192.880263158	 154.395804737	 379.119736842	681.0992	 572.0
32.0	 590.744989474	 162.789473684	 154.302610526	 378.210526316	745.0476	 541.0
32.5	 417.299783684	 169.698684211	 154.209416316	 377.301315789	571.5092	 547.0
33.0	 419.034977895	 265.607894737	 154.116222105	 376.392105263	573.1512	 642.0
33.5	 500.947372105	 138.517105263	 154.023027895	 375.482894737	654.9704	 514.0
34.0	 639.476566316	 149.426315789	 153.929833684	 374.573684211	793.4064	 524.0
34.5	 575.416160526	 174.335526316	 153.836639474	 373.664473684	729.2528	 548.0
35.0	 491.792154737	 248.244736842	 153.743445263	 372.755263158	645.5356	 621.0
35.5	 514.705348947	 199.153947368	 153.650251053	 371.846052632	668.3556	 571.0
36.0	 511.080543158	 195.063157895	 153.557056842	 370.936842105	664.6376	 566.0
36.5	 530.994537368	 223.972368421	 153.463862632	 370.027631579	684.4584	 594.0
37.0	 493.805731579	 229.881578947	 153.370668421	 369.118421053	647.1764	 599.0
37.5	 374.514525789	 251.790789474	 153.277474211	 368.209210526	527.792	 620.0
38.0	 489.71012	 236.7	 153.18428	 367.3	642.8944	 604.0
38.5	 494.906114211	 260.609210526	 153.091085789	 366.390789474	647.9972	 627.0
39.0	 421.204908421	 307.518421053	 152.997891579	 365.481578947	574.2028	 673.0
39.5	 337.938902632	 286.427631579	 152.904697368	 364.572368421	490.8436	 651.0
40.0	 350.365296842	 274.336842105	 152.811503158	 363.663157895	503.1768	 638.0
40.5	 322.586891053	 294.246052632	 152.718308947	 362.753947368	475.3052	 657.0
41.0	 211.756885263	 283.155263158	 152.625114737	 361.844736842	364.382	 645.0
41.5	 282.106079474	 244.064473684	 152.531920526	 360.935526316	434.638	 605.0
42.0	 207.788473684	 191.973684211	 152.438726316	 360.026315789	360.2272	 552.0
42.5	 167.163667895	 187.882894737	 152.345532105	 359.117105263	319.5092	 547.0
43.0	 269.616462105	 249.792105263	 152.252337895	 358.207894737	421.8688	 608.0
43.5	 324.940456316	 253.701315789	 152.159143684	 357.298684211	477.0996	 611.0
44.0	 274.879650526	 239.610526316	 152.065949474	 356.389473684	426.9456	 596.0
44.5	 172.716444737	 241.519736842	 151.972755263	 355.480263158	324.6892	 597.0
45.0	 260.040038947	 206.428947368	 151.879561053	 354.571052632	411.9196	 561.0
45.5	 215.209233158	 117.338157895	 151.786366842	 353.661842105	366.9956	 471.0
46.0	 184.610427368	 148.247368421	 151.693172632	 352.752631579	336.3036	 501.0
46.5	 200.626421579	 122.156578947	 151.599978421	 351.843421053	352.2264	 474.0
47.0	 114.386415789	 136.065789474	 151.506784211	 350.934210526	265.8932	 487.0
47.5	 163.60841	 194.975	 151.41359	 350.025	315.022	 545.0
48.0	 98.7272042105	 191.884210526	 151.320395789	 349.115789474	250.0476	 541.0
48.5	 173.409598421	 139.793421053	 151.227201579	 348.206578947	324.6368	 488.0
49.0	 119.605592632	 163.702631579	 151.134007368	 347.297368421	270.7396	 511.0
49.5	 117.340386842	 220.611842105	 151.040813158	 346.388157895	268.3812	 567.0
50.0	 83.0739810526	 160.521052632	 150.947618947	 345.478947368	234.0216	 506.0
50.5	 121.141175263	 126.430263158	 150.854424737	 344.569736842	271.9956	 471.0
51.0	 116.439569474	 134.339473684	 150.761230526	 343.660526316	267.2008	 478.0
51.5	 157.942763684	 110.248684211	 150.668036316	 342.751315789	308.6108	 453.0
52.0	 223.113957895	 216.157894737	 150.574842105	 341.842105263	373.6888	 558.0
52.5	 97.5651521053	 122.067105263	 150.481647895	 340.932894737	248.0468	 463.0
53.0	 162.863546316	 129.976315789	 150.388453684	 340.023684211	313.252	 470.0
53.5	 112.367540526	 183.885526316	 150.295259474	 339.114473684	262.6628	 523.0
54.0	 136.075934737	 166.794736842	 150.202065263	 338.205263158	286.278	 505.0
54.5	 94.1451289474	 327.703947368	 150.108871053	 337.296052632	244.254	 665.0
55.0	 24.4927231579	 132.613157895	 150.015676842	 336.386842105	174.5084	 469.0
55.5	 65.2263173684	 72.5223684211	 149.922482632	 335.477631579	215.1488	 408.0
56.0	 70.8579115789	 67.4315789474	 149.829288421	 334.568421053	220.6872	 402.0
56.5	 114.644305789	 155.340789474	 149.736094211	 333.659210526	264.3804	 489.0
57.0	 117.0183	 34.25	 149.6429	 332.75	266.6612	 367.0
57.5	 11.2914942105	 85.1592105263	 149.549705789	 331.840789474	160.8412	 417.0
58.0	 63.4870884211	 70.0684210526	 149.456511579	 330.931578947	212.9436	 401.0
58.5	 61.9390826316	 53.9776315789	 149.363317368	 330.022368421	211.3024	 384.0
59.0	 0.366276842105	 119.886842105	 149.270123158	 329.113157895	149.6364	 449.0
59.5	 -2.87452894737	 55.7960526316	 149.176928947	 328.203947368	146.3024	 384.0
60.0	 30.5262652632	 47.7052631579	 149.083734737	 327.294736842	179.61	 375.0
60.5	 41.6446594737	 5.61447368421	 148.990540526	 326.385526316	190.6352	 332.0
61.0	 61.0710536842	 -6.47631578947	 148.897346316	 325.476315789	209.9684	 319.0
61.5	 34.7806478947	 93.4328947368	 148.804152105	 324.567105263	183.5848	 418.0
62.0	 -38.3581578947	 -25.6578947368	 148.710957895	 323.657894737	110.3528	 298.0
62.5	 -25.4701636842	 -31.7486842105	 148.617763684	 322.748684211	123.1476	 291.0
63.0	 5.16183052632	 2.16052631579	 148.524569474	 321.839473684	153.6864	 324.0
63.5	 21.5882247368	 -9.93026315789	 148.431375263	 320.930263158	170.0196	 311.0
64.0	 -0.241781052632	 -21.0210526316	 148.338181053	 320.021052632	148.0964	 299.0
64.5	 -25.8149868421	 5.88815789474	 148.244986842	 319.111842105	122.43	 325.0
65.0	 -39.2857926316	 16.7973684211	 148.151792632	 318.202631579	108.866	 335.0
65.5	 -39.0389984211	 -6.29342105263	 148.058598421	 317.293421053	109.0196	 311.0
66.0	 -30.3562042105	 -19.3842105263	 147.965404211	 316.384210526	117.6092	 297.0
66.5	 5.27539	 -24.475	 147.87221	 315.475	153.1476	 291.0
67.0	 -9.63141578947	 -23.5657894737	 147.779015789	 314.565789474	138.1476	 291.0
67.5	 18.2565784211	 -29.6565789474	 147.685821579	 313.656578947	165.9424	 284.0
68.0	 -19.6758273684	 -24.7473684211	 147.592627368	 312.747368421	127.9168	 288.0
68.5	 19.1865668421	 -26.8381578947	 147.499433158	 311.838157895	166.686	 285.0
69.0	 1.35696105263	 1.07105263158	 147.406238947	 310.928947368	148.7632	 312.0
69.5	 -23.0878447368	 46.9802631579	 147.313044737	 310.019736842	124.2252	 357.0
70.0	 -34.4310505263	 -1.11052631579	 147.219850526	 309.110526316	112.7888	 308.0
70.5	 -10.6454563158	 8.79868421053	 147.126656316	 308.201315789	136.4812	 317.0
71.0	 26.0885378947	 -12.2921052632	 147.033462105	 307.292105263	173.122	 295.0
71.5	 -35.6642678947	 3.61710526316	 146.940267895	 306.382894737	111.276	 310.0
72.0	 -4.28907368421	 -0.473684210526	 146.847073684	 305.473684211	142.558	 305.0
72.5	 -16.1958794737	 0.43552631579	 146.753879474	 304.564473684	130.558	 305.0
73.0	 -15.4102852632	 10.3447368421	 146.660685263	 303.655263158	131.2504	 314.0
73.5	 18.7593089474	 -39.7460526316	 146.567491053	 302.746052632	165.3268	 263.0
74.0	 -2.01869684211	 19.1631578947	 146.474296842	 301.836842105	144.4556	 321.0
74.5	 -46.7207026316	 -11.9276315789	 146.381102632	 300.927631579	99.6604	 289.0
75.0	 3.88529157895	 -13.0184210526	 146.287908421	 300.018421053	150.1732	 287.0
75.5	 24.6968857895	 31.8907894737	 146.194714211	 299.109210526	170.8916	 331.0
Actin association begins: 9.0
Actin association ends: 59.0
Length of actin association: 50.0
Cofilin association begins: 21.0
Cofilin association ends: 60.5
Length of cofilin association: 39.5
Delay between actin and cofilin association: 12.0
Maximum normalized actin intensity: 712.290641579
Maximum normalized cofilin intensity: 327.703947368