Time	 Int488	 Int561	 Back488	 Back561	 Raw488	 Raw561
0.0	 -7.86648	 18.2	 19.65488	 250.8	11.7884	 269.0
0.5	 -11.8158150318	 -16.4878980892	 19.5782150318	 250.487898089	7.7624	 234.0
1.0	 6.85084993631	 8.82420382166	 19.5015500637	 250.175796178	26.3524	 259.0
1.5	 -3.20088509554	 -9.86369426752	 19.4248850955	 249.863694268	16.224	 240.0
2.0	 16.7989798726	 2.44840764331	 19.3482201274	 249.551592357	36.1472	 252.0
2.5	 3.26004484076	 -18.2394904459	 19.2715551592	 249.239490446	22.5316	 231.0
3.0	 15.2855098089	 -9.92738853503	 19.1948901911	 248.927388535	34.4804	 239.0
3.5	 -2.43222522293	 36.3847133758	 19.1182252229	 248.615286624	16.686	 285.0
4.0	 0.0544397452229	 11.6968152866	 19.0415602548	 248.303184713	19.096	 260.0
4.5	 6.07990471338	 20.0089171975	 18.9648952866	 247.991082803	25.0448	 268.0
5.0	 -9.38223031847	 -12.6789808917	 18.8882303185	 247.678980892	9.506	 235.0
5.5	 -3.86956535032	 -2.36687898089	 18.8115653503	 247.366878981	14.942	 245.0
6.0	 -23.3057003822	 -0.0547770700637	 18.7349003822	 247.05477707	-4.5708	 247.0
6.5	 -1.02383541401	 7.25732484076	 18.658235414	 246.742675159	17.6344	 254.0
7.0	 21.6168295541	 -2.43057324841	 18.5815704459	 246.430573248	40.1984	 244.0
7.5	 22.0782945223	 15.8815286624	 18.5049054777	 246.118471338	40.5832	 262.0
8.0	 18.0777594904	 -10.8063694268	 18.4282405096	 245.806369427	36.506	 235.0
8.5	 59.8212244586	 2.50573248408	 18.3515755414	 245.494267516	78.1728	 248.0
9.0	 25.7694894268	 -16.1821656051	 18.2749105732	 245.182165605	44.0444	 229.0
9.5	 -2.6666456051	 -13.8700636943	 18.1982456051	 244.870063694	15.5316	 231.0
10.0	 17.2564193631	 10.4420382166	 18.1215806369	 244.557961783	35.378	 255.0
10.5	 -24.1797156688	 12.7541401274	 18.0449156688	 244.245859873	-6.1348	 257.0
11.0	 10.1789492994	 8.06624203822	 17.9682507006	 243.933757962	28.1472	 252.0
11.5	 -2.28318573248	 -24.621656051	 17.8915857325	 243.621656051	15.6084	 219.0
12.0	 31.1270792357	 1.69044585987	 17.8149207643	 243.30955414	48.942	 245.0
12.5	 12.9473442038	 3.0025477707	 17.7382557962	 242.997452229	30.6856	 246.0
13.0	 16.280809172	 41.3146496815	 17.661590828	 242.685350318	33.9424	 284.0
13.5	 33.8186741401	 8.62675159236	 17.5849258599	 242.373248408	51.4036	 251.0
14.0	 34.0489391083	 -15.0611464968	 17.5082608917	 242.061146497	51.5572	 227.0
14.5	 75.5360040764	 -0.749044585987	 17.4315959236	 241.749044586	92.9676	 241.0
15.0	 63.1766690446	 -10.4369426752	 17.3549309554	 241.436942675	80.5316	 231.0
15.5	 29.3817340127	 8.87515923567	 17.2782659873	 241.124840764	46.66	 250.0
16.0	 78.2019989809	 10.1872611465	 17.2016010191	 240.812738854	95.4036	 251.0
16.5	 67.406663949	 -9.50063694268	 17.124936051	 240.500636943	84.5316	 231.0
17.0	 80.9193289172	 0.811464968153	 17.0482710828	 240.188535032	97.9676	 241.0
17.5	 65.7395938854	 2.12356687898	 16.9716061146	 239.876433121	82.7112	 242.0
18.0	 149.047058854	 5.43566878981	 16.8949411465	 239.56433121	165.942	 245.0
18.5	 141.200523822	 -6.25222929936	 16.8182761783	 239.252229299	158.0188	 233.0
19.0	 140.04678879	 30.0598726115	 16.7416112102	 238.940127389	156.7884	 269.0
19.5	 109.174653758	 22.3719745223	 16.664946242	 238.628025478	125.8396	 261.0
20.0	 140.789718726	 16.6840764331	 16.5882812739	 238.315923567	157.378	 255.0
20.5	 153.507183694	 -5.00382165605	 16.5116163057	 238.003821656	170.0188	 233.0
21.0	 145.558248662	 -0.691719745223	 16.4349513376	 237.691719745	161.9932	 237.0
21.5	 170.942913631	 29.6203821656	 16.3582863694	 237.379617834	187.3012	 267.0
22.0	 157.967978599	 -1.06751592357	 16.2816214013	 237.067515924	174.2496	 236.0
22.5	 176.275443567	 2.24458598726	 16.2049564331	 236.755414013	192.4804	 239.0
23.0	 122.864908535	 0.556687898089	 16.128291465	 236.443312102	138.9932	 237.0
23.5	 187.069973503	 19.8687898089	 16.0516264968	 236.131210191	203.1216	 256.0
24.0	 153.736638471	 45.1808917197	 15.9749615287	 235.81910828	169.7116	 281.0
24.5	 182.787303439	 10.4929936306	 15.8982965605	 235.507006369	198.6856	 246.0
25.0	 176.966768408	 33.8050955414	 15.8216315924	 235.194904459	192.7884	 269.0
25.5	 165.069033376	 30.1171974522	 15.7449666242	 234.882802548	180.814	 265.0
26.0	 172.530098344	 9.42929936306	 15.6683016561	 234.570700637	188.1984	 244.0
26.5	 166.786363312	 20.7414012739	 15.5916366879	 234.258598726	182.378	 255.0
27.0	 180.14502828	 16.0535031847	 15.5149717197	 233.946496815	195.66	 250.0
27.5	 162.990893248	 13.3656050955	 15.4383067516	 233.634394904	178.4292	 247.0
28.0	 217.554758217	 15.6777070064	 15.3616417834	 233.322292994	232.9164	 249.0
28.5	 190.401023185	 51.9898089172	 15.2849768153	 233.010191083	205.686	 285.0
29.0	 195.554088153	 1.30191082803	 15.2083118471	 232.698089172	210.7624	 234.0
29.5	 176.117953121	 3.61401273885	 15.131646879	 232.385987261	191.2496	 236.0
30.0	 155.117818089	 15.9261146497	 15.0549819108	 232.07388535	170.1728	 248.0
30.5	 174.938083057	 17.2382165605	 14.9783169427	 231.761783439	189.9164	 249.0
31.0	 192.835148025	 6.55031847134	 14.9016519745	 231.449681529	207.7368	 238.0
31.5	 155.475812994	 -3.13757961783	 14.8249870064	 231.137579618	170.3008	 228.0
32.0	 182.988477962	 7.17452229299	 14.7483220382	 230.825477707	197.7368	 238.0
32.5	 156.50114293	 17.4866242038	 14.6716570701	 230.513375796	171.1728	 248.0
33.0	 172.116207898	 11.7987261146	 14.5949921019	 230.201273885	186.7112	 242.0
33.5	 163.988072866	 44.1108280255	 14.5183271338	 229.889171975	178.5064	 274.0
34.0	 123.192737834	 24.4229299363	 14.4416621656	 229.577070064	137.6344	 254.0
34.5	 165.577002803	 15.7350318471	 14.3649971975	 229.264968153	179.942	 245.0
35.0	 181.448867771	 48.047133758	 14.2883322293	 228.952866242	195.7372	 277.0
35.5	 136.371532739	 33.3592356688	 14.2116672611	 228.640764331	150.5832	 262.0
36.0	 158.191797707	 34.6713375796	 14.135002293	 228.32866242	172.3268	 263.0
36.5	 157.140062675	 15.9834394904	 14.0583373248	 228.01656051	171.1984	 244.0
37.0	 89.3963276433	 27.2955414013	 13.9816723567	 227.704458599	103.378	 255.0
37.5	 146.165392611	 36.6076433121	 13.9050073885	 227.392356688	160.0704	 264.0
38.0	 127.26765758	 32.9197452229	 13.8283424204	 227.080254777	141.096	 260.0
38.5	 162.395522548	 25.2318471338	 13.7516774522	 226.768152866	176.1472	 252.0
39.0	 119.164587516	 34.5439490446	 13.6750124841	 226.456050955	132.8396	 261.0
39.5	 149.574452484	 21.8560509554	 13.5983475159	 226.143949045	163.1728	 248.0
40.0	 113.984317452	 9.16815286624	 13.5216825478	 225.831847134	127.506	 235.0
40.5	 160.24058242	 20.4802547771	 13.4450175796	 225.519745223	173.6856	 246.0
41.0	 133.368847389	 51.7923566879	 13.3683526115	 225.207643312	146.7372	 277.0
41.5	 101.240312357	 45.1044585987	 13.2916876433	 224.895541401	114.532	 270.0
42.0	 121.137377325	 34.4165605096	 13.2150226752	 224.58343949	134.3524	 259.0
42.5	 124.624442293	 48.7286624204	 13.138357707	 224.27133758	137.7628	 273.0
43.0	 115.137107261	 59.0407643312	 13.0616927389	 223.959235669	128.1988	 283.0
43.5	 102.110972229	 36.352866242	 12.9850277707	 223.647133758	115.096	 260.0
44.0	 104.572437197	 54.6649681529	 12.9083628025	 223.335031847	117.4808	 278.0
44.5	 67.2643021656	 36.9770700637	 12.8316978344	 223.022929936	80.096	 260.0
45.0	 115.572167134	 79.2891719745	 12.7550328662	 222.710828025	128.3272	 302.0
45.5	 101.930432102	 35.6012738854	 12.6783678981	 222.398726115	114.6088	 258.0
46.0	 72.2634970701	 34.9133757962	 12.6017029299	 222.086624204	84.8652	 257.0
46.5	 103.058162038	 40.225477707	 12.5250379618	 221.774522293	115.5832	 262.0
47.0	 65.2116270064	 28.5375796178	 12.4483729936	 221.462420382	77.66	 250.0
47.5	 79.0318919745	 29.8496815287	 12.3717080255	 221.150318471	91.4036	 251.0
48.0	 98.2885569427	 80.1617834395	 12.2950430573	 220.838216561	110.5836	 301.0
48.5	 58.1852219108	 30.4738853503	 12.2183780892	 220.52611465	70.4036	 251.0
49.0	 119.697886879	 40.7859872611	 12.141713121	 220.214012739	131.8396	 261.0
49.5	 70.3129518471	 35.098089172	 12.0650481529	 219.901910828	82.378	 255.0
50.0	 58.2872168153	 51.4101910828	 11.9883831847	 219.589808917	70.2756	 271.0
50.5	 93.1326817834	 9.72229299363	 11.9117182166	 219.277707006	105.0444	 229.0
51.0	 73.2353467516	 45.0343949045	 11.8350532484	 218.965605096	85.0704	 264.0
51.5	 43.3120117197	 45.3464968153	 11.7583882803	 218.653503185	55.0704	 264.0
52.0	 60.7218766879	 32.6585987261	 11.6817233121	 218.341401274	72.4036	 251.0
52.5	 53.2857416561	 34.9707006369	 11.6050583439	 218.029299363	64.8908	 253.0
53.0	 86.8752066242	 33.2828025478	 11.5283933758	 217.717197452	98.4036	 251.0
53.5	 60.9262715924	 37.5949044586	 11.4517284076	 217.405095541	72.378	 255.0
54.0	 61.8233365605	 26.9070063694	 11.3750634395	 217.092993631	73.1984	 244.0
54.5	 51.4128015287	 25.2191082803	 11.2983984713	 216.78089172	62.7112	 242.0
55.0	 65.8994664968	 0.531210191083	 11.2217335032	 216.468789809	77.1212	 217.0
55.5	 75.258531465	 34.8433121019	 11.145068535	 216.156687898	86.4036	 251.0
56.0	 55.5399964331	 3.15541401274	 11.0684035669	 215.844585987	66.6084	 219.0
56.5	 10.4118614013	 35.4675159236	 10.9917385987	 215.532484076	21.4036	 251.0
57.0	 42.5397263694	 27.7796178344	 10.9150736306	 215.220382166	53.4548	 243.0
57.5	 35.2827913376	 2.09171974522	 10.8384086624	 214.908280255	46.1212	 217.0
58.0	 33.6674563057	 32.4038216561	 10.7617436943	 214.596178344	44.4292	 247.0
58.5	 53.6157212739	 13.7159235669	 10.6850787261	 214.284076433	64.3008	 228.0
59.0	 57.179586242	 16.0280254777	 10.608413758	 213.971974522	67.788	 230.0
59.5	 41.5638512102	 7.34012738854	 10.5317487898	 213.659872611	52.0956	 221.0
60.0	 24.4869161783	 31.6522292994	 10.4550838217	 213.347770701	34.942	 245.0
60.5	 35.3839811465	 20.9643312102	 10.3784188535	 213.03566879	45.7624	 234.0
61.0	 46.2810461146	 10.276433121	 10.3017538854	 212.723566879	56.5828	 223.0
61.5	 10.8449110828	 12.5885350318	 10.2250889172	 212.411464968	21.07	 225.0
62.0	 13.895976051	 16.9006369427	 10.148423949	 212.099363057	24.0444	 229.0
62.5	 17.5878410191	 -0.787261146497	 10.0717589809	 211.787261146	27.6596	 211.0
63.0	 23.6389059873	 3.52484076433	 9.99509401274	 211.475159236	33.634	 215.0
63.5	 2.86957095541	 18.8369426752	 9.91842904459	 211.163057325	12.788	 230.0
64.0	 11.0742359236	 -0.850955414013	 9.84176407643	 210.850955414	20.916	 210.0
64.5	 14.7921008917	 16.4611464968	 9.76509910828	 210.538853503	24.5572	 227.0
65.0	 6.71476585987	 1.77324840764	 9.68843414013	 210.226751592	16.4032	 212.0
65.5	 23.842630828	 -5.91464968153	 9.61176917197	 209.914649682	33.4544	 204.0
66.0	 18.6116957962	 3.3974522293	 9.53510420382	 209.602547771	28.1468	 213.0
66.5	 18.8679607643	 14.7095541401	 9.45843923567	 209.29044586	28.3264	 224.0
67.0	 15.2522257325	 6.02165605096	 9.38177426752	 208.978343949	24.634	 215.0
67.5	 16.3804907006	 37.3337579618	 9.30510929936	 208.666242038	25.6856	 246.0
68.0	 22.8415556688	 16.6458598726	 9.22844433121	 208.354140127	32.07	 225.0
68.5	 3.89262063694	 20.9579617834	 9.15177936306	 208.042038217	13.0444	 229.0
69.0	 19.5332856051	 11.2700636943	 9.0751143949	 207.729936306	28.6084	 219.0
69.5	 16.8919505732	 6.5821656051	 8.99844942675	 207.417834395	25.8904	 214.0
70.0	 2.9174155414	 14.8942675159	 8.9217844586	 207.105732484	11.8392	 222.0
70.5	 3.84008050955	 0.206369426752	 8.84511949045	 206.793630573	12.6852	 207.0
71.0	 16.4807454777	 -9.48152866242	 8.76845452229	 206.481528662	25.2492	 197.0
71.5	 7.19861044586	 7.83057324841	 8.69178955414	 206.169426752	15.8904	 214.0
72.0	 -2.77592458599	 16.1426751592	 8.61512458599	 205.857324841	5.8392	 222.0
72.5	 -8.44285961783	 15.4547770701	 8.53845961783	 205.54522293	0.0956	 221.0
73.0	 -10.4689946497	 -7.23312101911	 8.46179464968	 205.233121019	-2.0072	 198.0
73.5	 -2.67432968153	 -1.92101910828	 8.38512968153	 204.921019108	5.7108	 203.0
74.0	 -2.54646471338	 -9.60891719745	 8.30846471338	 204.608917197	5.762	 195.0
74.5	 -16.5721997452	 6.70318471338	 8.23179974522	 204.296815287	-8.3404	 211.0
75.0	 -3.18793477707	 -1.9847133758	 8.15513477707	 203.984713376	4.9672	 202.0
75.5	 8.60673019108	 3.32738853503	 8.07846980892	 203.672611465	16.6852	 207.0
76.0	 -7.52180484076	 -3.36050955414	 8.00180484076	 203.360509554	0.48	 200.0
76.5	 -2.70153987261	 -2.04840764331	 7.92513987261	 203.048407643	5.2236	 201.0
77.0	 9.81112509554	 8.26369426752	 7.84847490446	 202.736305732	17.6596	 211.0
77.5	 7.73379006369	 -6.42420382166	 7.77180993631	 202.424203822	15.5056	 196.0
78.0	 -8.47154496815	 -1.11210191083	 7.69514496815	 202.112101911	-0.7764	 201.0
Actin association begins: 12.0
Actin association ends: 71.5
Length of actin association: 59.5
Cofilin association begins: 32.0
Cofilin association ends: 62.0
Length of cofilin association: 30.0
Delay between actin and cofilin association: 20.0
Maximum normalized actin intensity: 217.554758217
Maximum normalized cofilin intensity: 80.1617834395