Time	 Int488	 Int561	 Back488	 Back561	 Raw488	 Raw561
0.0	 -15.164	 10.0	 119.9012	 267.0	104.7372	 277.0
0.5	 -1.86958647887	 -27.6394366197	 119.349986479	 266.63943662	117.4804	 239.0
1.0	 2.50242704225	 0.721126760563	 118.798772958	 266.278873239	121.3012	 267.0
1.5	 14.9512405634	 17.0816901408	 118.247559437	 265.918309859	133.1988	 283.0
2.0	 5.09205408451	 3.44225352113	 117.696345915	 265.557746479	122.7884	 269.0
2.5	 -25.1515323944	 10.8028169014	 117.145132394	 265.197183099	91.9936	 276.0
3.0	 -23.4207188732	 22.1633802817	 116.593918873	 264.836619718	93.1732	 287.0
3.5	 51.3864946479	 -17.476056338	 116.042705352	 264.476056338	167.4292	 247.0
4.0	 21.142908169	 -10.1154929577	 115.491491831	 264.115492958	136.6344	 254.0
4.5	 36.1045216901	 4.24507042254	 114.94027831	 263.754929577	151.0448	 268.0
5.0	 22.8353352113	 15.6056338028	 114.389064789	 263.394366197	137.2244	 279.0
5.5	 49.0785487324	 -14.0338028169	 113.837851268	 263.033802817	162.9164	 249.0
6.0	 91.6297622535	 -13.6732394366	 113.286637746	 262.673239437	204.9164	 249.0
6.5	 109.437375775	 -14.3126760563	 112.735424225	 262.312676056	222.1728	 248.0
7.0	 97.0401892958	 17.0478873239	 112.184210704	 261.952112676	209.2244	 279.0
7.5	 100.642602817	 9.40845070423	 111.632997183	 261.591549296	212.2756	 271.0
8.0	 156.834616338	 -12.2309859155	 111.081783662	 261.230985915	267.9164	 249.0
8.5	 126.667829859	 -16.8704225352	 110.530570141	 260.870422535	237.1984	 244.0
9.0	 107.16864338	 69.4901408451	 109.97935662	 260.509859155	217.148	 330.0
9.5	 126.412256901	 78.8507042254	 109.428143099	 260.149295775	235.8404	 339.0
10.0	 138.578270423	 22.2112676056	 108.876929577	 259.788732394	247.4552	 282.0
10.5	 138.129483944	 22.5718309859	 108.325716056	 259.428169014	246.4552	 282.0
11.0	 198.193897465	 59.9323943662	 107.774502535	 259.067605634	305.9684	 319.0
11.5	 207.207110986	 105.292957746	 107.223289014	 258.707042254	314.4304	 364.0
12.0	 205.604324507	 90.6535211268	 106.672075493	 258.346478873	312.2764	 349.0
12.5	 236.334338028	 24.014084507	 106.120861972	 257.985915493	342.4552	 282.0
13.0	 258.014751549	 121.374647887	 105.569648451	 257.625352113	363.5844	 379.0
13.5	 297.10476507	 154.735211268	 105.01843493	 257.264788732	402.1232	 412.0
14.0	 221.604778592	 163.095774648	 104.467221408	 256.904225352	326.072	 420.0
14.5	 208.027192113	 105.456338028	 103.916007887	 256.543661972	311.9432	 362.0
15.0	 299.424005634	 51.8169014085	 103.364794366	 256.183098592	402.7888	 308.0
15.5	 264.693219155	 57.1774647887	 102.813580845	 255.822535211	367.5068	 313.0
16.0	 266.629632676	 114.538028169	 102.262367324	 255.461971831	368.892	 370.0
16.5	 345.641246197	 3.8985915493	 101.711153803	 255.101408451	447.3524	 259.0
17.0	 280.782459718	 29.2591549296	 101.159940282	 254.74084507	381.9424	 284.0
17.5	 251.461673239	 9.61971830986	 100.608726761	 254.38028169	352.0704	 264.0
18.0	 283.449286761	 58.9802816901	 100.057513239	 254.01971831	383.5068	 313.0
18.5	 308.589700282	 6.34084507042	 99.5062997183	 253.65915493	408.096	 260.0
19.0	 239.012913803	 26.7014084507	 98.9550861972	 253.298591549	337.968	 280.0
19.5	 353.615327324	 19.061971831	 98.4038726761	 252.938028169	452.0192	 272.0
20.0	 318.679740845	 56.4225352113	 97.8526591549	 252.577464789	416.5324	 309.0
20.5	 300.718154366	 58.7830985915	 97.3014456338	 252.216901408	398.0196	 311.0
21.0	 343.807767887	 53.1436619718	 96.7502321127	 251.856338028	440.558	 305.0
21.5	 309.743381408	 32.5042253521	 96.1990185915	 251.495774648	405.9424	 284.0
22.0	 297.62779493	 19.8647887324	 95.6478050704	 251.135211268	393.2756	 271.0
22.5	 307.127808451	 28.2253521127	 95.0965915493	 250.774647887	402.2244	 279.0
23.0	 407.319821972	 6.58591549296	 94.5453780282	 250.414084507	501.8652	 257.0
23.5	 333.358235493	 8.94647887324	 93.994164507	 250.053521127	427.3524	 259.0
24.0	 265.909849014	 48.3070422535	 93.4429509859	 249.692957746	359.3528	 298.0
24.5	 433.153062535	 18.6676056338	 92.8917374648	 249.332394366	526.0448	 268.0
25.0	 378.114676056	 33.0281690141	 92.3405239437	 248.971830986	470.4552	 282.0
25.5	 287.050289577	 12.3887323944	 91.7893104225	 248.611267606	378.8396	 261.0
26.0	 280.781103099	 23.7492957746	 91.2380969014	 248.250704225	372.0192	 272.0
26.5	 242.97311662	 2.10985915493	 90.6868833803	 247.890140845	333.66	 250.0
27.0	 291.293530141	 -0.529577464789	 90.1356698592	 247.529577465	381.4292	 247.0
27.5	 260.357543662	 -2.16901408451	 89.584456338	 247.169014085	349.942	 245.0
28.0	 327.831957183	 10.1915492958	 89.0332428169	 246.808450704	416.8652	 257.0
28.5	 293.536770704	 -13.4478873239	 88.4820292958	 246.447887324	382.0188	 233.0
29.0	 334.985984225	 41.9126760563	 87.9308157746	 246.087323944	422.9168	 288.0
29.5	 285.177997746	 20.2732394366	 87.3796022535	 245.726760563	372.5576	 266.0
30.0	 277.318811268	 6.6338028169	 86.8283887324	 245.366197183	364.1472	 252.0
30.5	 229.126424789	 5.99436619718	 86.2771752113	 245.005633803	315.4036	 251.0
31.0	 242.83163831	 21.3549295775	 85.7259616901	 244.645070423	328.5576	 266.0
31.5	 225.613251831	 -14.2845070423	 85.174748169	 244.284507042	310.788	 230.0
32.0	 165.164865352	 25.076056338	 84.6235346479	 243.923943662	249.7884	 269.0
32.5	 172.126078873	 0.43661971831	 84.0723211268	 243.563380282	256.1984	 244.0
33.0	 221.061692394	 -20.2028169014	 83.5211076056	 243.202816901	304.5828	 223.0
33.5	 220.023305915	 -5.84225352113	 82.9698940845	 242.842253521	302.9932	 237.0
34.0	 240.651719437	 21.5183098592	 82.4186805634	 242.481690141	323.0704	 264.0
34.5	 221.844132958	 38.8788732394	 81.8674670423	 242.121126761	303.7116	 281.0
35.0	 215.344146479	 47.2394366197	 81.3162535211	 241.76056338	296.6604	 289.0
35.5	 214.48456	 -5.4	 80.76504	 241.4	295.2496	 236.0
36.0	 176.600573521	 62.9605633803	 80.2138264789	 241.03943662	256.8144	 304.0
36.5	 240.330987042	 35.3211267606	 79.6626129577	 240.678873239	319.9936	 276.0
37.0	 183.625800563	 36.6816901408	 79.1113994366	 240.318309859	262.7372	 277.0
37.5	 200.433414085	 36.0422535211	 78.5601859155	 239.957746479	278.9936	 276.0
38.0	 217.189827606	 43.4028169014	 78.0089723944	 239.597183099	295.1988	 283.0
38.5	 171.202641127	 49.7633802817	 77.4577588732	 239.236619718	248.6604	 289.0
39.0	 189.317454648	 1.12394366197	 76.9065453521	 238.876056338	266.224	 240.0
39.5	 133.612268169	 2.48450704225	 76.355331831	 238.515492958	209.9676	 241.0
40.0	 173.24068169	 29.8450704225	 75.8041183099	 238.154929577	249.0448	 268.0
40.5	 168.868695211	 18.2056338028	 75.2529047887	 237.794366197	244.1216	 256.0
41.0	 176.061108732	 35.5661971831	 74.7016912676	 237.433802817	250.7628	 273.0
41.5	 100.483922254	 16.9267605634	 74.1504777465	 237.073239437	174.6344	 254.0
42.0	 149.496735775	 23.2873239437	 73.5992642254	 236.712676056	223.096	 260.0
42.5	 149.945149296	 0.647887323944	 73.0480507042	 236.352112676	222.9932	 237.0
43.0	 95.5223628169	 36.0084507042	 72.4968371831	 235.991549296	168.0192	 272.0
43.5	 91.150776338	 63.3690140845	 71.945623662	 235.630985915	163.0964	 299.0
44.0	 71.8811898592	 35.7295774648	 71.3944101408	 235.270422535	143.2756	 271.0
44.5	 105.04760338	 18.0901408451	 70.8431966197	 234.909859155	175.8908	 253.0
45.0	 177.522016901	 30.4507042254	 70.2919830986	 234.549295775	247.814	 265.0
45.5	 103.329630423	 29.8112676056	 69.7407695775	 234.188732394	173.0704	 264.0
46.0	 96.5216439437	 8.17183098592	 69.1895560563	 233.828169014	165.7112	 242.0
46.5	 105.457657465	 26.5323943662	 68.6383425352	 233.467605634	174.096	 260.0
47.0	 74.5728709859	 16.8929577465	 68.0871290141	 233.107042254	142.66	 250.0
47.5	 73.252084507	 -2.74647887324	 67.535915493	 232.746478873	140.788	 230.0
48.0	 64.4956980282	 6.61408450704	 66.9847019718	 232.385915493	131.4804	 239.0
48.5	 74.4573115493	 20.9746478873	 66.4334884507	 232.025352113	140.8908	 253.0
49.0	 78.2649250704	 20.3352112676	 65.8822749296	 231.664788732	144.1472	 252.0
49.5	 67.3289385915	 18.6957746479	 65.3310614085	 231.304225352	132.66	 250.0
50.0	 47.0081521127	 -0.943661971831	 64.7798478873	 230.943661972	111.788	 230.0
50.5	 67.1233656338	 -10.5830985915	 64.2286343662	 230.583098592	131.352	 220.0
51.0	 75.9569791549	 23.7774647887	 63.6774208451	 230.222535211	139.6344	 254.0
51.5	 78.8153926761	 -23.861971831	 63.1262073239	 229.861971831	141.9416	 206.0
52.0	 51.5722061972	 22.4985915493	 62.5749938028	 229.501408451	114.1472	 252.0
52.5	 62.8670197183	 23.8591549296	 62.0237802817	 229.14084507	124.8908	 253.0
53.0	 38.2130332394	 17.2197183099	 61.4725667606	 228.78028169	99.6856	 246.0
53.5	 58.0206467606	 16.5802816901	 60.9213532394	 228.41971831	118.942	 245.0
54.0	 30.2898602817	 21.9408450704	 60.3701397183	 228.05915493	90.66	 250.0
54.5	 38.3282738028	 24.3014084507	 59.8189261972	 227.698591549	98.1472	 252.0
55.0	 24.1358873239	 23.661971831	 59.2677126761	 227.338028169	83.4036	 251.0
55.5	 -13.2616991549	 16.0225352113	 58.7164991549	 226.977464789	45.4548	 243.0
56.0	 7.9051143662	 37.3830985915	 58.1652856338	 226.616901408	66.0704	 264.0
56.5	 21.0459278873	 23.7436619718	 57.6140721127	 226.256338028	78.66	 250.0
57.0	 37.7767414085	 35.1042253521	 57.0628585915	 225.895774648	94.8396	 261.0
57.5	 4.14835492958	 24.4647887324	 56.5116450704	 225.535211268	60.66	 250.0
58.0	 55.8023684507	 47.8253521127	 55.9604315493	 225.174647887	111.7628	 273.0
58.5	 -4.80041802817	 33.185915493	 55.4092180282	 224.814084507	50.6088	 258.0
59.0	 65.801995493	 25.5464788732	 54.858004507	 224.453521127	120.66	 250.0
59.5	 5.30160901408	 -5.09295774648	 54.3067909859	 224.092957746	59.6084	 219.0
60.0	 19.7248225352	 15.2676056338	 53.7555774648	 223.732394366	73.4804	 239.0
60.5	 -15.2879639437	 25.6281690141	 53.2043639437	 223.371830986	37.9164	 249.0
61.0	 18.0320495775	 -16.0112676056	 52.6531504225	 223.011267606	70.6852	 207.0
61.5	 -1.05753690141	 6.34929577465	 52.1019369014	 222.650704225	51.0444	 229.0
62.0	 -25.6859233803	 -4.29014084507	 51.5507233803	 222.290140845	25.8648	 218.0
62.5	 -16.1347098592	 -3.92957746479	 50.9995098592	 221.929577465	34.8648	 218.0
63.0	 -14.685896338	 12.4309859155	 50.448296338	 221.569014085	35.7624	 234.0
63.5	 -24.5450828169	 -1.20845070423	 49.8970828169	 221.208450704	25.352	 220.0
64.0	 47.3905307042	 -21.8478873239	 49.3458692958	 220.847887324	96.7364	 199.0
64.5	 -6.26305577465	 10.5126760563	 48.7946557746	 220.487323944	42.5316	 231.0
65.0	 -24.8658422535	 -4.12676056338	 48.2434422535	 220.126760563	23.3776	 216.0
65.5	 -27.5198287324	 -10.7661971831	 47.6922287324	 219.766197183	20.1724	 209.0
66.0	 -34.0710152113	 5.59436619718	 47.1410152113	 219.405633803	13.07	 225.0
66.5	 2.48019830986	 5.95492957746	 46.5898016901	 219.045070423	49.07	 225.0
67.0	 -22.481388169	 8.31549295775	 46.038588169	 218.684507042	23.5572	 227.0
67.5	 -10.6481746479	 3.67605633803	 45.4873746479	 218.323943662	34.8392	 222.0
68.0	 16.9542388732	 -3.96338028169	 44.9361611268	 217.963380282	61.8904	 214.0
68.5	 -15.8277476056	 9.39718309859	 44.3849476056	 217.602816901	28.5572	 227.0
69.0	 -0.020134084507	 8.75774647887	 43.8337340845	 217.242253521	43.8136	 226.0
69.5	 21.7618794366	 12.1183098592	 43.2825205634	 216.881690141	65.0444	 229.0
70.0	 -13.5077070423	 -15.5211267606	 42.7313070423	 216.521126761	29.2236	 201.0
70.5	 -0.674493521127	 -20.1605633803	 42.1800935211	 216.16056338	41.5056	 196.0
Actin association begins: 3.5
Actin association ends: 55.0
Length of actin association: 51.5
Cofilin association begins: 9.0
Cofilin association ends: 26.5
Length of cofilin association: 17.5
Delay between actin and cofilin association: 5.5
Maximum normalized actin intensity: 433.153062535
Maximum normalized cofilin intensity: 163.095774648