Time	 Int488	 Int561	 Back488	 Back561	 Raw488	 Raw561
0.0	 27.8311348617	 -2.03370061873	 174.62368	 208.8	212.9416	 206.0
0.5	 2.09758442408	 -1.99923111672	 174.053644746	 208.752542373	176.9416	 206.0
1.0	 -1.71586915879	 6.02477653032	 173.483609492	 208.705084746	171.1212	 217.0
1.5	 -17.3927700367	 -4.83557871089	 172.913574237	 208.657627119	148.9672	 202.0
2.0	 -6.67979062863	 3.18842893615	 172.343538983	 208.610169492	163.1468	 213.0
2.5	 6.64039297268	 1.04393348952	 171.773503729	 208.562711864	180.916	 210.0
3.0	 -8.04929151919	 6.16265453837	 171.203468475	 208.515254237	160.1212	 217.0
3.5	 -5.69859852668	 -12.6872388479	 170.63343322	 208.46779661	162.7876	 191.0
4.0	 17.380442758	 -7.56851779902	 170.063397966	 208.420338983	193.9928	 198.0
4.5	 -5.85746649177	 -0.270831801526	 169.493362712	 208.372881356	161.4288	 208.0
5.0	 -2.38910974493	 4.84788924732	 168.923327458	 208.325423729	165.634	 215.0
5.5	 19.2744759091	 4.15603709979	 168.353292203	 208.277966102	194.8904	 214.0
6.0	 3.69083473094	 7.09579319999	 167.783256949	 208.230508475	172.8648	 218.0
6.5	 6.22804712306	 15.8461224966	 167.213221695	 208.183050847	175.788	 230.0
7.0	 5.09617307032	 2.08048065718	 166.643186441	 208.13559322	173.6596	 211.0
7.5	 30.0189092302	 2.84127180874	 166.073151186	 208.088135593	207.4032	 212.0
8.0	 46.0581505587	 1.42309801166	 165.503115932	 208.040677966	228.916	 210.0
8.5	 23.1741052167	 10.1734273082	 164.933080678	 207.993220339	196.8392	 222.0
9.0	 20.9620456067	 -5.04485783025	 164.363045424	 207.945762712	193.2236	 201.0
9.5	 9.14046004458	 5.88443641498	 163.793010169	 207.898305085	176.3776	 216.0
10.0	 -18.8278368443	 14.6347657116	 163.222974915	 207.850847458	137.3008	 228.0
10.5	 7.06323133871	 5.95337541901	 162.652939661	 207.803389831	172.3776	 216.0
11.0	 19.1355943461	 0.177271724635	 162.082904407	 207.755932203	188.4288	 208.0
11.5	 -9.68947156062	 0.938062876196	 161.512869153	 207.708474576	148.1724	 209.0
12.0	 12.9052584481	 -3.38539751908	 160.942833898	 207.661016949	178.7108	 203.0
12.5	 17.9752996965	 6.81757507661	 160.372798644	 207.613559322	185.1212	 217.0
13.0	 10.1388957611	 -9.12703171144	 159.80276339	 207.566101695	173.762	 195.0
13.5	 20.6284586298	 5.43387078154	 159.232728136	 207.518644068	187.634	 215.0
14.0	 31.6020422458	 1.11041038626	 158.662692881	 207.471186441	202.1724	 209.0
14.5	 56.7110072766	 1.14487988827	 158.092657627	 207.423728814	236.1724	 209.0
15.0	 25.4649660476	 11.347852484	 157.522622373	 207.376271186	192.5828	 223.0
15.5	 97.8964013044	 -6.04939760319	 156.952587119	 207.328813559	291.7364	 199.0
16.0	 53.1669249732	 11.416791488	 156.382551864	 207.281355932	229.5828	 223.0
16.5	 76.5251642999	 1.28275789632	 155.81251661	 207.233898305	261.1724	 209.0
17.0	 78.6341374475	 20.2015902866	 155.242481356	 207.186440678	263.506	 235.0
17.5	 83.4243995965	 -10.995771142	 154.672446102	 207.138983051	269.5312	 192.0
18.0	 74.1170490564	 4.29145300055	 154.102410847	 207.091525424	256.1468	 213.0
18.5	 56.7269006715	 5.77856580166	 153.532375593	 207.044067797	231.634	 215.0
19.0	 74.5354615384	 11.6236085001	 152.962340339	 206.996610169	255.5828	 223.0
19.5	 95.2679028377	 14.5633646003	 152.392305085	 206.949152542	283.5572	 227.0
20.0	 64.7478927296	 -3.56020713643	 151.822269831	 206.901694915	240.9672	 202.0
20.5	 104.756039022	 23.3481633989	 151.252234576	 206.854237288	295.4804	 239.0
21.0	 62.1680494422	 18.298381354	 150.682199322	 206.806779661	236.2752	 232.0
21.5	 123.760731987	 20.5118158047	 150.112164068	 206.759322034	320.506	 235.0
22.0	 156.039653814	 6.7461739653	 149.542128814	 206.711864407	364.3776	 216.0
22.5	 119.895589909	 16.2228249114	 148.972093559	 206.66440678	314.0444	 229.0
23.0	 145.526053884	 19.8889026612	 148.402058305	 206.616949153	348.7624	 234.0
23.5	 138.751241671	 8.30222577043	 147.832023051	 206.569491525	338.8648	 218.0
24.0	 145.497342758	 11.9683035202	 147.261987797	 206.522033898	347.5828	 223.0
24.5	 174.759414981	 15.6343812699	 146.691952542	 206.474576271	387.3008	 228.0
25.0	 147.964272821	 11.3109208747	 146.121917288	 206.427118644	349.8392	 222.0
25.5	 158.341982155	 14.9769986244	 145.551882034	 206.379661017	363.5572	 227.0
26.0	 233.622922508	 6.29560833185	 144.98184678	 206.33220339	466.634	 215.0
26.5	 145.071846301	 4.87743453476	 144.411811525	 206.284745763	344.1468	 213.0
27.0	 149.489941237	 3.45926073768	 143.841776271	 206.237288136	349.6596	 211.0
27.5	 163.126801078	 8.57798178653	 143.271741017	 206.189830508	367.8648	 218.0
28.0	 215.742729091	 -5.18766005287	 142.701705763	 206.142372881	439.7364	 199.0
28.5	 172.540561925	 28.9839269779	 142.131670508	 206.094915254	379.6856	 246.0
29.0	 180.273588869	 20.3025366853	 141.561635254	 206.047457627	389.7624	 234.0
29.5	 223.652158144	 2.90528659819	 140.9916	 206.0	448.916	 210.0
30.0	 185.850628235	 16.0135457921	 140.421564746	 205.952542373	396.3008	 228.0
30.5	 208.631587115	 10.9637637472	 139.851529492	 205.905084746	427.0956	 221.0
31.0	 202.117669639	 15.3561631465	 139.281494237	 205.857627119	417.5572	 227.0
31.5	 302.428816149	 11.0327027513	 138.711458983	 205.810169492	555.0956	 221.0
32.0	 257.401257413	 18.3303887488	 138.141423729	 205.762711864	492.5316	 231.0
32.5	 252.600587444	 10.3753201057	 137.571388475	 205.715254237	485.352	 220.0
33.0	 237.091321603	 1.69392981318	 137.00135322	 205.66779661	463.4288	 208.0
33.5	 332.914381376	 17.7074756053	 136.431317966	 205.620338983	594.788	 230.0
34.0	 246.709905155	 18.4682667568	 135.861282712	 205.572881356	475.5316	 231.0
34.5	 280.944375391	 11.2395197633	 135.291247458	 205.525423729	522.0956	 221.0
35.0	 272.3633465	 26.5267439059	 134.721212203	 205.477966102	509.7112	 242.0
35.5	 320.379334243	 22.2032835106	 134.151176949	 205.430508475	575.2496	 236.0
36.0	 301.443573388	 38.2168293027	 133.581141695	 205.383050847	548.6088	 258.0
36.5	 327.800068484	 13.55636272	 133.011106441	 205.33559322	584.3264	 224.0
37.0	 283.7411323	 39.7384116058	 132.441071186	 205.288135593	523.096	 260.0
37.5	 311.717905732	 17.2569099718	 131.871035932	 205.240677966	561.0444	 229.0
38.0	 365.079039758	 28.9125258666	 131.301000678	 205.193220339	633.942	 245.0
38.5	 394.638903857	 14.4205623776	 130.730965424	 205.145762712	674.07	 225.0
39.0	 356.855967782	 24.6235349733	 130.160930169	 205.098305085	621.4804	 239.0
39.5	 356.953320489	 17.3947879799	 129.590894915	 205.050847458	621.0444	 229.0
40.0	 295.537040053	 31.9556904728	 129.020859661	 205.003389831	535.9164	 249.0
40.5	 393.762190786	 13.1057970866	 128.450824407	 204.955932203	670.5828	 223.0
41.0	 387.676512554	 7.32969339222	 127.880789153	 204.908474576	661.634	 215.0
41.5	 426.101568179	 26.2485257825	 127.310753898	 204.861016949	713.9676	 241.0
42.0	 464.63818681	 27.7356385836	 126.740718644	 204.813559322	766.4548	 243.0
42.5	 400.521151951	 10.3383884965	 126.17068339	 204.766101695	677.6084	 219.0
43.0	 353.947980745	 32.1625074849	 125.600648136	 204.718644068	612.9164	 249.0
43.5	 408.091508452	 63.4288079175	 125.030612881	 204.671186441	686.8912	 292.0
44.0	 446.497389186	 28.5998382412	 124.460577627	 204.623728814	739.1984	 244.0
44.5	 403.853618103	 32.2659159909	 123.890542373	 204.576271186	679.9164	 249.0
45.0	 418.421622298	 33.7530287921	 123.320507119	 204.528813559	699.4036	 251.0
45.5	 533.706325407	 44.6823230373	 122.750471864	 204.481355932	857.5576	 266.0
46.0	 477.988764633	 48.348400787	 122.18043661	 204.433898305	780.2756	 271.0
46.5	 475.683735852	 47.6565486395	 121.610401356	 204.386440678	776.532	 270.0
47.0	 490.102698845	 44.0594098938	 121.040366102	 204.338983051	795.814	 265.0
47.5	 414.867422704	 33.1990546526	 120.470330847	 204.291525424	691.66	 250.0
48.0	 435.879062045	 20.8860561123	 119.900295593	 204.244067797	720.0188	 233.0
48.5	 400.908443397	 45.6154616989	 119.330260339	 204.196610169	671.3012	 267.0
49.0	 482.223373485	 30.3971765604	 118.760225085	 204.149152542	782.6856	 246.0
49.5	 409.74434274	 14.4525697724	 118.190189831	 204.101694915	682.3264	 224.0
50.0	 434.071204619	 23.202899069	 117.620154576	 204.054237288	715.2496	 236.0
50.5	 424.205167466	 40.6690881601	 117.050119322	 204.006779661	701.096	 260.0
51.0	 488.479429541	 21.0928731243	 116.480084068	 203.959322034	789.0188	 233.0
51.5	 460.902184228	 25.4852725236	 115.910048814	 203.911864407	750.4804	 239.0
52.0	 494.000977933	 53.846286358	 115.340013559	 203.86440678	795.4808	 278.0
52.5	 485.624481219	 37.1753579204	 114.769978305	 203.816949153	783.378	 255.0
53.0	 428.510058648	 32.1255758756	 114.199943051	 203.769491525	704.1728	 248.0
53.5	 473.546384456	 39.4232618731	 113.629907797	 203.722033898	765.6088	 258.0
54.0	 461.818058593	 64.1526674598	 113.059872542	 203.674576271	748.8912	 292.0
54.5	 462.976712495	 32.9553060312	 112.489837288	 203.627118644	749.9164	 249.0
55.0	 419.997961868	 60.589998216	 111.919802034	 203.579661017	690.1732	 287.0
55.5	 452.332665197	 38.1084965821	 111.34976678	 203.53220339	734.1216	 256.0
56.0	 513.590077668	 35.9640011354	 110.779731525	 203.484745763	817.8908	 253.0
56.5	 466.290294284	 29.4615757915	 110.209696271	 203.437288136	752.1984	 244.0
57.0	 450.315892058	 65.0858061214	 109.639661017	 203.389830508	729.6348	 293.0
57.5	 505.688065468	 46.2359127351	 109.069625763	 203.342372881	805.3012	 267.0
58.0	 447.046624261	 52.8072770831	 108.499590508	 203.294915254	723.9936	 276.0
58.5	 488.991144071	 32.5047403977	 107.929555254	 203.247457627	781.1728	 248.0
59.0	 481.192218333	 39.0761047457	 107.35952	 203.2	769.8652	 257.0
59.5	 513.210535951	 37.6579309486	 106.789484746	 203.152542373	813.378	 255.0
60.0	 451.90581852	 34.7871138524	 106.219449492	 203.105084746	728.4036	 251.0
60.5	 462.171964849	 55.8849111913	 105.649414237	 203.057627119	741.968	 280.0
61.0	 466.571465951	 57.3720239924	 105.079378983	 203.010169492	747.4552	 282.0
61.5	 550.065651516	 70.4802831863	 104.509343729	 202.962711864	861.84	 300.0
62.0	 600.0	 78.5042908334	 103.939308475	 202.915254237	930.0196	 311.0
62.5	 527.241771213	 77.8124386858	 103.36927322	 202.86779661	829.276	 310.0
63.0	 512.235410482	 75.6679432392	 102.799237966	 202.820338983	808.0452	 307.0
63.5	 533.079414786	 61.1759797503	 102.229202712	 202.772881356	836.1732	 287.0
64.0	 458.849948866	 63.3894142009	 101.659167458	 202.725423729	733.404	 290.0
64.5	 497.40516133	 61.9712404038	 101.089132203	 202.677966102	785.9168	 288.0
65.0	 485.657951105	 61.2793882563	 100.519096949	 202.630508475	769.1732	 287.0
65.5	 532.463596451	 75.8402907493	 99.9490616949	 202.583050847	833.0452	 307.0
66.0	 499.056893579	 54.8114324144	 99.3790264407	 202.53559322	786.4808	 278.0
66.5	 483.957563677	 67.1933699587	 98.8089911864	 202.488135593	765.122	 295.0
67.0	 457.255390687	 48.3434765725	 98.2389559322	 202.440677966	727.7884	 269.0
67.5	 449.437871115	 57.8201275186	 97.668920678	 202.393220339	716.4552	 282.0
68.0	 507.640955786	 50.5913805251	 97.0988854237	 202.345762712	796.0192	 272.0
68.5	 430.748213641	 43.3626335317	 96.5288501695	 202.298305085	689.5832	 262.0
69.0	 421.776133174	 63.0077875715	 95.9588149153	 202.250847458	676.6604	 289.0
69.5	 513.837137331	 71.0317952185	 95.388779661	 202.203389831	802.84	 300.0
70.0	 415.2480054	 77.6031595665	 94.8187444068	 202.155932203	666.5324	 309.0
70.5	 424.023739704	 47.858441437	 94.2487091525	 202.108474576	678.0448	 268.0
71.0	 393.932259369	 47.892910939	 93.6786738983	 202.061016949	636.0448	 268.0
71.5	 389.299224437	 42.1168072446	 93.1086386441	 202.013559322	629.096	 260.0
72.0	 348.685377101	 40.6986334476	 92.5386033898	 201.966101695	572.6088	 258.0
72.5	 344.871923518	 48.7226410946	 91.9685681356	 201.918644068	566.7884	 269.0
73.0	 350.630808219	 36.4096425543	 91.3985328814	 201.871186441	574.1472	 252.0
73.5	 360.356571241	 28.4545739113	 90.8284976271	 201.823728814	586.9676	 241.0
74.0	 350.881585664	 41.5628331052	 90.2584623729	 201.776271186	573.3524	 259.0
74.5	 371.837443503	 37.9656943594	 89.6884271186	 201.728813559	601.6344	 254.0
75.0	 400.186965205	 42.3580937587	 89.1183918644	 201.681355932	640.096	 260.0
75.5	 317.24163949	 44.5715282094	 88.5483566102	 201.633898305	525.3268	 263.0
76.0	 286.237608635	 45.332319361	 87.9783213559	 201.586440678	482.0704	 264.0
76.5	 297.229786085	 38.1035723675	 87.4082861017	 201.538983051	496.6344	 254.0
77.0	 369.996491415	 25.0642521776	 86.8382508475	 201.491525424	596.2496	 236.0
77.5	 334.243479086	 30.1829732265	 86.2682155932	 201.444067797	546.4548	 243.0
78.0	 328.511664763	 25.8595128312	 85.698180339	 201.396610169	537.9932	 237.0
78.5	 314.679039817	 67.2943163575	 85.1281450847	 201.349152542	518.3784	 294.0
79.0	 322.765640141	 31.7390250316	 84.5581098305	 201.301694915	528.942	 245.0
79.5	 338.525973956	 73.9001502074	 83.9880745763	 201.254237288	550.0708	 303.0
80.0	 329.571906266	 33.9869289843	 83.418039322	 201.206779661	537.1728	 248.0
80.5	 322.908947588	 33.2950768367	 82.8480040678	 201.159322034	527.4292	 247.0
81.0	 326.731168242	 39.8664411847	 82.2779688136	 201.111864407	532.1216	 256.0
81.5	 315.375009593	 34.8166591399	 81.7079335593	 201.06440678	515.9164	 249.0
82.0	 325.044991112	 35.5774502914	 81.1378983051	 201.016949153	528.66	 250.0
82.5	 269.886116951	 37.0645630925	 80.5678630508	 200.969491525	452.1472	 252.0
83.0	 314.102861409	 30.5621377486	 79.9978277966	 200.922033898	512.4548	 243.0
83.5	 259.614527395	 40.7651103443	 79.4277925424	 200.874576271	436.8652	 257.0
84.0	 196.55908426	 27.7257901544	 78.8577572881	 200.827118644	349.4804	 239.0
84.5	 218.483274121	 14.6864699646	 78.2877220339	 200.779661017	379.0956	 221.0
85.0	 256.331049299	 38.6895539017	 77.7176867797	 200.73220339	430.6344	 254.0
85.5	 226.313944301	 27.1028770109	 77.1476515254	 200.684745763	388.7368	 238.0
86.0	 252.484501055	 31.4952764102	 76.5776162712	 200.637288136	424.1984	 244.0
86.5	 213.453744386	 38.0666407582	 76.0075810169	 200.589830508	369.8908	 253.0
87.0	 216.195779484	 43.185361807	 75.4375457627	 200.542372881	373.096	 260.0
87.5	 197.781227044	 34.5039715145	 74.8675105085	 200.494915254	347.1728	 248.0
88.0	 131.262101227	 51.9701606056	 74.2974752542	 200.447457627	255.0192	 272.0
88.5	 151.137482979	 18.5938342284	 73.72744	 200.4	281.8136	 226.0
89.0	 132.536992198	 38.9653099178	 73.1574047458	 200.352542373	255.6344	 254.0
89.5	 125.222087207	 26.6523113775	 72.5873694915	 200.305084746	244.9932	 237.0
90.0	 139.808685236	 25.2341375804	 72.0173342373	 200.257627119	264.506	 235.0
90.5	 111.449336771	 38.3423967743	 71.4472989831	 200.210169492	224.8908	 253.0
91.0	 163.003673062	 20.2188250376	 70.8772637288	 200.162711864	295.3008	 228.0
91.5	 123.768093688	 30.4217976333	 70.3072284746	 200.115254237	240.7112	 242.0
92.0	 131.743131006	 12.2982258966	 69.7371932203	 200.06779661	251.1212	 217.0
92.5	 118.636537181	 25.4064850905	 69.1671579661	 200.020338983	232.506	 235.0
93.0	 90.984626003	 13.0934865502	 68.5971227119	 199.972881356	193.8648	 218.0
93.5	 82.9994713938	 20.3911725477	 68.0270874576	 199.925423729	182.3008	 228.0
94.0	 78.3478426273	 17.5203554515	 67.4570522034	 199.877966102	175.3264	 224.0
94.5	 68.034681867	 19.7337899021	 66.8870169492	 199.830508475	160.5572	 227.0
95.0	 50.9981068611	 -5.65299833004	 66.3169816949	 199.783050847	136.5312	 192.0
95.5	 79.794752171	 13.9921557098	 65.7469464407	 199.73559322	175.6084	 219.0
96.0	 35.4002553845	 7.48973036585	 65.1769111864	 199.688135593	113.916	 210.0
96.5	 61.0679070282	 5.34523491922	 64.6068759322	 199.640677966	148.6852	 207.0
97.0	 75.8035462601	 9.01131266897	 64.036840678	 199.593220339	168.4032	 212.0
97.5	 91.8427875887	 7.59313887189	 63.4668054237	 199.545762712	189.916	 210.0
98.0	 83.4291032062	 -3.26721636932	 62.8967701695	 199.498305085	177.762	 195.0
98.5	 62.6868351443	 11.2936861237	 62.3267349153	 199.450847458	148.634	 215.0
99.0	 37.3257424487	 9.87551232657	 61.756699661	 199.403389831	113.1468	 213.0
99.5	 46.6418600603	 9.18366017903	 61.1866644068	 199.355932203	125.4032	 212.0
100.0	 28.3763488234	 5.5865214333	 60.6166291525	 199.308474576	99.6852	 207.0
100.5	 23.5942726887	 -5.27383380791	 60.0465938983	 199.261016949	92.5312	 192.0
101.0	 56.1340892517	 -3.06039935725	 59.4765586441	 199.213559322	136.762	 195.0
101.5	 49.936848015	 8.59521653753	 58.9065233898	 199.166101695	127.6596	 211.0
102.0	 14.3328768887	 18.7981891332	 58.3364881356	 199.118644068	78.07	 225.0
102.5	 31.7129079824	 6.48519059292	 57.7664528814	 199.071186441	101.4288	 208.0
103.0	 52.6315781526	 8.69862504357	 57.1964176271	 199.023728814	129.6596	 211.0
103.5	 13.6380091522	 9.45941619513	 56.6263823729	 198.976271186	75.4032	 212.0
104.0	 29.9006670202	 1.50434755212	 56.0563471186	 198.928813559	97.2236	 201.0
104.5	 3.16159689094	 16.7915716946	 55.4863118644	 198.881355932	59.8392	 222.0
105.0	 32.4422629481	 17.5523628462	 54.9162766102	 198.833898305	99.5828	 223.0
105.5	 5.12562184315	 9.59729420318	 54.3462413559	 198.786440678	61.4032	 212.0
106.0	 10.4376734652	 10.3580853547	 53.7762061017	 198.738983051	68.1468	 213.0
106.5	 4.68726530732	 8.93991155766	 53.2061708475	 198.691525424	59.6596	 211.0
107.0	 23.7808344366	 12.6059893074	 52.6361355932	 198.644067797	85.3776	 216.0
107.5	 -1.67351795893	 -2.61229583109	 52.066100339	 198.596610169	49.762	 195.0
108.0	 21.2564821232	 -2.57782632907	 51.4960650847	 198.549152542	80.762	 195.0
108.5	 6.62257913404	 -6.1749650748	 50.9260298305	 198.501694915	60.044	 190.0
109.0	 5.69581831513	 4.75432917043	 50.3559945763	 198.454237288	58.198	 205.0
109.5	 -0.967140363251	 4.0624770229	 49.785959322	 198.406779661	48.4544	 204.0
110.0	 2.55699788627	 0.465338277168	 49.2159240678	 198.359322034	52.7364	 199.0
110.5	 24.5930412822	 -1.67915716946	 48.6458888136	 198.311864407	82.5056	 196.0
111.0	 16.1421692313	 -6.72893921429	 48.0758535593	 198.26440678	70.3004	 189.0
111.5	 6.48095478354	 7.10564162914	 47.5058183051	 198.216949153	56.4288	 208.0
112.0	 -10.5367358595	 7.14011113115	 46.9357830508	 198.169491525	32.4288	 208.0
112.5	 0.827899332607	 -1.54127916141	 46.3657477966	 198.122033898	47.5056	 196.0
113.0	 2.32211383597	 -0.0541663603053	 45.7957125424	 198.074576271	48.9928	 198.0
113.5	 -6.25891505453	 15.2330577822	 45.2256772881	 198.027118644	36.6084	 219.0
114.0	 2.40525624451	 2.92005924191	 44.6556420339	 197.979661017	47.9672	 202.0
114.5	 -12.3776879472	 -5.76133105065	 44.0856067797	 197.93220339	27.044	 190.0
115.0	 -9.22600743952	 -7.90582649729	 43.5155715254	 197.884745763	30.8132	 187.0
115.5	 -4.9194755091	 8.10771929479	 42.9455362712	 197.837288136	36.1724	 209.0
116.0	 -13.2027125233	 5.23690219861	 42.3755010169	 197.789830508	24.198	 205.0
116.5	 -1.83807733123	 -3.44448809396	 41.8054657627	 197.742372881	39.2748	 193.0
117.0	 -0.343862827862	 -1.95737529285	 41.2354305085	 197.694915254	40.762	 195.0
117.5	 14.0936939991	 -8.45980063677	 40.6653952542	 197.647457627	60.0696	 186.0
Actin association begins: 12.0
Actin association ends: 107.0
Length of actin association: 95.0
Area under actin curve during patch life: 51357.4554476
Cofilin association begins: 28.5
Cofilin association ends: 94.5
Length of cofilin association: 66.0
Delay between actin and cofilin association: 16.5
Area under cofilin curve during patch life: 4874.31504483
Cofilin intensity score: 242.280716949