Time	 Int488	 Int561	 Back488	 Back561	 Raw488	 Raw561
0.0	 4.21	 -25.0	 82.478	 505.0	86.688	 480.0
0.5	 11.865882	 4.745	 82.386518	 504.255	94.2524	 509.0
1.0	 -15.401436	 22.49	 82.295036	 503.51	66.8936	 526.0
1.5	 0.741246	 15.235	 82.203554	 502.765	82.9448	 518.0
2.0	 -0.500872	 -10.02	 82.112072	 502.02	81.6112	 492.0
2.5	 -10.71659	 38.725	 82.02059	 501.275	71.304	 540.0
3.0	 -37.522708	 23.47	 81.929108	 500.53	44.4064	 524.0
3.5	 -48.123226	 54.215	 81.837626	 499.785	33.7144	 554.0
4.0	 -21.135344	 -46.04	 81.746144	 499.04	60.6108	 453.0
4.5	 -16.248262	 25.705	 81.654662	 498.295	65.4064	 524.0
5.0	 -31.90078	 -13.55	 81.56318	 497.55	49.6624	 484.0
5.5	 -17.039698	 23.195	 81.471698	 496.805	64.432	 520.0
6.0	 -19.769016	 -4.06	 81.380216	 496.06	61.6112	 492.0
6.5	 -25.907534	 71.685	 81.288734	 495.315	55.3812	 567.0
7.0	 41.927148	 34.43	 81.197252	 494.57	123.1244	 529.0
7.5	 -28.67337	 65.175	 81.10577	 493.825	52.4324	 559.0
8.0	 -50.531088	 18.92	 81.014288	 493.08	30.4832	 512.0
8.5	 30.585594	 -23.335	 80.922806	 492.335	111.5084	 469.0
9.0	 7.113476	 26.41	 80.831324	 491.59	87.9448	 518.0
9.5	 27.281758	 15.155	 80.739842	 490.845	108.0216	 506.0
10.0	 -5.75516	 -3.1	 80.64836	 490.1	74.8932	 487.0
10.5	 19.259522	 9.645	 80.556878	 489.355	99.8164	 499.0
11.0	 12.992604	 66.39	 80.465396	 488.61	93.458	 555.0
11.5	 -20.865514	 -18.865	 80.373914	 487.865	59.5084	 469.0
12.0	 29.841168	 -36.12	 80.282432	 487.12	110.1236	 451.0
12.5	 26.88225	 50.625	 80.19095	 486.375	107.0732	 537.0
13.0	 45.126932	 -11.63	 80.099468	 485.63	125.2264	 474.0
13.5	 72.090414	 9.115	 80.007986	 484.885	152.0984	 494.0
14.0	 61.079096	 -13.14	 79.916504	 484.14	140.9956	 471.0
14.5	 73.529378	 -29.395	 79.825022	 483.395	153.3544	 454.0
15.0	 92.82606	 -21.65	 79.73354	 482.65	172.5596	 461.0
15.5	 142.584742	 31.095	 79.642058	 481.905	222.2268	 513.0
16.0	 95.239824	 -17.16	 79.550576	 481.16	174.7904	 464.0
16.5	 162.793306	 28.585	 79.459094	 480.415	242.2524	 509.0
17.0	 183.166388	 -14.67	 79.367612	 479.67	262.534	 465.0
17.5	 184.61747	 47.075	 79.27613	 478.925	263.8936	 526.0
18.0	 167.272552	 -1.18	 79.184648	 478.18	246.4572	 477.0
18.5	 261.467234	 61.565	 79.093166	 477.435	340.5604	 539.0
19.0	 197.225116	 36.31	 79.001684	 476.69	276.2268	 513.0
19.5	 265.520998	 -33.945	 78.910202	 475.945	344.4312	 442.0
20.0	 319.56168	 13.8	 78.81872	 475.2	398.3804	 489.0
20.5	 249.654362	 131.545	 78.727238	 474.455	328.3816	 606.0
21.0	 286.950644	 100.29	 78.635756	 473.71	365.5864	 574.0
21.5	 292.349726	 92.035	 78.544274	 472.965	370.894	 565.0
22.0	 298.647608	 216.78	 78.452792	 472.22	377.1004	 689.0
22.5	 336.81549	 166.525	 78.36131	 471.475	415.1768	 638.0
23.0	 313.213772	 80.27	 78.269828	 470.73	391.4836	 551.0
23.5	 326.280054	 124.015	 78.178346	 469.985	404.4584	 594.0
24.0	 349.345536	 89.76	 78.086864	 469.24	427.4324	 559.0
24.5	 364.284218	 192.505	 77.995382	 468.495	442.2796	 661.0
25.0	 415.1697	 108.25	 77.9039	 467.75	493.0736	 576.0
25.5	 381.697182	 118.995	 77.812418	 467.005	459.5096	 586.0
26.0	 354.019464	 122.74	 77.720936	 466.26	431.7404	 589.0
26.5	 443.495746	 141.485	 77.629454	 465.515	521.1252	 607.0
27.0	 385.689628	 126.23	 77.537972	 464.77	463.2276	 591.0
27.5	 336.75591	 169.975	 77.44649	 464.025	414.2024	 634.0
28.0	 356.256992	 106.72	 77.355008	 463.28	433.612	 570.0
28.5	 428.348474	 107.465	 77.263526	 462.535	505.612	 570.0
29.0	 506.697156	 185.21	 77.172044	 461.79	583.8692	 647.0
29.5	 539.686638	 240.955	 77.080562	 461.045	616.7672	 702.0
30.0	 536.18852	 255.7	 76.98908	 460.3	613.1776	 716.0
30.5	 565.638802	 239.445	 76.897598	 459.555	642.5364	 699.0
31.0	 549.219084	 398.19	 76.806116	 458.81	626.0252	 857.0
31.5	 578.592166	 354.935	 76.714634	 458.065	655.3068	 813.0
32.0	 488.632848	 402.68	 76.623152	 457.32	565.256	 860.0
32.5	 549.36393	 264.425	 76.53167	 456.575	625.8956	 721.0
33.0	 521.686212	 268.17	 76.440188	 455.83	598.1264	 724.0
33.5	 441.650494	 366.915	 76.348706	 455.085	517.9992	 822.0
34.0	 478.844376	 351.66	 76.257224	 454.34	555.1016	 806.0
34.5	 546.730258	 306.405	 76.165742	 453.595	622.896	 760.0
35.0	 480.07974	 462.15	 76.07426	 452.85	556.154	 915.0
35.5	 564.094422	 474.895	 75.982778	 452.105	640.0772	 927.0
36.0	 544.699104	 512.64	 75.891296	 451.36	620.5904	 964.0
36.5	 595.353786	 425.385	 75.799814	 450.615	671.1536	 876.0
37.0	 622.676068	 429.13	 75.708332	 449.87	698.3844	 879.0
37.5	 578.97395	 553.875	 75.61685	 449.125	654.5908	 1003.0
38.0	 485.295832	 518.62	 75.525368	 448.38	560.8212	 967.0
38.5	 464.414914	 710.365	 75.433886	 447.635	539.8488	 1158.0
39.0	 507.607596	 578.11	 75.342404	 446.89	582.95	 1025.0
39.5	 553.494278	 610.855	 75.250922	 446.145	628.7452	 1057.0
40.0	 440.07376	 691.6	 75.15944	 445.4	515.2332	 1137.0
40.5	 359.549242	 632.345	 75.067958	 444.655	434.6172	 1077.0
41.0	 407.409924	 630.09	 74.976476	 443.91	482.3864	 1074.0
41.5	 410.962606	 597.835	 74.884994	 443.165	485.8476	 1041.0
42.0	 396.361688	 589.58	 74.793512	 442.42	471.1552	 1032.0
42.5	 298.83797	 608.325	 74.70203	 441.675	373.54	 1050.0
43.0	 310.236652	 561.07	 74.610548	 440.93	384.8472	 1002.0
43.5	 337.020934	 609.815	 74.519066	 440.185	411.54	 1050.0
44.0	 400.318016	 656.56	 74.427584	 439.44	474.7456	 1096.0
44.5	 266.896298	 620.305	 74.336102	 438.695	341.2324	 1059.0
45.0	 264.65458	 634.05	 74.24462	 437.95	338.8992	 1072.0
45.5	 257.924062	 489.795	 74.153138	 437.205	332.0772	 927.0
46.0	 222.118344	 513.54	 74.061656	 436.46	296.18	 950.0
46.5	 248.542626	 462.285	 73.970174	 435.715	322.5128	 898.0
47.0	 188.711708	 529.03	 73.878692	 434.97	262.5904	 964.0
47.5	 266.51999	 417.775	 73.78721	 434.225	340.3072	 852.0
48.0	 201.919072	 409.52	 73.695728	 433.48	275.6148	 843.0
48.5	 87.703354	 458.265	 73.604246	 432.735	161.3076	 891.0
49.0	 261.691236	 358.01	 73.512764	 431.99	335.204	 790.0
49.5	 162.218718	 368.755	 73.421282	 431.245	235.64	 800.0
50.0	 142.4378	 310.5	 73.3298	 430.5	215.7676	 741.0
50.5	 175.067282	 266.245	 73.238318	 429.755	248.3056	 696.0
51.0	 93.159164	 305.99	 73.146836	 429.01	166.306	 735.0
51.5	 51.249446	 189.735	 73.055354	 428.265	124.3048	 618.0
52.0	 72.981328	 129.48	 72.963872	 427.52	145.9452	 557.0
52.5	 59.94441	 111.225	 72.87239	 426.775	132.8168	 538.0
53.0	 51.523492	 152.97	 72.780908	 426.03	124.3044	 579.0
53.5	 25.665774	 106.715	 72.689426	 425.285	98.3552	 532.0
54.0	 21.910456	 44.46	 72.597944	 424.54	94.5084	 469.0
54.5	 50.155938	 60.205	 72.506462	 423.795	122.6624	 484.0
55.0	 36.83702	 46.95	 72.41498	 423.05	109.252	 470.0
55.5	 15.928502	 47.695	 72.323498	 422.305	88.252	 470.0
56.0	 15.609184	 -4.56	 72.232016	 421.56	87.8412	 417.0
56.5	 10.752266	 27.185	 72.140534	 420.815	82.8928	 448.0
57.0	 77.946548	 50.93	 72.049052	 420.07	149.9956	 471.0
57.5	 -24.88517	 39.675	 71.95757	 419.325	47.0724	 459.0
58.0	 -29.024888	 -1.58	 71.866088	 418.58	42.8412	 417.0
58.5	 6.451394	 17.165	 71.774606	 417.835	78.226	 435.0
59.0	 31.491676	 25.91	 71.683124	 417.09	103.1748	 443.0
59.5	 -9.802042	 -30.345	 71.591642	 416.345	61.7896	 386.0
60.0	 -8.58216	 -10.6	 71.50016	 415.6	62.918	 405.0
60.5	 4.072922	 -58.855	 71.408678	 414.855	75.4816	 356.0
61.0	 -4.681596	 -43.11	 71.317196	 414.11	66.6356	 371.0
61.5	 -15.999714	 21.635	 71.225714	 413.365	55.226	 435.0
62.0	 -32.369832	 16.38	 71.134232	 412.62	38.7644	 429.0
62.5	 -41.07355	 -14.875	 71.04275	 411.875	29.9692	 397.0
63.0	 -26.058868	 -2.13	 70.951268	 411.13	44.8924	 409.0
63.5	 -22.634586	 -53.385	 70.859786	 410.385	48.2252	 357.0
64.0	 -23.004304	 -19.64	 70.768304	 409.64	47.764	 390.0
64.5	 -25.092022	 9.105	 70.676822	 408.895	45.5848	 418.0
65.0	 -35.61614	 -11.15	 70.58534	 408.15	34.9692	 397.0
65.5	 -22.781058	 -9.405	 70.493858	 407.405	47.7128	 398.0
66.0	 -1.253976	 -37.66	 70.402376	 406.66	69.1484	 369.0
66.5	 -27.725694	 51.085	 70.310894	 405.915	42.5852	 457.0
67.0	 -29.173412	 -20.17	 70.219412	 405.17	41.046	 385.0
67.5	 -9.38993	 -49.425	 70.12793	 404.425	60.738	 355.0
68.0	 -19.195648	 -25.68	 70.036448	 403.68	50.8408	 378.0
68.5	 -36.129766	 -20.935	 69.944966	 402.935	33.8152	 382.0
69.0	 -17.756284	 -25.19	 69.853484	 402.19	52.0972	 377.0
69.5	 24.899598	 4.555	 69.762002	 401.445	94.6616	 406.0
70.0	 -33.29092	 10.3	 69.67052	 400.7	36.3796	 411.0
70.5	 -15.045838	 -12.955	 69.579038	 399.955	54.5332	 387.0
71.0	 23.533244	 28.79	 69.487556	 399.21	93.0208	 428.0
71.5	 -25.683274	 -0.465	 69.396074	 398.465	43.7128	 398.0
72.0	 -15.412192	 11.28	 69.304592	 397.72	53.8924	 409.0
72.5	 16.14089	 18.025	 69.21311	 396.975	85.354	 415.0
73.0	 -25.254828	 16.77	 69.121628	 396.23	43.8668	 413.0
73.5	 -26.522946	 -43.485	 69.030146	 395.485	42.5072	 352.0
74.0	 4.235736	 9.26	 68.938664	 394.74	73.1744	 404.0
74.5	 43.608818	 -33.995	 68.847182	 393.995	112.456	 360.0
75.0	 -24.2477	 36.75	 68.7557	 393.25	44.508	 430.0
75.5	 11.278982	 -30.505	 68.664218	 392.505	79.9432	 362.0
76.0	 -42.962336	 22.24	 68.572736	 391.76	25.6104	 414.0
76.5	 -8.383654	 24.985	 68.481254	 391.015	60.0976	 416.0
77.0	 27.015028	 -22.27	 68.389772	 390.27	95.4048	 368.0
77.5	 -8.30349	 3.475	 68.29829	 389.525	59.9948	 393.0
78.0	 -12.878408	 30.22	 68.206808	 388.78	55.3284	 419.0
78.5	 -23.222926	 20.965	 68.115326	 388.035	44.8924	 409.0
79.0	 41.970556	 -33.29	 68.023844	 387.29	109.9944	 354.0
79.5	 1.062038	 -32.545	 67.932362	 386.545	68.9944	 354.0
Actin association begins: 12.0
Actin association ends: 57.0
Length of actin association: 45.0
Cofilin association begins: 20.0
Cofilin association ends: 55.5
Length of cofilin association: 35.5
Delay between actin and cofilin association: 8.0
Maximum normalized actin intensity: 622.676068
Maximum normalized cofilin intensity: 710.365