Time	 Int488	 Int561	 Back488	 Back561	 Raw488	 Raw561
0.0	 7.42568	 3.8	 91.41472	 335.2	98.8404	 339.0
0.5	 -15.7275344724	 -4.96281407035	 91.8755344724	 334.96281407	76.148	 330.0
1.0	 -23.1623489447	 30.2743718593	 92.3363489447	 334.725628141	69.174	 365.0
1.5	 11.7352365829	 -25.4884422111	 92.7971634171	 334.488442211	104.5324	 309.0
2.0	 15.1208221106	 -1.25125628141	 93.2579778894	 334.251256281	108.3788	 333.0
2.5	 22.4548076382	 -8.01407035176	 93.7187923618	 334.014070352	116.1736	 326.0
3.0	 -0.544806834171	 -40.7768844221	 94.1796068342	 333.776884422	93.6348	 293.0
3.5	 -15.9540213065	 -9.53969849246	 94.6404213065	 333.539698492	78.6864	 324.0
4.0	 -17.4920357789	 -36.3025125628	 95.1012357789	 333.302512563	77.6092	 297.0
4.5	 8.94474974874	 -20.0653266332	 95.5620502513	 333.065326633	104.5068	 313.0
5.0	 -9.77206472362	 20.1718592965	 96.0228647236	 332.828140704	86.2508	 353.0
5.5	 -10.643279196	 6.40904522613	 96.483679196	 332.590954774	85.8404	 339.0
6.0	 -8.23249366834	 -12.3537688442	 96.9444936683	 332.353768844	88.712	 320.0
6.5	 8.3574918593	 -59.1165829146	 97.4053081407	 332.116582915	105.7628	 273.0
7.0	 -7.82092261307	 -24.8793969849	 97.8661226131	 331.879396985	90.0452	 307.0
7.5	 -14.7945370854	 -22.6422110553	 98.3269370854	 331.642211055	83.5324	 309.0
8.0	 7.51384844221	 -25.4050251256	 98.7877515578	 331.405025126	106.3016	 306.0
8.5	 -14.6133660302	 0.83216080402	 99.2485660302	 331.167839196	84.6352	 332.0
9.0	 57.1306194975	 -30.9306532663	 99.7093805025	 330.930653266	156.84	 300.0
9.5	 -0.0993949748744	 -27.6934673367	 100.170194975	 330.693467337	100.0708	 303.0
10.0	 21.0041905528	 1.54371859296	 100.631009447	 330.456281407	121.6352	 332.0
10.5	 7.0813760804	 -43.2190954774	 101.09182392	 330.219095477	108.1732	 287.0
11.0	 32.415761608	 -10.9819095477	 101.552638392	 329.981909548	133.9684	 319.0
11.5	 -20.7886528643	 -11.7447236181	 102.013452864	 329.744723618	81.2248	 318.0
12.0	 22.6993326633	 -3.50753768844	 102.474267337	 329.507537688	125.1736	 326.0
12.5	 31.315318191	 -15.2703517588	 102.935081809	 329.270351759	134.2504	 314.0
13.0	 31.4185037186	 -25.0331658291	 103.395896281	 329.033165829	134.8144	 304.0
13.5	 -14.1447107538	 -8.7959798995	 103.856710754	 328.795979899	89.712	 320.0
14.0	 -12.5799252261	 -12.5587939698	 104.317525226	 328.55879397	91.7376	 316.0
14.5	 -2.32273969849	 -7.3216080402	 104.778339698	 328.32160804	102.4556	 321.0
15.0	 -24.5015541709	 -12.0844221106	 105.239154171	 328.084422111	80.7376	 316.0
15.5	 36.8836313568	 -26.8472361809	 105.699968643	 327.847236181	142.5836	 301.0
16.0	 2.29441688442	 -45.6100502513	 106.160783116	 327.610050251	108.4552	 282.0
16.5	 77.5772024121	 -44.3728643216	 106.621597588	 327.372864322	184.1988	 283.0
17.0	 -1.1656120603	 -39.135678392	 107.08241206	 327.135678392	105.9168	 288.0
17.5	 17.4763734673	 -15.8984924623	 107.543226533	 326.898492462	125.0196	 311.0
18.0	 31.349158995	 10.3386934673	 108.004041005	 326.661306533	139.3532	 337.0
18.5	 -5.31765547739	 -74.424120603	 108.464855477	 326.424120603	103.1472	 252.0
19.0	 12.3499300503	 -55.1869346734	 108.92566995	 326.186934673	121.2756	 271.0
19.5	 -25.9312844221	 -43.9497487437	 109.386484422	 325.949748744	83.4552	 282.0
20.0	 -11.9560988945	 -33.7125628141	 109.847298894	 325.712562814	97.8912	 292.0
20.5	 19.0958866332	 -35.4753768844	 110.308113367	 325.475376884	129.404	 290.0
21.0	 17.4038721608	 -77.2381909548	 110.768927839	 325.238190955	128.1728	 248.0
21.5	 -14.2105423116	 -53.0010050251	 111.229742312	 325.001005025	97.0192	 272.0
22.0	 31.4570432161	 -33.7638190955	 111.690556784	 324.763819095	143.1476	 291.0
22.5	 68.4318287437	 -62.5266331658	 112.151371256	 324.526633166	180.5832	 262.0
23.0	 37.8942142714	 -50.2894472362	 112.612185729	 324.289447236	150.5064	 274.0
23.5	 31.920599799	 -48.0522613065	 113.073000201	 324.052261307	144.9936	 276.0
24.0	 108.818585327	 -64.8150753769	 113.533814673	 323.815075377	222.3524	 259.0
24.5	 128.640570854	 8.42211055276	 113.994629146	 323.577889447	242.6352	 332.0
25.0	 50.0765563819	 -53.3407035176	 114.455443618	 323.340703518	164.532	 270.0
25.5	 147.87214191	 -54.1035175879	 114.91625809	 323.103517588	262.7884	 269.0
26.0	 127.257327437	 -68.8663316583	 115.377072563	 322.866331658	242.6344	 254.0
26.5	 146.976112965	 -57.6291457286	 115.837887035	 322.629145729	262.814	 265.0
27.0	 125.233698492	 -13.391959799	 116.298701508	 322.391959799	241.5324	 309.0
27.5	 213.20848402	 -42.1547738693	 116.75951598	 322.154773869	329.968	 280.0
28.0	 264.876069548	 -22.9175879397	 117.220330452	 321.91758794	382.0964	 299.0
28.5	 259.082055075	 -9.68040201005	 117.681144925	 321.68040201	376.7632	 312.0
29.0	 235.236440603	 -27.4432160804	 118.141959397	 321.44321608	353.3784	 294.0
29.5	 277.134426131	 -44.2060301508	 118.602773869	 321.206030151	395.7372	 277.0
30.0	 325.032811658	 -21.9688442211	 119.063588342	 320.968844221	444.0964	 299.0
30.5	 322.931197186	 0.268341708543	 119.524402814	 320.731658291	442.4556	 321.0
31.0	 447.803182714	 -51.4944723618	 119.985217286	 320.494472362	567.7884	 269.0
31.5	 375.086368241	 -11.2572864322	 120.446031759	 320.257286432	495.5324	 309.0
32.0	 303.189553769	 -21.0201005025	 120.906846231	 320.020100503	424.0964	 299.0
32.5	 326.266739296	 -65.7829145729	 121.367660704	 319.782914573	447.6344	 254.0
33.0	 405.447524824	 -9.54572864322	 121.828475176	 319.545728643	527.276	 310.0
33.5	 348.422710352	 0.691457286432	 122.289289648	 319.308542714	470.712	 320.0
34.0	 441.320695879	 -16.0713567839	 122.750104121	 319.071356784	564.0708	 303.0
34.5	 393.295481407	 -44.8341708543	 123.210918593	 318.834170854	516.5064	 274.0
35.0	 445.911466935	 -56.5969849246	 123.671733065	 318.596984925	569.5832	 262.0
35.5	 586.066252462	 -35.359798995	 124.132547538	 318.359798995	710.1988	 283.0
36.0	 509.96463799	 -13.1226130653	 124.59336201	 318.122613065	634.558	 305.0
36.5	 396.119023518	 -30.8854271357	 125.054176482	 317.885427136	521.1732	 287.0
37.0	 374.812209045	 -15.648241206	 125.514990955	 317.648241206	500.3272	 302.0
37.5	 471.658994573	 -24.4110552764	 125.975805427	 317.411055276	597.6348	 293.0
38.0	 424.942180101	 15.8261306533	 126.436619899	 317.173869347	551.3788	 333.0
38.5	 439.275765628	 -29.9366834171	 126.897434372	 316.936683417	566.1732	 287.0
39.0	 362.635751156	 -1.69949748744	 127.358248844	 316.699497487	489.994	 315.0
39.5	 409.020936683	 -16.4623115578	 127.819063317	 316.462311558	536.84	 300.0
40.0	 459.560522211	 22.7748743719	 128.279877789	 316.225125628	587.8404	 339.0
40.5	 399.048507739	 31.0120603015	 128.740692261	 315.987939698	527.7892	 347.0
41.0	 477.048493266	 -40.7507537688	 129.201506734	 315.750753769	606.25	 275.0
41.5	 445.075278794	 0.486432160804	 129.662321206	 315.513567839	574.7376	 316.0
42.0	 437.306864322	 9.72361809045	 130.123135678	 315.27638191	567.43	 325.0
42.5	 471.896849849	 -37.0391959799	 130.583950151	 315.03919598	602.4808	 278.0
43.0	 413.718435377	 -2.80201005025	 131.044764623	 314.80201005	544.7632	 312.0
43.5	 530.103620905	 -17.5648241206	 131.505579095	 314.564824121	661.6092	 297.0
44.0	 426.360406432	 -51.327638191	 131.966393568	 314.327638191	558.3268	 263.0
44.5	 405.36159196	 -6.09045226131	 132.42720804	 314.090452261	537.7888	 308.0
45.0	 411.003177487	 -21.8532663317	 132.888022513	 313.853266332	543.8912	 292.0
45.5	 344.106763015	 7.38391959799	 133.348836985	 313.616080402	477.4556	 321.0
46.0	 371.825548543	 18.6211055276	 133.809651457	 313.378894472	505.6352	 332.0
46.5	 345.51873407	 33.8582914573	 134.27046593	 313.141708543	479.7892	 347.0
47.0	 406.236719598	 -32.9045226131	 134.731280402	 312.904522613	540.968	 280.0
47.5	 444.083905126	 -2.66733668342	 135.192094874	 312.667336683	579.276	 310.0
48.0	 343.520690653	 13.5698492462	 135.652909347	 312.430150754	479.1736	 326.0
48.5	 329.162676181	 36.8070351759	 136.113723819	 312.192964824	465.2764	 349.0
49.0	 381.855061709	 -25.9557788945	 136.574538291	 311.955778894	518.4296	 286.0
49.5	 464.650647236	 -26.7185929648	 137.035352764	 311.718592965	601.686	 285.0
50.0	 431.625832764	 -16.4814070352	 137.496167236	 311.481407035	569.122	 295.0
50.5	 406.088218291	 -4.24422110553	 137.956981709	 311.244221106	544.0452	 307.0
51.0	 378.063003819	 -33.0070351759	 138.417796181	 311.007035176	516.4808	 278.0
51.5	 424.217389347	 -50.7698492462	 138.878610653	 310.769849246	563.096	 260.0
52.0	 469.730974874	 -46.5326633166	 139.339425126	 310.532663317	609.0704	 264.0
52.5	 400.757760402	 -5.29547738693	 139.800239598	 310.295477387	540.558	 305.0
53.0	 337.47654593	 5.94170854271	 140.26105407	 310.058291457	477.7376	 316.0
53.5	 360.836131457	 -4.82110552764	 140.721868543	 309.821105528	501.558	 305.0
54.0	 295.760116985	 13.416080402	 141.182683015	 309.583919598	436.9428	 323.0
54.5	 271.478502513	 -14.3467336683	 141.643497487	 309.346733668	413.122	 295.0
55.0	 342.55608804	 -20.1095477387	 142.10431196	 309.109547739	484.6604	 289.0
55.5	 311.069673568	 -15.872361809	 142.565126432	 308.872361809	453.6348	 293.0
56.0	 214.122059095	 21.3648241206	 143.025940905	 308.635175879	357.148	 330.0
56.5	 200.814844623	 -2.39798994975	 143.486755377	 308.39798995	344.3016	 306.0
57.0	 156.994830151	 -24.1608040201	 143.947569849	 308.16080402	300.9424	 284.0
57.5	 187.482815678	 -15.9236180905	 144.408384322	 307.92361809	331.8912	 292.0
58.0	 203.252801206	 -12.6864321608	 144.869198794	 307.686432161	348.122	 295.0
58.5	 238.253586734	 -6.44924623116	 145.330013266	 307.449246231	383.5836	 301.0
59.0	 212.331572261	 26.7879396985	 145.790827739	 307.212060302	358.1224	 334.0
59.5	 199.408757789	 -17.9748743719	 146.251642211	 306.974874372	345.6604	 289.0
60.0	 167.281143317	 -30.7376884422	 146.712456683	 306.737688442	313.9936	 276.0
60.5	 110.538328844	 -25.5005025126	 147.173271156	 306.500502513	257.7116	 281.0
61.0	 149.898314372	 2.73668341709	 147.634085628	 306.263316583	297.5324	 309.0
61.5	 104.206699899	 -0.0261306532663	 148.094900101	 306.026130653	252.3016	 306.0
62.0	 118.412285427	 -25.7889447236	 148.555714573	 305.788944724	266.968	 280.0
62.5	 25.6950709548	 -24.551758794	 149.016529045	 305.551758794	174.7116	 281.0
63.0	 77.2598564824	 -28.3145728643	 149.477343518	 305.314572864	226.7372	 277.0
63.5	 68.4658420101	 -15.0773869347	 149.93815799	 305.077386935	218.404	 290.0
64.0	 107.825827538	 13.159798995	 150.398972462	 304.840201005	258.2248	 318.0
64.5	 68.9546130653	 -0.603015075377	 150.859786935	 304.603015075	219.8144	 304.0
65.0	 138.185798593	 -30.3658291457	 151.320601407	 304.365829146	289.5064	 274.0
65.5	 155.545784121	 -2.12864321608	 151.781415879	 304.128643216	307.3272	 302.0
66.0	 138.751769648	 11.1085427136	 152.242230352	 303.891457286	290.994	 315.0
66.5	 166.008955176	 16.3457286432	 152.703044824	 303.654271357	318.712	 320.0
67.0	 122.470940704	 -10.4170854271	 153.163859296	 303.417085427	275.6348	 293.0
67.5	 109.163726231	 -34.1798994975	 153.624673769	 303.179899497	262.7884	 269.0
68.0	 73.3957117588	 14.0572864322	 154.085488241	 302.942713568	227.4812	 317.0
68.5	 73.5500972864	 -3.70552763819	 154.546302714	 302.705527638	228.0964	 299.0
69.0	 62.2432828141	 11.5316582915	 155.007117186	 302.468341709	217.2504	 314.0
69.5	 38.1156683417	 -1.23115577889	 155.467931658	 302.231155779	193.5836	 301.0
70.0	 -14.4991461307	 -15.9939698492	 155.928746131	 301.993969849	141.4296	 286.0
70.5	 17.809239397	 -18.7567839196	 156.389560603	 301.75678392	174.1988	 283.0
71.0	 -26.2667750754	 -0.51959798995	 156.850375075	 301.51959799	130.5836	 301.0
71.5	 -9.90718954774	 -11.2824120603	 157.311189548	 301.28241206	147.404	 290.0
72.0	 -34.1628040201	 -4.04522613065	 157.77200402	 301.045226131	123.6092	 297.0
72.5	 15.2223815075	 -18.808040201	 158.232818492	 300.808040201	173.4552	 282.0
73.0	 51.5567670352	 13.4291457286	 158.693632965	 300.570854271	210.2504	 314.0
73.5	 194.634752563	 46.6663316583	 159.154447437	 300.333668342	353.7892	 347.0
74.0	 209.48193809	 76.9035175879	 159.61526191	 300.096482412	369.0972	 377.0
74.5	 9.02032361809	 -0.859296482412	 160.076076382	 299.859296482	169.0964	 299.0
75.0	 105.559109146	 -39.6221105528	 160.536890854	 299.622110553	266.096	 260.0
75.5	 77.5858946734	 1.61507537688	 160.997705327	 299.384924623	238.5836	 301.0
76.0	 117.971480201	 25.8522613065	 161.458519799	 299.147738693	279.43	 325.0
76.5	 44.7154657286	 -5.91055276382	 161.919334271	 298.910552764	206.6348	 293.0
77.0	 -33.6169487437	 13.3266331658	 162.380148744	 298.673366834	128.7632	 312.0
77.5	 -6.87296321608	 -18.4361809045	 162.840963216	 298.436180905	155.968	 280.0
78.0	 -77.9237776884	 -43.1989949749	 163.301777688	 298.198994975	85.378	 255.0
78.5	 -52.9485921608	 -32.9618090452	 163.762592161	 297.961809045	110.814	 265.0
79.0	 -46.3582066332	 -40.7246231156	 164.223406633	 297.724623116	117.8652	 257.0
79.5	 -21.1270211055	 -70.4874371859	 164.684221106	 297.487437186	143.5572	 227.0
80.0	 -55.6386355779	 -23.2502512563	 165.145035578	 297.250251256	109.5064	 274.0
80.5	 -37.7918500503	 -32.0130653266	 165.60585005	 297.013065327	127.814	 265.0
81.0	 -42.7142645226	 -37.775879397	 166.066664523	 296.775879397	123.3524	 259.0
81.5	 1.15812100503	 -50.5386934673	 166.527478995	 296.538693467	167.6856	 246.0
82.0	 -5.91789346734	 -32.3015075377	 166.988293467	 296.301507538	161.0704	 264.0
82.5	 -59.6351079397	 -31.064321608	 167.44910794	 296.064321608	107.814	 265.0
83.0	 -37.0447224121	 -38.8271356784	 167.909922412	 295.827135678	130.8652	 257.0
83.5	 -34.6851368844	 -49.5899497487	 168.370736884	 295.589949749	133.6856	 246.0
84.0	 -38.7355513568	 -35.3527638191	 168.831551357	 295.352763819	130.096	 260.0
84.5	 -20.6831658291	 1.88442211055	 169.292365829	 295.115577889	148.6092	 297.0
85.0	 -1.45198030151	 -27.8783919598	 169.753180302	 294.87839196	168.3012	 267.0
85.5	 2.13840522613	 -35.6412060302	 170.213994774	 294.64120603	172.3524	 259.0
86.0	 -1.04040924623	 -40.4040201005	 170.674809246	 294.404020101	169.6344	 254.0
86.5	 -45.2960237186	 -33.1668341709	 171.135623719	 294.166834171	125.8396	 261.0
87.0	 -32.244038191	 -34.9296482412	 171.596438191	 293.929648241	139.3524	 259.0
87.5	 -81.7304526633	 -30.6924623116	 172.057252663	 293.692462312	90.3268	 263.0
88.0	 -28.2680671357	 -18.4552763819	 172.518067136	 293.455276382	144.25	 275.0
88.5	 -21.498081608	 -15.2180904523	 172.978881608	 293.218090452	151.4808	 278.0
89.0	 -6.7280960804	 -11.9809045226	 173.43969608	 292.980904523	166.7116	 281.0
89.5	 -59.3173105528	 -30.743718593	 173.900510553	 292.743718593	114.5832	 262.0
90.0	 -18.0089250251	 -33.5065326633	 174.361325025	 292.506532663	156.3524	 259.0
90.5	 -46.8541394975	 -12.2693467337	 174.822139497	 292.269346734	127.968	 280.0
91.0	 -21.9301539698	 5.96783919598	 175.28295397	 292.032160804	153.3528	 298.0
91.5	 5.83943155779	 -29.7949748744	 175.743768442	 291.794974874	181.5832	 262.0
92.0	 -23.3393829146	 -34.5577889447	 176.204582915	 291.557788945	152.8652	 257.0
92.5	 -52.5177973869	 -0.320603015075	 176.665397387	 291.320603015	124.1476	 291.0
93.0	 -27.2610118593	 -34.0834170854	 177.126211859	 291.083417085	149.8652	 257.0
93.5	 -32.9270263317	 -40.8462311558	 177.587026332	 290.846231156	144.66	 250.0
94.0	 7.81735919598	 -33.6090452261	 178.047840804	 290.609045226	185.8652	 257.0
94.5	 -30.5150552764	 -14.3718592965	 178.508655276	 290.371859296	147.9936	 276.0
95.0	 -31.7194697487	 -15.1346733668	 178.969469749	 290.134673367	147.25	 275.0
95.5	 -31.4622842211	 -9.89748743719	 179.430284221	 289.897487437	147.968	 280.0
96.0	 -13.2822986935	 -31.6603015075	 179.891098693	 289.660301508	166.6088	 258.0
96.5	 -28.5635131658	 -20.4231155779	 180.351913166	 289.423115578	151.7884	 269.0
97.0	 -14.3063276382	 -15.1859296482	 180.812727638	 289.185929648	166.5064	 274.0
97.5	 6.46405788945	 27.0512562814	 181.273542111	 288.948743719	187.7376	 316.0
98.0	 12.4900434171	 -9.71155778894	 181.734356583	 288.711557789	194.2244	 279.0
98.5	 5.28562894472	 -10.4743718593	 182.195171055	 288.474371859	187.4808	 278.0
99.0	 -3.02118552764	 4.76281407035	 182.655985528	 288.23718593	179.6348	 293.0
Actin association begins: 22.0
Actin association ends: 69.5
Length of actin association: 47.5
Cofilin association begins: 45.5
Cofilin association ends: 46.5
Length of cofilin association: 1.0
Delay between actin and cofilin association: 23.5
Maximum normalized actin intensity: 586.066252462
Maximum normalized cofilin intensity: 18.6211055276