Time	 Int488	 Int561	 Back488	 Back561	 Raw488	 Raw561
0.0	 14.4308	 3.0	 60.7932	 237.0	75.224	 240.0
0.5	 -14.2057092784	 -12.8402061856	 60.5321092784	 236.840206186	46.3264	 224.0
1.0	 22.9785814433	 -0.680412371134	 60.2710185567	 236.680412371	83.2496	 236.0
1.5	 -16.5039278351	 -1.5206185567	 60.0099278351	 236.520618557	43.506	 235.0
2.0	 -4.0888371134	 13.6391752577	 59.7488371134	 236.360824742	55.66	 250.0
2.5	 9.42825360825	 -26.2010309278	 59.4877463918	 236.201030928	68.916	 210.0
3.0	 12.0485443299	 -4.0412371134	 59.2266556701	 236.041237113	71.2752	 232.0
3.5	 -19.8187649485	 -22.881443299	 58.9655649485	 235.881443299	39.1468	 213.0
4.0	 16.4939257732	 8.27835051546	 58.7044742268	 235.721649485	75.1984	 244.0
4.5	 20.4726164948	 -25.5618556701	 58.4433835052	 235.56185567	78.916	 210.0
5.0	 15.4265072165	 22.5979381443	 58.1822927835	 235.402061856	73.6088	 258.0
5.5	 -14.0304020619	 17.7577319588	 57.9212020619	 235.242268041	43.8908	 253.0
6.0	 13.3586886598	 -2.0824742268	 57.6601113402	 235.082474227	71.0188	 233.0
6.5	 26.1069793814	 0.0773195876289	 57.3990206186	 234.922680412	83.506	 235.0
7.0	 9.16287010309	 -6.76288659794	 57.1379298969	 234.762886598	66.3008	 228.0
7.5	 2.70596082474	 -11.6030927835	 56.8768391753	 234.603092784	59.5828	 223.0
8.0	 -26.1613484536	 -30.4432989691	 56.6157484536	 234.443298969	30.4544	 204.0
8.5	 4.79214226804	 -21.2835051546	 56.354657732	 234.283505155	61.1468	 213.0
9.0	 4.18163298969	 -2.12371134021	 56.0935670103	 234.12371134	60.2752	 232.0
9.5	 -4.07007628866	 0.0360824742268	 55.8324762887	 233.963917526	51.7624	 234.0
10.0	 -27.680985567	 -19.8041237113	 55.571385567	 233.804123711	27.8904	 214.0
10.5	 -6.98389484536	 -9.64432989691	 55.3102948454	 233.644329897	48.3264	 224.0
11.0	 -0.466404123711	 -10.4845360825	 55.0492041237	 233.484536082	54.5828	 223.0
11.5	 -31.2821134021	 1.67525773196	 54.7881134021	 233.324742268	23.506	 235.0
12.0	 -4.91862268041	 -14.1649484536	 54.5270226804	 233.164948454	49.6084	 219.0
12.5	 0.265668041237	 -2.00515463918	 54.2659319588	 233.005154639	54.5316	 231.0
13.0	 30.8343587629	 -10.8453608247	 54.0048412371	 232.845360825	84.8392	 222.0
13.5	 36.4802494845	 7.31443298969	 53.7437505155	 232.68556701	90.224	 240.0
14.0	 11.3053402062	 -2.52577319588	 53.4826597938	 232.525773196	64.788	 230.0
14.5	 -7.12596907216	 -11.3659793814	 53.2215690722	 232.365979381	46.0956	 221.0
15.0	 -10.3520783505	 -13.206185567	 52.9604783505	 232.206185567	42.6084	 219.0
15.5	 13.9090123711	 -13.0463917526	 52.6993876289	 232.046391753	66.6084	 219.0
16.0	 12.3241030928	 2.11340206186	 52.4382969072	 231.886597938	64.7624	 234.0
16.5	 13.0211938144	 12.2731958763	 52.1772061856	 231.726804124	65.1984	 244.0
17.0	 -34.6409154639	 0.432989690722	 51.9161154639	 231.567010309	17.2752	 232.0
17.5	 19.5429752577	 -26.4072164948	 51.6550247423	 231.407216495	71.198	 205.0
18.0	 -6.06753402062	 -7.24742268041	 51.3939340206	 231.24742268	45.3264	 224.0
18.5	 22.680756701	 -5.08762886598	 51.132843299	 231.087628866	73.8136	 226.0
19.0	 32.2494474227	 -13.9278350515	 50.8717525773	 230.927835052	83.1212	 217.0
19.5	 -4.23306185567	 -14.7680412371	 50.6106618557	 230.768041237	46.3776	 216.0
20.0	 21.720428866	 -5.60824742268	 50.349571134	 230.608247423	72.07	 225.0
20.5	 33.6735195876	 -35.4484536082	 50.0884804124	 230.448453608	83.762	 195.0
21.0	 37.7814103093	 27.7113402062	 49.8273896907	 230.288659794	87.6088	 258.0
21.5	 46.8369010309	 -18.1288659794	 49.5662989691	 230.128865979	96.4032	 212.0
22.0	 90.3287917526	 -14.9690721649	 49.3052082474	 229.969072165	139.634	 215.0
22.5	 66.0514824742	 -8.80927835052	 49.0441175258	 229.809278351	115.0956	 221.0
23.0	 59.3125731959	 -8.64948453608	 48.7830268041	 229.649484536	108.0956	 221.0
23.5	 80.1380639175	 20.5103092784	 48.5219360825	 229.489690722	128.66	 250.0
24.0	 88.0911546392	 -9.32989690722	 48.2608453608	 229.329896907	136.352	 220.0
24.5	 162.095845361	 -8.17010309278	 47.9997546392	 229.170103093	210.0956	 221.0
25.0	 138.382536082	 -12.0103092784	 47.7386639175	 229.010309278	186.1212	 217.0
25.5	 152.054026804	 2.14948453608	 47.4775731959	 228.850515464	199.5316	 231.0
26.0	 153.545917526	 5.30927835052	 47.2164824742	 228.690721649	200.7624	 234.0
26.5	 250.883808247	 -6.53092783505	 46.9553917526	 228.530927835	297.8392	 222.0
27.0	 208.632098969	 -4.37113402062	 46.6943010309	 228.371134021	255.3264	 224.0
27.5	 219.277989691	 13.7886597938	 46.4332103093	 228.211340206	265.7112	 242.0
28.0	 247.641480412	 -2.05154639175	 46.1721195876	 228.051546392	293.8136	 226.0
28.5	 293.722971134	 -12.8917525773	 45.911028866	 227.891752577	339.634	 215.0
29.0	 351.035261856	 -20.7319587629	 45.6499381443	 227.731958763	396.6852	 207.0
29.5	 389.911952577	 0.427835051546	 45.3888474227	 227.572164948	435.3008	 228.0
30.0	 370.609043299	 10.587628866	 45.127756701	 227.412371134	415.7368	 238.0
30.5	 393.562534021	 19.7474226804	 44.8666659794	 227.25257732	438.4292	 247.0
31.0	 352.516024742	 28.9072164948	 44.6055752577	 227.092783505	397.1216	 256.0
31.5	 334.879515464	 13.0670103093	 44.3444845361	 226.932989691	379.224	 240.0
32.0	 430.473806186	 0.226804123711	 44.0833938144	 226.773195876	474.5572	 227.0
32.5	 429.991296907	 -0.613402061856	 43.8223030928	 226.613402062	473.8136	 226.0
33.0	 445.560387629	 29.5463917526	 43.5612123711	 226.453608247	489.1216	 256.0
33.5	 407.565078351	 30.706185567	 43.3001216495	 226.293814433	450.8652	 257.0
34.0	 508.723369072	 7.86597938144	 43.0390309278	 226.134020619	551.7624	 234.0
34.5	 530.702459794	 13.0257731959	 42.7779402062	 225.974226804	573.4804	 239.0
35.0	 524.194350515	 16.1855670103	 42.5168494845	 225.81443299	566.7112	 242.0
35.5	 514.378641237	 28.3453608247	 42.2557587629	 225.654639175	556.6344	 254.0
36.0	 454.434531959	 21.5051546392	 41.9946680412	 225.494845361	496.4292	 247.0
36.5	 592.67002268	 25.6649484536	 41.7335773196	 225.335051546	634.4036	 251.0
37.0	 629.803113402	 45.824742268	 41.4724865979	 225.175257732	671.2756	 271.0
37.5	 642.294604124	 9.98453608247	 41.2113958763	 225.015463918	683.506	 235.0
38.0	 580.863694845	 40.1443298969	 40.9503051546	 224.855670103	621.814	 265.0
38.5	 566.278785567	 55.3041237113	 40.689214433	 224.695876289	606.968	 280.0
39.0	 601.462676289	 28.4639175258	 40.4281237113	 224.536082474	641.8908	 253.0
39.5	 586.85216701	 47.6237113402	 40.1670329897	 224.37628866	627.0192	 272.0
40.0	 655.574457732	 14.7835051546	 39.905942268	 224.216494845	695.4804	 239.0
40.5	 662.015148454	 25.9432989691	 39.6448515464	 224.056701031	701.66	 250.0
41.0	 620.532639175	 25.1030927835	 39.3837608247	 223.896907216	659.9164	 249.0
41.5	 738.588929897	 57.2628865979	 39.1226701031	 223.737113402	777.7116	 281.0
42.0	 710.055220619	 64.4226804124	 38.8615793814	 223.577319588	748.9168	 288.0
42.5	 780.90591134	 50.5824742268	 38.6004886598	 223.417525773	819.5064	 274.0
43.0	 829.423402062	 49.7422680412	 38.3393979381	 223.257731959	867.7628	 273.0
43.5	 856.018092784	 75.9020618557	 38.0783072165	 223.097938144	894.0964	 299.0
44.0	 899.997183505	 81.0618556701	 37.8172164948	 222.93814433	937.8144	 304.0
44.5	 952.334674227	 30.2216494845	 37.5561257732	 222.778350515	989.8908	 253.0
45.0	 841.262964948	 82.381443299	 37.2950350515	 222.618556701	878.558	 305.0
45.5	 919.31885567	 75.5412371134	 37.0339443299	 222.458762887	956.3528	 298.0
46.0	 818.220746392	 53.7010309278	 36.7728536082	 222.298969072	854.9936	 276.0
46.5	 888.610237113	 72.8608247423	 36.5117628866	 222.139175258	925.122	 295.0
47.0	 789.563727835	 82.0206185567	 36.2506721649	 221.979381443	825.8144	 304.0
47.5	 896.158018557	 69.1804123711	 35.9895814433	 221.819587629	932.1476	 291.0
48.0	 863.752709278	 95.3402061856	 35.7284907216	 221.659793814	899.4812	 317.0
48.5	 920.963	 142.5	 35.4674	 221.5	956.4304	 364.0
49.0	 1066.30129072	 169.659793814	 35.2063092784	 221.340206186	1101.5076	 391.0
49.5	 1070.33118144	 127.819587629	 34.9452185567	 221.180412371	1105.2764	 349.0
50.0	 1090.51507216	 100.979381443	 34.6841278351	 221.020618557	1125.1992	 322.0
50.5	 1054.41816289	 196.139175258	 34.4230371134	 220.860824742	1088.8412	 417.0
51.0	 1059.55045361	 138.298969072	 34.1619463918	 220.701030928	1093.7124	 359.0
51.5	 1130.93994433	 157.458762887	 33.9008556701	 220.541237113	1164.8408	 378.0
52.0	 987.611035052	 132.618556701	 33.6397649485	 220.381443299	1021.2508	 353.0
52.5	 1191.20572577	 158.778350515	 33.3786742268	 220.221649485	1224.5844	 379.0
53.0	 1190.92841649	 164.93814433	 33.1175835052	 220.06185567	1224.046	 385.0
53.5	 1024.65070722	 132.097938144	 32.8564927835	 219.902061856	1057.5072	 352.0
54.0	 1114.83579794	 222.257731959	 32.5954020619	 219.742268041	1147.4312	 442.0
54.5	 988.32728866	 186.417525773	 32.3343113402	 219.582474227	1020.6616	 406.0
55.0	 1063.87117938	 259.577319588	 32.0732206186	 219.422680412	1095.9444	 479.0
55.5	 1070.7986701	 233.737113402	 31.8121298969	 219.262886598	1102.6108	 453.0
56.0	 1076.82896082	 230.896907216	 31.5510391753	 219.103092784	1108.38	 450.0
56.5	 952.627651546	 147.056701031	 31.2899484536	 218.943298969	983.9176	 366.0
57.0	 955.991542268	 170.216494845	 31.028857732	 218.783505155	987.0204	 389.0
57.5	 1018.02223299	 206.37628866	 30.7677670103	 218.62371134	1048.79	 425.0
58.0	 960.360123711	 194.536082474	 30.5066762887	 218.463917526	990.8668	 413.0
58.5	 986.134414433	 231.695876289	 30.245585567	 218.304123711	1016.38	 450.0
59.0	 909.677105155	 187.855670103	 29.9844948454	 218.144329897	939.6616	 406.0
59.5	 946.707395876	 185.015463918	 29.7234041237	 217.984536082	976.4308	 403.0
60.0	 912.506486598	 140.175257732	 29.4623134021	 217.824742268	941.9688	 358.0
60.5	 873.94677732	 112.335051546	 29.2012226804	 217.664948454	903.148	 330.0
61.0	 817.208268041	 151.494845361	 28.9401319588	 217.505154639	846.1484	 369.0
61.5	 818.597358763	 131.654639175	 28.6790412371	 217.345360825	847.2764	 349.0
62.0	 770.140849485	 165.81443299	 28.4179505155	 217.18556701	798.5588	 383.0
62.5	 843.222340206	 154.974226804	 28.1568597938	 217.025773196	871.3792	 372.0
63.0	 778.227030928	 156.134020619	 27.8957690722	 216.865979381	806.1228	 373.0
63.5	 767.668121649	 206.293814433	 27.6346783505	 216.706185567	795.3028	 423.0
64.0	 657.184412371	 88.4536082474	 27.3735876289	 216.546391753	684.558	 305.0
64.5	 427.060303093	 31.6134020619	 27.1124969072	 216.386597938	454.1728	 248.0
65.0	 72.5005938144	 3.77319587629	 26.8514061856	 216.226804124	99.352	 220.0
65.5	 55.3256845361	 -6.06701030928	 26.5903154639	 216.067010309	81.916	 210.0
66.0	 13.0995752577	 -7.90721649485	 26.3292247423	 215.907216495	39.4288	 208.0
66.5	 24.8734659794	 -9.74742268041	 26.0681340206	 215.74742268	50.9416	 206.0
67.0	 1.54495670103	 4.41237113402	 25.807043299	 215.587628866	27.352	 220.0
67.5	 22.0624474227	 3.57216494845	 25.5459525773	 215.427835052	47.6084	 219.0
68.0	 27.8363381443	 1.73195876289	 25.2848618557	 215.268041237	53.1212	 217.0
68.5	 -19.030971134	 -17.1082474227	 25.023771134	 215.108247423	5.9928	 198.0
69.0	 6.15331958763	 -4.94845360825	 24.7626804124	 214.948453608	30.916	 210.0
69.5	 3.18361030928	 -7.78865979381	 24.5015896907	 214.788659794	27.6852	 207.0
70.0	 14.3679010309	 4.37113402062	 24.2404989691	 214.628865979	38.6084	 219.0
70.5	 28.6801917526	 -3.46907216495	 23.9794082474	 214.469072165	52.6596	 211.0
71.0	 7.27448247423	 -16.3092783505	 23.7183175258	 214.309278351	30.9928	 198.0
71.5	 -1.49002680412	 -12.1494845361	 23.4572268041	 214.149484536	21.9672	 202.0
72.0	 1.00186391753	 -8.98969072165	 23.1961360825	 213.989690722	24.198	 205.0
72.5	 30.6477546392	 9.17010309278	 22.9350453608	 213.829896907	53.5828	 223.0
73.0	 21.0880453608	 -18.6701030928	 22.6739546392	 213.670103093	43.762	 195.0
73.5	 23.7851360825	 -8.51030927835	 22.4128639175	 213.510309278	46.198	 205.0
74.0	 1.32822680412	 -13.3505154639	 22.1517731959	 213.350515464	23.48	 200.0
74.5	 1.46131752577	 6.80927835052	 21.8906824742	 213.190721649	23.352	 220.0
75.0	 -5.50839175258	 3.96907216495	 21.6295917526	 213.030927835	16.1212	 217.0
75.5	 7.23989896907	 6.12886597938	 21.3685010309	 212.871134021	28.6084	 219.0
76.0	 6.50098969072	 6.28865979381	 21.1074103093	 212.711340206	27.6084	 219.0
76.5	 12.0440804124	 1.44845360825	 20.8463195876	 212.551546392	32.8904	 214.0
77.0	 5.79237113402	 3.60824742268	 20.585228866	 212.391752577	26.3776	 216.0
77.5	 6.61746185567	 -6.23195876289	 20.3241381443	 212.231958763	26.9416	 206.0
78.0	 -13.1214474227	 -6.07216494845	 20.0630474227	 212.072164948	6.9416	 206.0
78.5	 24.934443299	 -12.912371134	 19.801956701	 211.912371134	44.7364	 199.0
79.0	 -7.80446597938	 -12.7525773196	 19.5408659794	 211.75257732	11.7364	 199.0
79.5	 -8.64577525773	 3.40721649485	 19.2797752577	 211.592783505	10.634	 215.0
80.0	 -2.46148453608	 15.5670103093	 19.0186845361	 211.432989691	16.5572	 227.0
80.5	 -1.07239381443	 -4.27319587629	 18.7575938144	 211.273195876	17.6852	 207.0
81.0	 -7.55490309278	 -5.11340206186	 18.4965030928	 211.113402062	10.9416	 206.0
81.5	 20.6549876289	 3.04639175258	 18.2354123711	 210.953608247	38.8904	 214.0
82.0	 4.30047835052	 -17.793814433	 17.9743216495	 210.793814433	22.2748	 193.0
82.5	 11.3823690722	 10.3659793814	 17.7132309278	 210.634020619	29.0956	 221.0
83.0	 21.7458597938	 -5.47422680412	 17.4521402062	 210.474226804	39.198	 205.0
83.5	 11.7761505155	 -8.31443298969	 17.1910494845	 210.31443299	28.9672	 202.0
84.0	 15.0628412371	 -12.1546391753	 16.9299587629	 210.154639175	31.9928	 198.0
84.5	 6.70873195876	 6.00515463918	 16.6688680412	 209.994845361	23.3776	 216.0
85.0	 -1.62017731959	 -18.8350515464	 16.4077773196	 209.835051546	14.7876	 191.0
85.5	 11.3077134021	 -5.67525773196	 16.1466865979	 209.675257732	27.4544	 204.0
86.0	 -13.2515958763	 5.48453608247	 15.8855958763	 209.515463918	2.634	 215.0
86.5	 19.6502948454	 -16.3556701031	 15.6245051546	 209.355670103	35.2748	 193.0
87.0	 -3.67821443299	 -2.19587628866	 15.363414433	 209.195876289	11.6852	 207.0
87.5	 9.37767628866	 -9.03608247423	 15.1023237113	 209.036082474	24.48	 200.0
88.0	 -6.89963298969	 -2.87628865979	 14.8412329897	 208.87628866	7.9416	 206.0
88.5	 -4.61294226804	 -6.71649484536	 14.580142268	 208.716494845	9.9672	 202.0
89.0	 8.23774845361	 -20.5567010309	 14.3190515464	 208.556701031	22.5568	 188.0
89.5	 11.6272391753	 -1.39690721649	 14.0579608247	 208.396907216	25.6852	 207.0
90.0	 19.9139298969	 -5.23711340206	 13.7968701031	 208.237113402	33.7108	 203.0
90.5	 6.73902061856	 -15.0773195876	 13.5357793814	 208.077319588	20.2748	 193.0
91.0	 1.33371134021	 11.0824742268	 13.2746886598	 207.917525773	14.6084	 219.0
91.5	 9.00480206186	 -13.7577319588	 13.0135979381	 207.757731959	22.0184	 194.0
92.0	 18.4454927835	 -2.59793814433	 12.7525072165	 207.597938144	31.198	 205.0
92.5	 17.5269835052	 -13.4381443299	 12.4914164948	 207.43814433	30.0184	 194.0
93.0	 -12.7759257732	 -3.27835051546	 12.2303257732	 207.278350515	-0.5456	 204.0
93.5	 -6.36083505155	 11.881443299	 11.9692350515	 207.118556701	5.6084	 219.0
94.0	 4.0282556701	 -7.9587628866	 11.7081443299	 206.958762887	15.7364	 199.0
94.5	 24.2893463918	 -7.79896907216	 11.4470536082	 206.798969072	35.7364	 199.0
95.0	 -6.3467628866	 15.3608247423	 11.1859628866	 206.639175258	4.8392	 222.0
95.5	 -11.9576721649	 -4.4793814433	 10.9248721649	 206.479381443	-1.0328	 202.0
96.0	 -1.4401814433	 -5.31958762887	 10.6637814433	 206.319587629	9.2236	 201.0
96.5	 -8.46109072165	 -0.159793814433	 10.4026907216	 206.159793814	1.9416	 206.0
Actin association begins: 20.0
Actin association ends: 68.0
Length of actin association: 48.0
Cofilin association begins: 33.0
Cofilin association ends: 65.0
Length of cofilin association: 32.0
Delay between actin and cofilin association: 13.0
Maximum normalized actin intensity: 1191.20572577
Maximum normalized cofilin intensity: 259.577319588