Time	 Int488	 Int561	 Back488	 Back561	 Raw488	 Raw561
0.0	 4.15864	 -32.6	 30.58216	 660.6	34.7408	 628.0
0.5	 -0.508128407643	 8.43566878981	 30.9929284076	 659.56433121	30.4848	 668.0
1.0	 -10.7904968153	 28.4713375796	 31.4036968153	 658.52866242	20.6132	 687.0
1.5	 4.25993477707	 -3.49299363057	 31.8144652229	 657.492993631	36.0744	 654.0
2.0	 -1.22763363057	 9.54267515924	 32.2252336306	 656.457324841	30.9976	 666.0
2.5	 10.6691979618	 1.57834394904	 32.6360020382	 655.421656051	43.3052	 657.0
3.0	 22.4116295541	 -60.3859872611	 33.0467704459	 654.385987261	55.4584	 594.0
3.5	 33.2828611465	 -64.3503184713	 33.4575388535	 653.350318471	66.7404	 589.0
4.0	 51.1292927389	 13.6853503185	 33.8683072611	 652.314649682	84.9976	 666.0
4.5	 18.1025243312	 -45.2789808917	 34.2790756688	 651.278980892	52.3816	 606.0
5.0	 7.25615592357	 -15.2433121019	 34.6898440764	 650.243312102	41.946	 635.0
5.5	 -38.9238124841	 -11.2076433121	 35.1006124841	 649.207643312	-3.8232	 638.0
6.0	 8.76781910828	 -26.1719745223	 35.5113808917	 648.171974522	44.2792	 622.0
6.5	 39.6386507006	 -69.1363057325	 35.9221492994	 647.136305732	75.5608	 578.0
7.0	 15.689082293	 -101.100636943	 36.332917707	 646.100636943	52.022	 545.0
7.5	 25.7915138854	 -63.0649681529	 36.7436861146	 645.064968153	62.5352	 582.0
8.0	 -3.84925452229	 12.9707006369	 37.1544545223	 644.029299363	33.3052	 657.0
8.5	 40.0471770701	 -33.9936305732	 37.5652229299	 642.993630573	77.6124	 609.0
9.0	 22.9956086624	 -10.9579617834	 37.9759913376	 641.957961783	60.9716	 631.0
9.5	 53.6876402548	 13.0777070064	 38.3867597452	 640.922292994	92.0744	 654.0
10.0	 27.4820718471	 21.1133757962	 38.7975281529	 639.886624204	66.2796	 661.0
10.5	 13.3017034395	 -13.850955414	 39.2082965605	 638.850955414	52.51	 625.0
11.0	 -5.08346496815	 -16.8152866242	 39.6190649682	 637.815286624	34.5356	 621.0
11.5	 -5.5974333758	 -77.7796178344	 40.0298333758	 636.779617834	34.4324	 559.0
12.0	 -7.36660178344	 -20.7439490446	 40.4406017834	 635.743949045	33.074	 615.0
12.5	 -6.39337019108	 -79.7082802548	 40.8513701911	 634.708280255	34.458	 555.0
13.0	 29.6066614013	 -25.672611465	 41.2621385987	 633.672611465	70.8688	 608.0
13.5	 19.3242929936	 -5.63694267516	 41.6729070064	 632.636942675	60.9972	 627.0
14.0	 46.835924586	 -70.6012738854	 42.083675414	 631.601273885	88.9196	 561.0
14.5	 -14.3180438217	 -31.5656050955	 42.4944438217	 630.565605096	28.1764	 599.0
15.0	 8.6819877707	 22.4700636943	 42.9052122293	 629.529936306	51.5872	 652.0
15.5	 48.8352193631	 13.5057324841	 43.3159806369	 628.494267516	92.1512	 642.0
16.0	 24.1176509554	 101.541401274	 43.7267490446	 627.458598726	67.8444	 729.0
16.5	 62.5016825478	 95.5770700637	 44.1375174522	 626.422929936	106.6392	 722.0
17.0	 73.7569141401	 31.6127388535	 44.5482858599	 625.387261146	118.3052	 657.0
17.5	 66.8841457325	 -12.3515923567	 44.9590542675	 624.351592357	111.8432	 612.0
18.0	 89.5505773248	 15.6840764331	 45.3698226752	 623.315923567	134.9204	 639.0
18.5	 86.5238089172	 -43.2802547771	 45.7805910828	 622.280254777	132.3044	 579.0
19.0	 70.8050405096	 -72.2445859873	 46.1913594904	 621.244585987	116.9964	 549.0
19.5	 95.2662721019	 -51.2089171975	 46.6021278981	 620.208917197	141.8684	 569.0
20.0	 91.1123036943	 -12.1732484076	 47.0128963057	 619.173248408	138.1252	 607.0
20.5	 107.444335287	 -88.1375796178	 47.4236647134	 618.137579618	154.868	 530.0
21.0	 60.572766879	 -15.101910828	 47.834433121	 617.101910828	108.4072	 602.0
21.5	 144.135598471	 -88.0662420382	 48.2452015287	 616.066242038	192.3808	 528.0
22.0	 189.443230064	 -43.0305732484	 48.6559699363	 615.030573248	238.0992	 572.0
22.5	 126.930861656	 52.0050955414	 49.0667383439	 613.994904459	175.9976	 666.0
23.0	 144.493693248	 -20.9592356688	 49.4775067516	 612.959235669	193.9712	 592.0
23.5	 193.902924841	 -69.923566879	 49.8882751592	 611.923566879	243.7912	 542.0
24.0	 162.338556433	 -44.8878980892	 50.2990435669	 610.887898089	212.6376	 566.0
24.5	 182.952988025	 -86.8522292994	 50.7098119745	 609.852229299	233.6628	 523.0
25.0	 161.235019618	 -37.8165605096	 51.1205803822	 608.81656051	212.3556	 571.0
25.5	 152.33745121	 0.219108280255	 51.5313487898	 607.78089172	203.8688	 608.0
26.0	 200.464282803	 -82.7452229299	 51.9421171975	 606.74522293	252.4064	 524.0
26.5	 169.361914395	 -12.7095541401	 52.3528856051	 605.70955414	221.7148	 593.0
27.0	 158.258745987	 -20.6738853503	 52.7636540127	 604.67388535	211.0224	 584.0
27.5	 187.20717758	 2.36178343949	 53.1744224204	 603.638216561	240.3816	 606.0
28.0	 193.924809172	 22.3974522293	 53.585190828	 602.602547771	247.51	 625.0
28.5	 190.514440764	 62.4331210191	 53.9959592357	 601.566878981	244.5104	 664.0
29.0	 224.385672357	 58.4687898089	 54.4067276433	 600.531210191	278.7924	 659.0
29.5	 242.231303949	 58.5044585987	 54.817496051	 599.495541401	297.0488	 658.0
30.0	 214.076535541	 19.5401273885	 55.2282644586	 598.459872611	269.3048	 618.0
30.5	 261.306967134	 37.5757961783	 55.6390328662	 597.424203822	316.946	 635.0
31.0	 204.409398726	 75.6114649682	 56.0498012739	 596.388535032	260.4592	 672.0
31.5	 282.331430318	 24.647133758	 56.4605696815	 595.352866242	338.792	 620.0
32.0	 154.536261911	 46.6828025478	 56.8713380892	 594.317197452	211.4076	 641.0
32.5	 252.279093503	 23.7184713376	 57.2821064968	 593.281528662	309.5612	 617.0
33.0	 227.483925096	 45.7541401274	 57.6928749045	 592.245859873	285.1768	 638.0
33.5	 267.124356688	 38.7898089172	 58.1036433121	 591.210191083	325.228	 630.0
34.0	 309.81558828	 -15.174522293	 58.5144117197	 590.174522293	368.33	 575.0
34.5	 233.893219873	 104.861146497	 58.9251801274	 589.138853503	292.8184	 694.0
35.0	 294.148451465	 40.8968152866	 59.335948535	 588.103184713	353.4844	 629.0
35.5	 243.583683057	 26.9324840764	 59.7467169427	 587.067515924	303.3304	 614.0
36.0	 292.73811465	 134.968152866	 60.1574853503	 586.031847134	352.8956	 721.0
36.5	 267.993746242	 110.003821656	 60.568253758	 584.996178344	328.562	 695.0
37.0	 253.839777834	 149.039490446	 60.9790221656	 583.960509554	314.8188	 733.0
37.5	 300.813409427	 129.075159236	 61.3897905732	 582.924840764	362.2032	 712.0
38.0	 241.018241019	 151.110828025	 61.8005589809	 581.889171975	302.8188	 733.0
38.5	 257.761872611	 206.146496815	 62.2113273885	 580.853503185	319.9732	 787.0
39.0	 315.863104204	 127.182165605	 62.6220957962	 579.817834395	378.4852	 707.0
39.5	 210.145135796	 176.217834395	 63.0328642038	 578.782165605	273.178	 755.0
40.0	 227.759567389	 134.253503185	 63.4436326115	 577.746496815	291.2032	 712.0
40.5	 255.322798981	 100.289171975	 63.8544010191	 576.710828025	319.1772	 677.0
41.0	 211.065630573	 77.3248407643	 64.2651694268	 575.675159236	275.3308	 653.0
41.5	 207.219262166	 107.360509554	 64.6759378344	 574.639490446	271.8952	 682.0
42.0	 249.270493758	 153.396178344	 65.086706242	 573.603821656	314.3572	 727.0
42.5	 292.73092535	 96.4318471338	 65.4974746497	 572.568152866	358.2284	 669.0
43.0	 297.960956943	 75.4675159236	 65.9082430573	 571.532484076	363.8692	 647.0
43.5	 198.294588535	 155.503184713	 66.319011465	 570.496815287	264.6136	 726.0
44.0	 237.524620127	 134.538853503	 66.7297798726	 569.461146497	304.2544	 704.0
44.5	 186.98545172	 116.574522293	 67.1405482803	 568.425477707	254.126	 685.0
45.0	 240.856683312	 112.610191083	 67.5513166879	 567.389808917	308.408	 680.0
45.5	 257.420314904	 117.645859873	 67.9620850955	 566.354140127	325.3824	 684.0
46.0	 241.625146497	 139.681528662	 68.3728535032	 565.318471338	309.998	 705.0
46.5	 189.060378089	 125.717197452	 68.7836219108	 564.282802548	257.844	 690.0
47.0	 179.496009682	 150.752866242	 69.1943903185	 563.247133758	248.6904	 714.0
47.5	 211.777241274	 121.788535032	 69.6051587261	 562.211464968	281.3824	 684.0
48.0	 196.776472866	 97.8242038217	 70.0159271338	 561.175796178	266.7924	 659.0
48.5	 198.365304459	 59.8598726115	 70.4266955414	 560.140127389	268.792	 620.0
49.0	 192.313336051	 43.8955414013	 70.837463949	 559.104458599	263.1508	 603.0
49.5	 264.030567643	 24.9312101911	 71.2482323567	 558.068789809	335.2788	 583.0
50.0	 143.209799236	 50.9668789809	 71.6590007643	 557.033121019	214.8688	 608.0
50.5	 182.465830828	 65.0025477707	 72.069769172	 555.997452229	254.5356	 621.0
51.0	 155.23506242	 116.038216561	 72.4805375796	 554.961783439	227.7156	 671.0
51.5	 195.389094013	 185.07388535	 72.8913059873	 553.92611465	268.2804	 739.0
52.0	 119.901125605	 159.10955414	 73.3020743949	 552.89044586	193.2032	 712.0
52.5	 102.669557197	 132.14522293	 73.7128428025	 551.85477707	176.3824	 684.0
53.0	 184.25838879	 94.1808917197	 74.1236112102	 550.81910828	258.382	 645.0
53.5	 132.668020382	 84.2165605096	 74.5343796178	 549.78343949	207.2024	 634.0
54.0	 95.2572519745	 85.2522292994	 74.9451480255	 548.747770701	170.2024	 634.0
54.5	 85.1796835669	 73.2878980892	 75.3559164331	 547.712101911	160.5356	 621.0
55.0	 82.9737151592	 42.323566879	 75.7666848408	 546.676433121	158.7404	 589.0
55.5	 58.4601467516	 20.3592356688	 76.1774532484	 545.640764331	134.6376	 566.0
56.0	 66.1009783439	 52.3949044586	 76.5882216561	 544.605095541	142.6892	 597.0
56.5	 47.5106099363	 42.4305732484	 76.9989900637	 543.569426752	124.5096	 586.0
57.0	 5.51064152866	 96.4662420382	 77.4097584713	 542.533757962	82.9204	 639.0
57.5	 -36.978126879	 -7.49808917197	 77.820526879	 541.498089172	40.8424	 534.0
58.0	 -17.6192952866	 29.5375796178	 78.2312952866	 540.462420382	60.612	 570.0
58.5	 -13.1588636943	 -27.4267515924	 78.6420636943	 539.426751592	65.4832	 512.0
59.0	 -30.0568321019	 -28.3910828025	 79.0528321019	 538.391082803	48.996	 510.0
59.5	 -4.72320050955	 51.6445859873	 79.4636005096	 537.355414013	74.7404	 589.0
60.0	 36.1472310828	 -30.3197452229	 79.8743689172	 536.319745223	116.0216	 506.0
60.5	 -25.6479373248	 -8.28407643312	 80.2851373248	 535.284076433	54.6372	 527.0
61.0	 -37.0067057325	 62.7515923567	 80.6959057325	 534.248407643	43.6892	 597.0
61.5	 33.0173258599	 -43.2127388535	 81.1066741401	 533.212738854	114.124	 490.0
62.0	 36.0681574522	 -36.1770700637	 81.5174425478	 532.177070064	117.5856	 496.0
62.5	 -45.2910109554	 -4.14140127389	 81.9282109554	 531.141401274	36.6372	 527.0
63.0	 -11.7273793631	 0.894267515924	 82.3389793631	 530.105732484	70.6116	 531.0
63.5	 -54.4205477707	 -32.0700636943	 82.7497477707	 529.070063694	28.3292	 497.0
64.0	 -43.5493161783	 -36.0343949045	 83.1605161783	 528.034394904	39.6112	 492.0
64.5	 -48.344484586	 -13.9987261146	 83.571284586	 526.998726115	35.2268	 513.0
65.0	 -33.3448529936	 1.03694267516	 83.9820529936	 525.963057325	50.6372	 527.0
65.5	 -29.0380214013	 -31.927388535	 84.3928214013	 524.927388535	55.3548	 493.0
66.0	 -34.0383898089	 -16.8917197452	 84.8035898089	 523.891719745	50.7652	 507.0
66.5	 -1.60315821656	 -30.8560509554	 85.2143582166	 522.856050955	83.6112	 492.0
67.0	 -58.1415266242	 29.1796178344	 85.6251266242	 521.820382166	27.4836	 551.0
67.5	 -10.3218950318	 -5.7847133758	 86.0358950318	 520.784713376	75.714	 515.0
68.0	 -23.6558634395	 -16.749044586	 86.4466634395	 519.749044586	62.7908	 503.0
68.5	 -23.3226318471	 24.2866242038	 86.8574318471	 518.713375796	63.5348	 543.0
69.0	 -29.1694002548	 15.3222929936	 87.2682002548	 517.677707006	58.0988	 533.0
69.5	 17.7270313376	 -31.6420382166	 87.6789686624	 516.642038217	105.406	 485.0
70.0	 -1.58133707006	 -46.6063694268	 88.0897370701	 515.606369427	86.5084	 469.0
70.5	 2.80309452229	 -13.5707006369	 88.5005054777	 514.570700637	91.3036	 501.0
71.0	 -18.0180738854	 -26.5350318471	 88.9112738854	 513.535031847	70.8932	 487.0
71.5	 -27.736442293	 -16.4993630573	 89.322042293	 512.499363057	61.5856	 496.0
72.0	 -26.8908107006	 -16.4636942675	 89.7328107006	 511.463694268	62.842	 495.0
72.5	 -34.7375791083	 -25.4280254777	 90.1435791083	 510.428025478	55.406	 485.0
73.0	 -14.6095475159	 8.6076433121	 90.5543475159	 509.392356688	75.9448	 518.0
73.5	 -23.3027159236	 -24.3566878981	 90.9651159236	 508.356687898	67.6624	 484.0
74.0	 -23.5338843312	 -12.3210191083	 91.3758843312	 507.321019108	67.842	 495.0
74.5	 -33.9190527389	 -15.2853503185	 91.7866527389	 506.285350318	57.8676	 491.0
75.0	 -26.0990211465	 -11.2496815287	 92.1974211465	 505.249681529	66.0984	 494.0
75.5	 -18.8941895541	 10.7859872611	 92.6081895541	 504.214012739	73.714	 515.0
76.0	 -0.535757961783	 8.82165605096	 93.0189579618	 503.178343949	92.4832	 512.0
76.5	 18.6174736306	 -0.142675159236	 93.4297263694	 502.142675159	112.0472	 502.0
77.0	 10.4627052229	 -39.1070063694	 93.8404947771	 501.107006369	104.3032	 462.0
77.5	 -19.9728631847	 43.9286624204	 94.2512631847	 500.07133758	74.2784	 544.0
78.0	 -2.41003159236	 -29.0356687898	 94.6620315924	 499.03566879	92.252	 470.0
Actin association begins: 15.0
Actin association ends: 57.0
Length of actin association: 42.0
Cofilin association begins: 34.5
Cofilin association ends: 57.0
Length of cofilin association: 22.5
Delay between actin and cofilin association: 19.5
Maximum normalized actin intensity: 315.863104204
Maximum normalized cofilin intensity: 206.146496815