Time	 Int488	 Int561	 Back488	 Back561	 Raw488	 Raw561
0.0	 19.235701939	 20.8268752047	 55.988	 230.0	65.224	 240.0
0.5	 -38.8929349793	 17.4177381566	 55.4111976699	 229.636893204	36.7368	 238.0
1.0	 59.6073596165	 28.5874137518	 54.8343953398	 229.273786408	83.4548	 243.0
1.5	 -47.0112412284	 -45.6330989921	 54.2575930097	 228.910679612	31.6852	 207.0
2.0	 19.0741047989	 -13.6365481923	 53.6807906796	 228.547572816	62.8392	 222.0
2.5	 20.115453412	 12.1119400462	 53.1039883495	 228.184466019	62.7624	 234.0
3.0	 -0.524808137973	 8.70280299814	 52.5271860194	 227.821359223	52.2752	 232.0
3.5	 -39.3219394914	 -5.11977165225	 51.9503836893	 227.458252427	33.07	 225.0
4.0	 72.6358487867	 18.5460290657	 51.3735813592	 227.095145631	86.2496	 236.0
4.5	 132.579765854	 33.8810797019	 50.7967790291	 226.732038835	114.4548	 243.0
5.0	 12.1837705234	 -2.85105767365	 50.219976699	 226.368932039	56.07	 225.0
5.5	 40.0859566254	 -25.0043824059	 49.6431743689	 226.005825243	68.8904	 214.0
6.0	 1.60955915019	 -7.58664424931	 49.0663720388	 225.642718447	49.8392	 222.0
6.5	 38.3764964144	 -31.822656502	 48.4895697087	 225.27961165	66.916	 210.0
7.0	 -28.2428409874	 -10.2395433045	 47.9127673786	 224.916504854	34.352	 220.0
7.5	 -20.2594783311	 -11.5659928321	 47.3359650485	 224.553398058	37.6084	 219.0
8.0	 -32.8888906024	 35.009370611	 46.7591627184	 224.190291262	30.9676	 241.0
8.5	 0.940624182933	 -18.3842669282	 46.1823603883	 223.827184466	46.634	 215.0
9.0	 -7.25682904476	 -13.4626538944	 45.6055580583	 223.46407767	42.1212	 217.0
9.5	 22.4614605751	 6.03777178263	 45.0287557282	 223.100970874	55.8136	 226.0
10.0	 -27.5505265385	 -45.2731782362	 44.4519533981	 222.737864078	31.2236	 201.0
10.5	 100.801344826	 -61.178440407	 43.875151068	 222.374757282	92.2748	 193.0
11.0	 162.50804861	 4.14111072031	 43.2983487379	 222.011650485	121.3264	 224.0
11.5	 49.2148507995	 -3.43340136869	 42.7215464078	 221.648543689	66.352	 220.0
12.0	 102.483337826	 -2.67716337582	 42.1447440777	 221.285436893	91.352	 220.0
12.5	 210.916385744	 2.24444965798	 41.5679417476	 220.922330097	142.8392	 222.0
13.0	 274.544993572	 11.3314377327	 40.9911394175	 220.559223301	172.8136	 226.0
13.5	 250.860675943	 -4.57382443815	 40.4143370874	 220.196116505	160.8648	 218.0
14.0	 271.6608976	 25.3400388412	 39.8375347573	 219.833009709	170.2752	 232.0
14.5	 255.025227614	 -34.3016612594	 39.2607324272	 219.469902913	161.7108	 203.0
15.0	 334.140699844	 -4.38779798001	 38.6839300971	 219.106796117	199.1212	 217.0
15.5	 358.892196266	 -22.3757476713	 38.107127767	 218.74368932	210.4288	 208.0
16.0	 370.561082758	 51.2745535378	 37.5303254369	 218.380582524	215.4548	 243.0
16.5	 317.238455562	 29.1212288056	 36.9535231068	 218.017475728	189.2752	 232.0
17.0	 398.222515036	 11.1332791143	 36.3767207767	 217.654368932	227.5828	 223.0
17.5	 355.420792118	 53.5432675165	 35.7999184466	 217.291262136	206.4548	 243.0
18.0	 383.590395298	 70.9610056731	 35.2231161165	 216.92815534	219.4036	 251.0
18.5	 399.583774158	 38.3942433385	 34.6463137864	 216.565048544	226.506	 235.0
19.0	 451.356891544	 28.737043729	 34.0695114563	 216.201941748	250.788	 230.0
19.5	 413.253711673	 -12.1604686875	 33.4927091262	 215.838834951	231.916	 210.0
20.0	 422.145126088	 7.3399569896	 32.9159067961	 215.475728155	235.6084	 219.0
20.5	 432.317809866	 -10.6479927017	 32.339104466	 215.112621359	239.916	 210.0
21.0	 480.24628609	 10.9351204958	 31.7623021359	 214.749514563	262.352	 220.0
21.5	 466.174820979	 38.7662962547	 31.1854998058	 214.386407767	255.0188	 233.0
22.0	 526.866006328	 18.6956590429	 30.6086974757	 214.023300971	283.5828	 223.0
22.5	 600.0	 6.95577191301	 30.0318951456	 213.660194175	318.1212	 217.0
23.0	 422.570856534	 13.9600724673	 29.4550928155	 213.297087379	232.352	 220.0
23.5	 248.185769148	 33.4604981443	 28.8782904854	 212.933980583	148.0444	 229.0
24.0	 477.627960456	 5.05911085069	 28.3014881553	 212.570873786	257.634	 215.0
24.5	 435.787606098	 59.9652243757	 27.7246858252	 212.20776699	236.9676	 241.0
25.0	 385.294934704	 2.40621179549	 27.1478834951	 211.844660194	212.1468	 213.0
25.5	 416.242009961	 73.9738254842	 26.571081165	 211.481553398	226.4292	 247.0
26.0	 411.78173122	 -16.9081874234	 25.994278835	 211.118446602	223.7108	 203.0
26.5	 339.128431534	 52.5767387448	 25.4174765049	 210.755339806	188.2496	 236.0
27.0	 410.767888641	 111.648227311	 24.8406741748	 210.39223301	222.0704	 264.0
27.5	 389.058791856	 31.1796520054	 24.2638718447	 210.029126214	211.07	 225.0
28.0	 535.674999699	 90.2511405714	 23.6870695146	 209.666019417	280.8908	 253.0
28.5	 391.942074165	 38.9401905526	 23.1102671845	 209.302912621	211.3008	 228.0
29.0	 478.320294317	 73.0194288729	 22.5334648544	 208.939805825	252.1984	 244.0
29.5	 402.622105475	 48.7834166202	 21.9566625243	 208.576699029	215.2752	 232.0
30.0	 386.627903246	 51.6223421335	 21.3798601942	 208.213592233	207.0188	 233.0
30.5	 348.364772973	 35.7170799626	 20.8030578641	 207.850485437	188.07	 225.0
31.0	 353.144129148	 46.8867555578	 20.226255534	 207.487378641	189.788	 230.0
31.5	 297.204813351	 26.816118346	 19.6494532039	 207.124271845	162.352	 220.0
32.0	 137.879222888	 52.5646065845	 19.0726508738	 206.761165049	85.2752	 232.0
32.5	 176.301480194	 13.7497816885	 18.4958485437	 206.398058252	103.1468	 213.0
33.0	 151.495843603	 10.3406446405	 17.9190462136	 206.034951456	90.6596	 211.0
33.5	 98.6539006864	 -5.56461753041	 17.3422438835	 205.67184466	64.7108	 203.0
34.0	 16.921749561	 18.1011831876	 16.7654415534	 205.308737864	24.8904	 214.0
34.5	 25.17169622	 -24.8790167493	 16.1886392233	 204.945631068	28.2748	 193.0
35.0	 -3.9059490129	 -11.6266536337	 15.6118368932	 204.582524272	13.7364	 199.0
35.5	 -3.34528467952	 7.87377204339	 15.0350345631	 204.219417476	13.4288	 208.0
36.0	 57.8265849495	 -5.948802607	 14.458232233	 203.85631068	42.2236	 201.0
36.5	 24.3694643986	 -40.5982524621	 13.8814299029	 203.493203883	25.5824	 184.0
37.0	 -13.7861991985	 8.05979850153	 13.3046275728	 203.130097087	6.6852	 207.0
37.5	 50.0023590312	 -7.84546366933	 12.7278252427	 202.766990291	36.7364	 199.0
38.0	 1.16584075413	 1.2415244054	 12.1510229126	 202.403883495	12.7108	 203.0
38.5	 29.6020279364	 -22.9944878473	 11.5742205825	 202.040776699	25.7876	 191.0
39.0	 -21.3704946616	 -5.57674969072	 10.9974182524	 201.677669903	0.7364	 199.0
39.5	 2.20636599794	 -2.73782417739	 10.4206159223	 201.314563107	11.48	 200.0
40.0	 -7.00577258972	 -1.98158618452	 9.84381359223	 200.951456311	6.48	 200.0
40.5	 -20.4899198194	 15.4361519721	 9.26701126214	 200.588349515	-0.5712	 208.0
41.0	 -17.1526164837	 7.86163988308	 8.69020893204	 200.225242718	0.4544	 204.0
41.5	 -3.29524194466	 -16.3743723696	 8.11340660194	 199.862135922	6.5312	 192.0
42.0	 -3.37521229259	 21.8702409916	 7.53660427184	 199.499029126	5.916	 210.0
42.5	 -0.945960715849	 -6.53114630204	 6.95980194175	 199.13592233	6.5056	 196.0
43.0	 3.03197730111	 -32.8498460752	 6.38299961165	 198.772815534	7.8388	 183.0
43.5	 -1.16005128722	 -2.93598279584	 5.80619728155	 198.409708738	5.2492	 197.0
44.0	 -2.09475659355	 6.15100527889	 5.22939495146	 198.046601942	4.2236	 201.0
44.5	 -1.8015093378	 -13.9196319329	 4.65259262136	 197.683495146	3.7876	 191.0
45.0	 23.324037762	 -8.9980188991	 4.07579029126	 197.32038835	15.2748	 193.0
45.5	 20.4665953368	 -24.90328107	 3.49898796117	 196.957281553	13.326	 185.0
46.0	 8.58445134785	 -13.7336054748	 2.92218563107	 196.594174757	7.044	 190.0
46.5	 6.36847667894	 32.8417579684	 2.34538330097	 196.231067961	5.4032	 212.0
47.0	 60.9715498684	 -12.221129489	 1.76858097087	 195.867961165	31.044	 190.0
47.5	 1.77491078953	 -11.4648914962	 1.19177864078	 195.504854369	2.044	 190.0
48.0	 -2.89780207852	 12.2009092218	 0.61497631068	 195.141747573	-0.7764	 201.0
48.5	 13.5229442607	 -5.78704046949	 0.0381739805825	 194.778640777	6.5312	 192.0
49.0	 31.9730613199	 -15.444240079	 -0.538628349515	 194.415533981	14.8132	 187.0
49.5	 8.60947756815	 -0.109189442821	 -1.11543067961	 194.052427184	3.0184	 194.0
50.0	 -5.35535394122	 11.0604861524	 -1.69223300971	 193.689320388	-4.2636	 199.0
50.5	 -22.6849754087	 -21.5062761822	 -2.26903533981	 193.326213592	-13.1612	 183.0
51.0	 -30.5616947582	 14.6556496586	 -2.8458376699	 192.963106796	-17.52	 200.0
Actin association begins: 10.5
Actin association ends: 34.5
Length of actin association: 24.0
Area under actin curve during patch life: 16124.7972918
Cofilin intensity score: 312.039545525