Time	 Int488	 Int561	 Back488	 Back561	 Raw488	 Raw561
0.0	 3.23375542402	 13.2748580625	 30.67984	 184.4	32.044	 190.0
0.5	 -4.1663102847	 -5.77150706198	 30.8527583471	 184.434710744	29.0952	 182.0
1.0	 23.3227956072	 -12.9653203449	 31.0256766942	 184.469421488	40.8644	 179.0
1.5	 -45.8319098081	 -13.047602523	 31.1985950413	 184.504132231	11.8644	 179.0
2.0	 19.3426217148	 17.6867500868	 31.3715133884	 184.538842975	39.5312	 192.0
2.5	 -17.1113672719	 1.01089533061	 31.5444317355	 184.573553719	24.326	 185.0
3.0	 0.227213222891	 5.66963388913	 31.7173500826	 184.608264463	31.8132	 187.0
3.5	 14.1010557634	 -3.89468976213	 31.8902684298	 184.642975207	37.8388	 183.0
4.0	 18.9792855583	 3.13455916469	 32.0631867769	 184.67768595	40.0696	 186.0
4.5	 47.0761903086	 -6.42976448657	 32.236105124	 184.712396694	52.0952	 182.0
5.0	 21.1377853157	 0.599484440247	 32.4090234711	 184.747107438	41.326	 185.0
5.5	 44.4936693294	 -8.96483921101	 32.5819418182	 184.781818182	51.3516	 181.0
6.0	 5.48711477809	 2.8054304524	 32.7548601653	 184.816528926	35.0696	 186.0
6.5	 21.062983763	 5.09365864262	 32.9277785124	 184.851239669	41.8132	 187.0
7.0	 -3.11270972003	 14.4934179377	 33.1006968595	 184.885950413	31.7876	 191.0
7.5	 3.22385805345	 -21.1465197648	 33.2736152066	 184.920661157	34.6336	 176.0
8.0	 44.8146560242	 -9.37625010138	 33.4465335537	 184.955371901	52.3516	 181.0
8.5	 24.8935545502	 -16.5700633843	 33.6194519008	 184.990082645	44.1208	 178.0
9.0	 43.9341614894	 -0.0587729843379	 33.7923702479	 185.024793388	52.326	 185.0
9.5	 47.6574786329	 2.22945520589	 33.965288595	 185.059504132	54.0696	 186.0
10.0	 23.6031552807	 -7.33486844537	 34.1382069421	 185.094214876	44.0952	 182.0
10.5	 93.0322788126	 6.80591158633	 34.3111252893	 185.12892562	73.5568	 188.0
11.0	 139.546152716	 -9.86994316982	 34.4840436364	 185.163636364	93.3516	 181.0
11.5	 54.3449885159	 -2.840694243	 34.6569619835	 185.198347107	57.5824	 184.0
12.0	 110.82733262	 -2.92297642107	 34.8298803306	 185.233057851	81.5824	 184.0
12.5	 134.001161438	 15.9588243472	 35.0027986777	 185.267768595	91.5312	 192.0
13.0	 92.8061517145	 -0.717030408923	 35.1757170248	 185.302479339	74.326	 185.0
13.5	 154.576630348	 6.31221851789	 35.3486353719	 185.337190083	100.5568	 188.0
14.0	 219.325418209	 10.9709570764	 35.521553719	 185.371900826	128.044	 190.0
14.5	 226.209099776	 -17.5574495212	 35.6944720661	 185.40661157	131.1208	 178.0
15.0	 327.062656954	 -5.78717985781	 35.8673904132	 185.441322314	173.8388	 183.0
15.5	 278.513375864	 15.4651312788	 36.0403087603	 185.476033058	153.5312	 192.0
16.0	 319.13131638	 -5.95174421395	 36.2132271074	 185.510743802	170.8388	 183.0
16.5	 382.603821458	 12.9300565543	 36.3861454545	 185.545454545	197.7876	 191.0
17.0	 283.969449103	 -10.8573293067	 36.5590638017	 185.580165289	156.3516	 181.0
17.5	 342.214504717	 -8.56910111647	 36.7319821488	 185.614876033	181.0952	 182.0
18.0	 353.596466758	 0.830658178643	 36.9049004959	 185.649586777	186.0696	 186.0
18.5	 406.066959115	 -20.5862173141	 37.077818843	 185.684297521	208.3772	 177.0
19.0	 422.189941893	 -11.186458019	 37.2507371901	 185.719008264	215.3516	 181.0
19.5	 292.496194488	 2.95432201272	 37.4236555372	 185.753719008	160.8132	 187.0
20.0	 343.021920139	 7.61306057124	 37.5965738843	 185.788429752	182.3004	 189.0
20.5	 405.460882697	 2.78975765657	 37.7694922314	 185.823140496	208.8132	 187.0
21.0	 319.773289769	 -6.77456599468	 37.9424105785	 185.85785124	172.8388	 183.0
21.5	 453.935362235	 -13.9683792776	 38.1153289256	 185.892561983	229.608	 180.0
22.0	 405.507451276	 -11.6801510874	 38.2882472727	 185.927272727	209.3516	 181.0
22.5	 441.263000924	 -14.1329436338	 38.4611656198	 185.961983471	224.608	 180.0
23.0	 356.061836723	 -7.10369470698	 38.6340839669	 185.996694215	188.8388	 183.0
23.5	 531.069699243	 -7.18597688505	 38.807002314	 186.031404959	262.8388	 183.0
24.0	 455.411261581	 -9.63876943142	 38.9799206612	 186.066115702	231.0952	 182.0
24.5	 454.81930165	 18.7250728101	 39.1528390083	 186.100826446	231.0184	 194.0
25.0	 540.294883967	 25.7543217369	 39.3257573554	 186.13553719	267.2492	 197.0
25.5	 539.519920635	 -9.88561596564	 39.4986757025	 186.170247934	267.0952	 182.0
26.0	 495.954400544	 -26.5614707218	 39.6715940496	 186.204958678	248.89	 175.0
26.5	 596.321528994	 -31.3847736365	 39.8445123967	 186.239669421	291.4028	 173.0
27.0	 583.998387353	 -21.9850143413	 40.0174307438	 186.274380165	286.3772	 177.0
27.5	 600.0	 6.37882790014	 40.1903490909	 186.309090909	293.3004	 189.0
28.0	 501.852056372	 -0.814985382819	 40.363267438	 186.343801653	252.0696	 186.0
28.5	 523.870972538	 13.3257946489	 40.5361857851	 186.378512397	261.5312	 192.0
29.0	 518.902102263	 -15.2026119487	 40.7091041322	 186.41322314	259.608	 180.0
29.5	 554.53628178	 1.30867845126	 40.8820224793	 186.447933884	274.8132	 187.0
30.0	 499.118209847	 -15.3671763049	 41.0549408264	 186.482644628	251.608	 180.0
30.5	 504.664923566	 -20.1904792196	 41.2278591736	 186.517355372	254.1208	 178.0
31.0	 508.935354503	 -10.7907199244	 41.4007775207	 186.552066116	256.0952	 182.0
31.5	 465.24846428	 -8.50249173422	 41.5736958678	 186.58677686	237.8388	 183.0
32.0	 451.041240998	 17.490840139	 41.7466142149	 186.621487603	232.0184	 194.0
32.5	 417.018447445	 -8.66705609037	 41.919532562	 186.656198347	217.8388	 183.0
33.0	 414.177347276	 0.732703204746	 42.0924509091	 186.690909091	216.8132	 187.0
33.5	 433.400009412	 -11.2021308148	 42.2653692562	 186.725619835	225.0952	 182.0
34.0	 454.871811785	 -4.17288188799	 42.4382876033	 186.760330579	234.326	 185.0
34.5	 455.069705909	 -6.62567443436	 42.6112059504	 186.795041322	234.5824	 184.0
35.0	 471.253373752	 -6.70795661244	 42.7841242975	 186.829752066	241.5824	 184.0
35.5	 493.393660049	 -11.5312595271	 42.9570426446	 186.86446281	251.0952	 182.0
36.0	 344.675144632	 12.0915619778	 43.1299609917	 186.899173554	188.5312	 192.0
36.5	 444.008730562	 -16.4368446198	 43.3028793388	 186.933884298	230.608	 180.0
37.0	 306.656338259	 -9.40759569302	 43.475797686	 186.968595041	172.8388	 183.0
37.5	 420.578044996	 -2.37834676621	 43.6487160331	 187.003305785	221.0696	 186.0
38.0	 391.053531918	 9.3919228972	 43.8216343802	 187.038016529	208.7876	 191.0
38.5	 242.699126894	 -23.877504437	 43.9945527273	 187.072727273	146.3772	 177.0
39.0	 280.82518691	 -26.3302969834	 44.1674710744	 187.107438017	162.6336	 176.0
39.5	 304.606814586	 -9.81900658339	 44.3403894215	 187.14214876	172.8388	 183.0
40.0	 330.75895263	 6.69228381661	 44.5133077686	 187.176859504	184.044	 190.0
40.5	 258.686623054	 -0.50152946635	 44.6862261157	 187.211570248	153.8132	 187.0
41.0	 296.934053201	 -21.9184049591	 44.8591444628	 187.246280992	170.1208	 178.0
41.5	 203.405760179	 -10.1481352957	 45.0320628099	 187.280991736	130.8388	 183.0
42.0	 204.211453161	 -14.9714382103	 45.204981157	 187.315702479	131.3516	 181.0
42.5	 259.599569679	 -29.2767825982	 45.3778995041	 187.350413223	154.89	 175.0
43.0	 254.935072936	 -12.7654921982	 45.5508178512	 187.385123967	153.0952	 182.0
43.5	 222.006506969	 -24.7003262178	 45.7237361983	 187.419834711	139.3772	 177.0
44.0	 164.035869471	 -12.9300565543	 45.8966545455	 187.454545455	115.0952	 182.0
44.5	 227.021945822	 -10.6418283641	 46.0695728926	 187.489256198	141.8388	 183.0
45.0	 201.022855764	 5.86946203588	 46.2424912397	 187.523966942	131.044	 190.0
45.5	 229.788244438	 -15.5474134569	 46.4154095868	 187.558677686	143.3516	 181.0
46.0	 211.569169408	 -10.8886748983	 46.5883279339	 187.59338843	135.8388	 183.0
46.5	 241.975899461	 -10.9709570764	 46.761246281	 187.628099174	148.8388	 183.0
47.0	 152.09439959	 -13.4237496228	 46.9341646281	 187.662809917	111.0952	 182.0
47.5	 156.243460395	 14.9400926187	 47.1070829752	 187.697520661	113.0184	 194.0
48.0	 105.019295406	 -8.84729324234	 47.2800013223	 187.732231405	91.5824	 184.0
48.5	 62.6086879657	 -20.7821272619	 47.4529196694	 187.766942149	73.8644	 179.0
49.0	 21.90010697	 -20.86440944	 47.6258380165	 187.801652893	56.8644	 179.0
49.5	 91.8763442949	 0.38790169663	 47.7987563636	 187.836363636	86.5568	 188.0
50.0	 108.849866193	 -30.5110152693	 47.9716747107	 187.87107438	93.89	 175.0
50.5	 117.132148877	 0.223337340484	 48.1445930579	 187.905785124	97.5568	 188.0
51.0	 40.926597422	 -9.34098631077	 48.317511405	 187.940495868	65.5824	 184.0
51.5	 103.304874914	 -4.68224775225	 48.4904297521	 187.975206612	92.0696	 186.0
52.0	 103.442083973	 2.34700117456	 48.6633480992	 188.009917355	92.3004	 189.0
52.5	 81.8796411197	 -26.1814054231	 48.8362664463	 188.044628099	83.3772	 177.0
53.0	 105.661268796	 -9.67011502307	 49.0091847934	 188.079338843	93.5824	 184.0
53.5	 83.9774558116	 -19.2344386743	 49.1821031405	 188.114049587	84.608	 180.0
54.0	 -22.6796718342	 6.75889319886	 49.3550214876	 188.148760331	39.7876	 191.0
54.5	 33.3162435426	 -9.91696155729	 49.5279398347	 188.183471074	63.5824	 184.0
55.0	 30.9615721018	 16.0763703159	 49.7008581818	 188.218181818	62.762	 195.0
55.5	 32.5571191387	 -19.5635673866	 49.8737765289	 188.252892562	63.608	 180.0
56.0	 -4.01823997888	 -17.2753391964	 50.046694876	 188.287603306	48.3516	 181.0
56.5	 77.2027503291	 6.3474823085	 50.2196132231	 188.32231405	82.7876	 191.0
57.0	 45.9155257411	 15.7472416036	 50.3925315702	 188.357024793	69.762	 195.0
57.5	 64.6517591491	 -12.781164994	 50.5654499174	 188.391735537	77.8388	 183.0
58.0	 46.371999054	 1.35961503768	 50.7383682645	 188.426446281	70.3004	 189.0
58.5	 -38.099996157	 -12.9457293502	 50.9112866116	 188.461157025	34.8388	 183.0
59.0	 -4.10715801871	 -17.7690322648	 51.0842049587	 188.495867769	49.3516	 181.0
59.5	 7.76123275023	 8.22429960835	 51.2571233058	 188.530578512	54.5312	 192.0
60.0	 -5.77750660823	 22.3650796401	 51.4300416529	 188.565289256	48.9928	 198.0
Actin association begins: 7.5
Actin association ends: 53.5
Length of actin association: 46.0
Area under actin curve during patch life: 27386.3789811
Cofilin intensity score: 303.490268819