Time	 Int488	 Int561	 Back488	 Back561	 Raw488	 Raw561
0.0	 20.4635149145	 0.926918363413	 146.09008	 182.8	172.5824	 184.0
0.5	 4.63037610407	 5.52950942746	 146.049457714	 182.841428571	152.044	 190.0
1.0	 1.0371942825	 -1.45437905116	 146.008835429	 182.882857143	147.3516	 181.0
1.5	 2.45493313354	 -6.89340359076	 145.968213143	 182.924285714	149.1464	 174.0
2.0	 -28.272238913	 1.57134732083	 145.927590857	 182.965714286	109.326	 185.0
2.5	 -41.1741528856	 0.7669145983	 145.886968571	 183.007142857	92.5824	 184.0
3.0	 -44.6483801838	 5.36950566234	 145.846346286	 183.048571429	88.044	 190.0
3.5	 -57.3522425994	 3.7926409703	 145.805724	 183.09	71.5568	 188.0
4.0	 -65.4215131979	 2.21577627825	 145.765101714	 183.131428571	61.0696	 186.0
4.5	 -67.8857084528	 -0.133520383301	 145.724479429	 183.172857143	57.8388	 183.0
5.0	 -50.4844983159	 1.3793428027	 145.683857143	 183.214285714	80.326	 185.0
5.5	 -46.036354362	 5.20950189723	 145.643234857	 183.255714286	86.044	 190.0
6.0	 -47.5300660905	 2.08777326616	 145.602612571	 183.297142857	84.0696	 186.0
6.5	 -45.0031149312	 4.37306842167	 145.561990286	 183.338571429	87.3004	 189.0
7.0	 -30.1172522598	 6.65836357718	 145.521368	 183.38	106.5312	 192.0
7.5	 -18.2617946912	 -0.325524901437	 145.480745714	 183.421428571	121.8388	 183.0
8.0	 -27.7174261885	 3.5046341931	 145.440123429	 183.462857143	109.5568	 188.0
8.5	 -54.8994444678	 1.15533753154	 145.399501143	 183.504285714	74.326	 185.0
9.0	 2.68800234212	 -0.421527160505	 145.358878857	 183.545714286	148.8388	 183.0
9.5	 -17.363850913	 -0.453527913527	 145.318256571	 183.587142857	122.8388	 183.0
10.0	 11.0296840957	 3.376631181	 145.277634286	 183.628571429	159.5568	 188.0
10.5	 31.1838417719	 -2.8348253281	 145.237012	 183.67	185.608	 180.0
11.0	 35.6715342426	 -5.18412198966	 145.196389714	 183.711428571	191.3772	 177.0
11.5	 46.6754628081	 0.190901043893	 145.155767429	 183.752857143	205.5824	 184.0
12.0	 54.4509347137	 -2.93082758717	 145.115145143	 183.794285714	215.608	 180.0
12.5	 77.2393943788	 1.67176347687	 145.074522857	 183.835714286	245.0696	 186.0
13.0	 76.8944434755	 0.0948987848256	 145.033900571	 183.877142857	244.5824	 184.0
13.5	 96.6129495209	 1.60776197082	 144.993278286	 183.918571429	270.0696	 186.0
14.0	 102.071125518	 -1.51396666024	 144.952656	 183.96	277.0952	 182.0
14.5	 128.008635837	 -6.18055923033	 144.912033714	 184.001428571	310.6336	 176.0
15.0	 116.413985729	 -0.0331042272648	 144.871411429	 184.042857143	295.5824	 184.0
15.5	 174.021206798	 -4.69969679735	 144.830789143	 184.084285714	370.1208	 178.0
16.0	 298.612183398	 -5.50412951989	 144.790166857	 184.125714286	531.3772	 177.0
16.5	 221.737144738	 2.1881894222	 144.749544571	 184.167142857	431.8132	 187.0
17.0	 233.71155683	 6.79078048624	 144.708922286	 184.208571429	447.2748	 193.0
17.5	 382.287473002	 -0.193107992378	 144.6683	 184.25	639.5824	 184.0
18.0	 389.86489335	 -2.54240465393	 144.627677714	 184.291428571	649.3516	 181.0
18.5	 535.549133201	 -10.2987251021	 144.587055429	 184.332857143	837.9156	 171.0
19.0	 469.626870896	 5.89034550464	 144.546433143	 184.374285714	752.5312	 192.0
19.5	 420.856305987	 -2.638406913	 144.505810857	 184.415714286	689.3516	 181.0
20.0	 474.799418765	 -8.0774314526	 144.465188571	 184.457142857	759.1464	 174.0
20.5	 455.856777818	 -0.385112510513	 144.424566286	 184.498571429	734.5824	 184.0
21.0	 372.683328879	 -4.27927311109	 144.383944	 184.54	626.8644	 179.0
21.5	 532.76662756	 1.09574992246	 144.343321714	 184.581428571	834.0696	 186.0
22.0	 470.40929328	 3.38104507797	 144.302699429	 184.622857143	753.3004	 189.0
22.5	 473.926502224	 1.80418038593	 144.262077143	 184.664285714	757.8132	 187.0
23.0	 490.020448496	 -3.63484415367	 144.221454857	 184.705714286	778.608	 180.0
23.5	 492.1710708	 -2.89441293718	 144.180832571	 184.747142857	781.3516	 181.0
24.0	 514.781253166	 -0.609117781671	 144.140210286	 184.788571429	810.5824	 184.0
24.5	 531.786360189	 2.44860934335	 144.099588	 184.83	832.5568	 188.0
25.0	 503.6734069	 -5.30771110478	 144.058965714	 184.871428571	796.1208	 178.0
25.5	 542.861215224	 1.61217586779	 144.018343429	 184.912857143	846.8132	 187.0
26.0	 561.8072893	 3.12503905379	 143.977721143	 184.954285714	871.3004	 189.0
26.5	 542.745693829	 -0.769121546784	 143.937098857	 184.995714286	846.5824	 184.0
27.0	 501.303345502	 -7.7530100254	 143.896476571	 185.037142857	792.89	 175.0
27.5	 536.88636831	 -10.8747386565	 143.855854286	 185.078571429	838.9156	 171.0
28.0	 533.154766679	 3.76946801121	 143.815232	 185.12	834.044	 190.0
28.5	 491.395721244	 16.0963787704	 143.774609714	 185.161428571	779.9416	 206.0
29.0	 507.152887177	 2.93303453566	 143.733987429	 185.202857143	800.3004	 189.0
29.5	 520.533434426	 -0.96112606492	 143.693365143	 185.244285714	817.5824	 184.0
30.0	 440.608216405	 0.551737121079	 143.652742857	 185.285714286	714.0696	 186.0
30.5	 468.843248374	 -1.02512757097	 143.612120571	 185.327142857	750.5824	 184.0
31.0	 467.943691316	 -6.46415211056	 143.571498286	 185.368571429	749.3772	 177.0
31.5	 493.20794993	 3.54546274005	 143.530876	 185.41	782.044	 190.0
32.0	 469.472214126	 5.83075789556	 143.490253714	 185.451428571	751.2748	 193.0
32.5	 539.062017851	 -0.380698613545	 143.449631429	 185.492857143	841.326	 185.0
33.0	 531.349301849	 2.67702851148	 143.409009143	 185.534285714	831.3004	 189.0
33.5	 514.426724989	 -3.53442799763	 143.368386857	 185.575714286	809.3516	 181.0
34.0	 600.0	 -2.79399678115	 143.327764571	 185.617142857	920.0952	 182.0
34.5	 439.722082891	 1.8085942829	 143.287142286	 185.658571429	712.5568	 188.0
35.0	 523.63153944	 -9.03745404328	 143.24652	 185.7	821.1464	 174.0
35.5	 507.164697441	 4.06188868539	 143.205897714	 185.741428571	799.7876	 191.0
36.0	 467.46526461	 -3.69443176275	 143.165275429	 185.782857143	748.3516	 181.0
36.5	 466.565707552	 -9.13345630234	 143.124653143	 185.824285714	747.1464	 174.0
37.0	 406.882223778	 -2.21356932977	 143.084030857	 185.865714286	669.8388	 183.0
37.5	 442.8613497	 -6.88016189986	 143.043408571	 185.907142857	716.3772	 177.0
38.0	 524.33486479	 0.812157042229	 143.002786286	 185.948571429	821.8132	 187.0
38.5	 427.198317624	 6.18718007578	 142.962164	 185.99	696.0184	 194.0
39.0	 417.782234643	 3.83788341423	 142.921541714	 186.031428571	683.7876	 191.0
39.5	 465.526117406	 1.48858675267	 142.880919429	 186.072857143	745.5568	 188.0
40.0	 394.275928348	 5.3187458472	 142.840297143	 186.114285714	653.2748	 193.0
40.5	 431.245312055	 -3.21000657044	 142.799674857	 186.155714286	701.0952	 182.0
41.0	 450.983592359	 -4.78687126248	 142.759052571	 186.197142857	726.608	 180.0
41.5	 395.954474661	 -0.956712167951	 142.718430286	 186.238571429	655.326	 185.0
42.0	 514.148169689	 2.10101495707	 142.677808	 186.28	808.3004	 189.0
42.5	 340.025799905	 -2.56557761302	 142.637185714	 186.321428571	582.8388	 183.0
43.0	 373.271752546	 -2.59757836604	 142.596563429	 186.362857143	625.8388	 183.0
43.5	 276.57085701	 -4.9468750276	 142.555941143	 186.404285714	500.608	 180.0
44.0	 171.313887035	 1.97301194498	 142.515318857	 186.445714286	364.3004	 189.0
44.5	 219.236047097	 1.94101119196	 142.474696571	 186.487142857	426.3004	 189.0
45.0	 228.952486056	 -2.72558137813	 142.434074286	 186.528571429	438.8388	 183.0
45.5	 387.510695056	 -0.440286222621	 142.393452	 186.57	644.0696	 186.0
46.0	 341.631806469	 -8.19660667075	 142.352829714	 186.611428571	584.6336	 176.0
46.5	 287.494075263	 7.22003196644	 142.312207429	 186.652857143	514.5056	 196.0
47.0	 164.035209385	 -8.2606081768	 142.271585143	 186.694285714	354.6336	 176.0
47.5	 97.2413348457	 -6.7477449908	 142.230962857	 186.735714286	268.1208	 178.0
48.0	 126.209250267	 -2.14515392676	 142.190340571	 186.777142857	305.5824	 184.0
48.5	 129.469084879	 6.31959698484	 142.149718286	 186.818571429	309.762	 195.0
49.0	 71.8452137083	 -6.84374724987	 142.109096	 186.86	235.1208	 178.0
49.5	 19.4899465154	 1.62100366173	 142.068473714	 186.901428571	167.3004	 189.0
50.0	 73.47260781	 -9.99747663395	 142.027851429	 186.942857143	237.1464	 174.0
50.5	 49.5190461905	 -3.85002163089	 141.987229143	 186.984285714	206.0952	 182.0
51.0	 -19.3940727008	 -3.1095904144	 141.946606857	 187.025714286	116.8388	 183.0
51.5	 -6.23135126692	 -3.14159116742	 141.905984571	 187.067142857	133.8388	 183.0
52.0	 -17.568627042	 -7.035751768	 141.865362286	 187.108571429	119.1208	 178.0
52.5	 -23.9345306613	 -3.20559267347	 141.82474	 187.15	110.8388	 183.0
53.0	 -24.4775331217	 -4.010025396	 141.784117714	 187.191428571	110.0952	 182.0
53.5	 7.97621329148	 -0.952298270983	 141.743495429	 187.232857143	152.0696	 186.0
54.0	 -23.0679648354	 -3.30159493254	 141.702873143	 187.274285714	111.8388	 183.0
54.5	 18.853016769	 -1.01629977703	 141.662250857	 187.315714286	166.0696	 186.0
55.0	 14.6261317596	 0.496563408971	 141.621628571	 187.357142857	160.5568	 188.0
55.5	 35.1763925498	 -7.25975703916	 141.581006286	 187.398571429	187.1208	 178.0
56.0	 30.7316817251	 -1.88473400561	 141.540384	 187.44	181.326	 185.0
56.5	 27.5148287591	 -7.32375854521	 141.499761714	 187.481428571	177.1208	 178.0
57.0	 34.8348747755	 0.368560396881	 141.459139429	 187.522857143	186.5568	 188.0
57.5	 72.576690452	 -8.16019202076	 141.418517143	 187.564285714	235.3772	 177.0
58.0	 107.743835888	 -6.64732883476	 141.377894857	 187.605714286	280.8644	 179.0
58.5	 50.3578737638	 3.36228601586	 141.337272571	 187.647142857	206.5312	 192.0
59.0	 61.8370024769	 -5.16646640179	 141.296650286	 187.688571429	221.3516	 181.0
59.5	 70.7019124324	 2.5258525403	 141.256028	 187.73	232.7876	 191.0
60.0	 72.3177028404	 -3.68560396881	 141.215405714	 187.771428571	234.8388	 183.0
60.5	 95.3239883209	 -2.94517275232	 141.174783429	 187.812857143	264.5824	 184.0
61.0	 5.91176084995	 2.42985028123	 141.134161143	 187.854285714	148.7876	 191.0
61.5	 81.681020331	 -3.78160622788	 141.093538857	 187.895714286	246.8388	 183.0
62.0	 75.8894971242	 0.820984836166	 141.052916571	 187.937142857	239.3004	 189.0
62.5	 68.6124327537	 -3.84560773392	 141.012294286	 187.978571429	229.8388	 183.0
63.0	 57.8297631327	 -3.87760848694	 140.971672	 188.02	215.8388	 183.0
63.5	 43.8980428584	 5.35957439416	 140.931049714	 188.061428571	197.762	 195.0
64.0	 23.3113577076	 -1.62431408446	 140.890427429	 188.102857143	171.0696	 186.0
64.5	 21.064988268	 -7.83577059357	 140.849805143	 188.144285714	168.1208	 178.0
65.0	 32.445245689	 -0.915883620991	 140.809182857	 188.185714286	182.8132	 187.0
65.5	 33.6253844662	 0.596979565008	 140.768560571	 188.227142857	184.3004	 189.0
66.0	 41.9356882676	 4.42713865954	 140.727938286	 188.268571429	195.0184	 194.0
66.5	 9.34664620176	 2.07784199798	 140.687316	 188.31	152.7876	 191.0
67.0	 41.2655607193	 -1.81631860259	 140.646693714	 188.351428571	194.0696	 186.0
67.5	 -4.6924249021	 2.78627246145	 140.606071429	 188.392857143	134.5312	 192.0
68.0	 37.0700536621	 -0.335456169616	 140.565449143	 188.434285714	188.5568	 188.0
68.5	 22.3856756767	 5.81199883345	 140.524826857	 188.475714286	169.5056	 196.0
69.0	 -14.2042550185	 -5.03404949273	 140.484204571	 188.517142857	122.0952	 182.0
69.5	 -41.0297187006	 -2.74875433722	 140.443582286	 188.558571429	87.326	 185.0
Actin association begins: 10.0
Actin association ends: 50.5
Length of actin association: 40.5
Area under actin curve during patch life: 29111.1783119
Cofilin intensity score: 359.826724665