Time	 Int488	 Int561	 Back488	 Back561	 Raw488	 Raw561
0.0	 -17.972449717	 -2.05549770313	 50.0696	 186.0	41.326	 185.0
0.5	 -32.9347129477	 10.3045939798	 49.8103437363	 185.986813187	33.7876	 191.0
1.0	 -0.462666782782	 -2.00128677469	 49.5510874725	 185.973626374	49.326	 185.0
1.5	 12.508461573	 -18.4181629355	 49.2918312088	 185.96043956	55.3772	 177.0
2.0	 44.1903744208	 12.4414080756	 49.0325749451	 185.947252747	70.5312	 192.0
2.5	 42.7203981135	 4.24652272734	 48.7733186813	 185.934065934	69.5568	 188.0
3.0	 35.5583375667	 2.21813048843	 48.5140624176	 185.920879121	65.8132	 187.0
3.5	 25.7611289645	 10.4672267651	 48.2548061538	 185.907692308	60.7876	 191.0
4.0	 91.2263798618	 -18.2826356144	 47.9955498901	 185.894505495	92.3772	 177.0
4.5	 52.0199323224	 8.46593999045	 47.7362936264	 185.881318681	73.044	 190.0
5.0	 27.9921020219	 -7.95093617033	 47.4770373626	 185.868131868	61.0952	 182.0
5.5	 -0.357206649638	 8.52015091889	 47.2177810989	 185.854945055	47.044	 190.0
6.0	 40.8638599388	 -5.84122753877	 46.9585248352	 185.841758242	66.8388	 183.0
6.5	 10.5116743054	 2.40786873795	 46.6992685714	 185.828571429	51.8132	 187.0
7.0	 -26.8505806948	 -18.1200028291	 46.4400123077	 185.815384615	33.3772	 177.0
7.5	 4.98919437657	 -11.9264042555	 46.180756044	 185.802197802	48.608	 180.0
8.0	 -44.2842587137	 -18.0657919007	 45.9214997802	 185.789010989	24.3772	 177.0
8.5	 -45.8068557622	 -18.0386864364	 45.6622435165	 185.775824176	23.3772	 177.0
9.0	 -28.8825942237	 -9.78959015972	 45.4029872527	 185.762637363	31.3516	 181.0
9.5	 -25.3979988674	 10.7924923357	 45.143730989	 185.749450549	32.7876	 191.0
10.0	 -1.14794351506	 -1.51338841878	 44.8844747253	 185.736263736	44.326	 185.0
10.5	 25.6846391515	 -15.8747668764	 44.6252184615	 185.723076923	57.1208	 178.0
11.0	 8.03460712431	 14.9848041347	 44.3659621978	 185.70989011	48.2748	 193.0
11.5	 72.9202076693	 -3.48756972926	 44.1067059341	 185.696703297	79.5824	 184.0
12.0	 3.19701903019	 -26.0709389994	 43.8474496703	 185.683516484	45.4028	 173.0
12.5	 21.0174775672	 2.73313430855	 43.5881934066	 185.67032967	53.8132	 187.0
13.0	 43.7916855687	 -19.8502349616	 43.3289371429	 185.657142857	64.6336	 176.0
13.5	 22.6103084875	 0.73184753386	 43.0696808791	 185.643956044	54.0696	 186.0
14.0	 69.4182178331	 -3.35204240817	 42.8104246154	 185.630769231	76.5824	 184.0
14.5	 59.6736299721	 -3.32493694396	 42.5511683516	 185.617582418	71.5824	 184.0
15.0	 66.2151615125	 21.3681409578	 42.2919120879	 185.604395604	74.5056	 196.0
15.5	 46.7201147469	 19.3397487189	 42.0326558242	 185.591208791	64.762	 195.0
16.0	 119.458538717	 -21.7430998794	 41.7733995604	 185.578021978	99.89	 175.0
16.5	 107.026182059	 -3.21651508709	 41.5141432967	 185.564835165	93.5824	 184.0
17.0	 98.7574415492	 7.08807889275	 41.254887033	 185.551648352	89.3004	 189.0
17.5	 176.450437183	 -5.21780186178	 40.9956307692	 185.538461538	126.8388	 183.0
18.0	 102.353149431	 13.3087829306	 40.7363745055	 185.525274725	90.5312	 192.0
18.5	 86.4946892023	 5.11389758228	 40.4771182418	 185.512087912	82.5568	 188.0
19.0	 170.775966074	 7.19650074962	 40.217861978	 185.498901099	123.3004	 189.0
19.5	 210.363323088	 7.22360621384	 39.9586057143	 185.485714286	142.3004	 189.0
20.0	 214.638051761	 -15.3597630563	 39.6993494505	 185.472527473	144.1208	 178.0
20.5	 221.811854395	 -9.16616448273	 39.4400931868	 185.459340659	147.3516	 181.0
21.0	 213.068705015	 -5.02806361226	 39.1808369231	 185.446153846	142.8388	 183.0
21.5	 187.986815493	 -17.3339443668	 38.9215806593	 185.432967033	130.3772	 177.0
22.0	 308.160371057	 -2.9183549807	 38.6623243956	 185.41978022	188.5824	 184.0
22.5	 279.916303868	 -2.89124951648	 38.4030681319	 185.406593407	174.5824	 184.0
23.0	 243.292383643	 21.8018283852	 38.1438118681	 185.393406593	156.5056	 196.0
23.5	 353.978584009	 -6.9480339943	 37.8845556044	 185.38021978	210.0952	 182.0
24.0	 352.45598696	 -6.92092853008	 37.6252993407	 185.367032967	209.0952	 182.0
24.5	 374.545303127	 -2.78282765962	 37.3660430769	 185.353846154	219.5824	 184.0
25.0	 376.554051133	 7.52176632023	 37.1067868132	 185.340659341	220.3004	 189.0
25.5	 389.946967617	 5.49337408132	 36.8475305495	 185.327472527	226.5568	 188.0
26.0	 421.891984171	 -4.75700897009	 36.5882742857	 185.314285714	241.8388	 183.0
26.5	 423.478944048	 -8.84089891212	 36.329018022	 185.301098901	242.3516	 181.0
27.0	 449.62663488	 3.51919277085	 36.0697617582	 185.287912088	254.8132	 187.0
27.5	 394.081447198	 13.8237867507	 35.8105054945	 185.274725275	227.5312	 192.0
28.0	 494.542779789	 -23.1480664413	 35.5512492308	 185.261538462	276.1464	 174.0
28.5	 527.383993342	 -12.8434724615	 35.291992967	 185.248351648	291.8644	 179.0
29.0	 466.62113029	 9.79410773709	 35.0327367033	 185.235164835	262.044	 190.0
29.5	 423.56679105	 -4.56727072057	 34.7734804396	 185.221978022	240.8388	 183.0
30.0	 506.266979089	 3.68182555615	 34.5142241758	 185.208791209	280.8132	 187.0
30.5	 525.773767941	 9.87542412974	 34.2549679121	 185.195604396	290.044	 190.0
31.0	 434.915951919	 -2.43045662479	 33.9957116484	 185.182417582	245.5824	 184.0
31.5	 481.671240523	 1.70764424567	 33.7364553846	 185.169230769	268.0696	 186.0
32.0	 490.268269767	 26.4007221474	 33.4771991209	 185.156043956	271.9928	 198.0
32.5	 443.155555862	 3.81735287723	 33.2179428571	 185.142857143	248.8132	 187.0
33.0	 443.214047647	 -2.32203476793	 32.9586865934	 185.12967033	248.5824	 184.0
33.5	 442.060617986	 20.3155454307	 32.6994303297	 185.116483516	247.762	 195.0
34.0	 584.528101638	 3.89866926988	 32.4401740659	 185.103296703	316.8132	 187.0
34.5	 561.976118689	 -2.24071837527	 32.1809178022	 185.09010989	305.5824	 184.0
35.0	 529.621056093	 -2.21361291106	 31.9216615385	 185.076923077	289.5824	 184.0
35.5	 577.061236532	 -24.7969821812	 31.6624052747	 185.063736264	312.4028	 173.0
36.0	 462.960674682	 -18.6033836076	 31.403149011	 185.050549451	256.6336	 176.0
36.5	 600.0	 10.2006897003	 31.1438927473	 185.037362637	323.044	 190.0
37.0	 590.78244175	 8.17229746144	 30.8846364835	 185.024175824	318.3004	 189.0
37.5	 462.451258201	 -10.3000764025	 30.6253802198	 185.010989011	255.608	 180.0
38.0	 466.04109504	 -6.16197553201	 30.366123956	 184.997802198	257.0952	 182.0
38.5	 590.957917104	 -10.245865474	 30.1068676923	 184.984615385	317.608	 180.0
39.0	 467.528684478	 8.2807193183	 29.8476114286	 184.971428571	257.3004	 189.0
39.5	 517.97318036	 -1.9696637331	 29.5883551648	 184.958241758	281.5824	 184.0
40.0	 404.821436249	 16.5569210592	 29.3290989011	 184.945054945	226.2748	 193.0
40.5	 513.557380394	 -28.6369229453	 29.0698426374	 184.931868132	278.9156	 171.0
41.0	 418.799874129	 6.33364347205	 28.8105863736	 184.918681319	232.5568	 188.0
41.5	 521.158842201	 -5.97223728249	 28.5513301099	 184.905494505	282.0952	 182.0
42.0	 435.782627453	 8.44335210361	 28.2920738462	 184.892307692	240.3004	 189.0
42.5	 471.364230543	 -7.97352405718	 28.0328175824	 184.879120879	257.3516	 181.0
43.0	 470.263421623	 6.44206532892	 27.7735613187	 184.865934066	256.5568	 188.0
43.5	 357.269539736	 0.302677683757	 27.5143050549	 184.852747253	201.326	 185.0
44.0	 443.131905441	 -3.78121225828	 27.2550487912	 184.83956044	242.8388	 183.0
44.5	 367.13698221	 -9.92059990343	 26.9957925275	 184.826373626	205.608	 180.0
45.0	 321.342253432	 2.43949177953	 26.7365362637	 184.813186813	183.0696	 186.0
45.5	 316.130449106	 16.8550811656	 26.47728	 184.8	180.2748	 193.0
46.0	 348.602495271	 4.54920041109	 26.2180237363	 184.786813187	195.8132	 187.0
46.5	 345.604050872	 -5.70118264032	 25.9587674725	 184.773626374	194.0952	 182.0
47.0	 254.113963756	 0.492415933276	 25.6995112088	 184.76043956	149.326	 185.0
47.5	 303.926188544	 8.74151220999	 25.4402549451	 184.747252747	173.3004	 189.0
48.0	 361.485995275	 10.8241153773	 25.1809986813	 184.734065934	201.044	 190.0
48.5	 319.538335999	 -15.8702492991	 24.9217424176	 184.720879121	180.3772	 177.0
49.0	 307.580388211	 8.82282860264	 24.6624861538	 184.707692308	174.3004	 189.0
49.5	 254.670348585	 8.84993406686	 24.4032298901	 184.694505495	148.3004	 189.0
50.0	 254.676219628	 10.9325372342	 24.1439736264	 184.681318681	148.044	 190.0
50.5	 252.731834451	 -3.42884122345	 23.8847173626	 184.668131868	146.8388	 183.0
51.0	 175.577610516	 10.9867481626	 23.6254610989	 184.654945055	109.044	 190.0
51.5	 234.138855728	 17.1803467362	 23.3662048352	 184.641758242	137.2748	 193.0
52.0	 170.529539457	 2.81896827857	 23.1069485714	 184.628571429	106.0696	 186.0
52.5	 198.943210956	 -17.7089032885	 22.8476923077	 184.615384615	119.6336	 176.0
53.0	 279.482659809	 6.98417461326	 22.588436044	 184.602197802	158.5568	 188.0
53.5	 227.152270535	 -3.26620843815	 22.3291797802	 184.589010989	132.8388	 183.0
54.0	 218.936150766	 -1.18360527081	 22.0699235165	 184.575824176	128.5824	 184.0
54.5	 176.98849149	 -27.8779699472	 21.8106672527	 184.562637363	107.9156	 171.0
55.0	 174.781002607	 -1.12939434238	 21.551410989	 184.549450549	106.5824	 184.0
55.5	 121.343933369	 0.953208824966	 21.2921547253	 184.536263736	80.326	 185.0
56.0	 154.764797273	 0.980314289183	 21.0328984615	 184.523076923	96.326	 185.0
56.5	 143.49174132	 -1.04807794973	 20.7736421978	 184.50989011	90.5824	 184.0
57.0	 118.199368833	 19.5340045457	 20.5143859341	 184.496703297	78.0184	 194.0
57.5	 161.423312383	 13.3946169006	 20.2551296703	 184.483516484	98.7876	 191.0
58.0	 79.7889256542	 5.1997315523	 19.9958734066	 184.47032967	58.8132	 187.0
58.5	 131.129618535	 15.5043255321	 19.7366171429	 184.457142857	83.5312	 192.0
59.0	 179.044207844	 -0.91255062864	 19.4773608791	 184.443956044	106.5824	 184.0
59.5	 192.226641363	 29.9470203825	 19.2181046154	 184.430769231	112.7364	 199.0
60.0	 236.030235266	 13.5301442217	 18.9588483516	 184.417582418	133.7876	 191.0
60.5	 327.426822987	 27.9457336078	 18.6995920879	 184.404395604	177.9928	 198.0
61.0	 307.562608834	 3.30686663448	 18.4403358242	 184.391208791	168.0696	 186.0
61.5	 250.96336193	 17.7224560206	 18.1810795604	 184.378021978	140.2748	 193.0
62.0	 336.351318765	 7.47207296916	 17.9218232967	 184.364835165	181.5568	 188.0
62.5	 239.22176815	 11.6101738396	 17.662567033	 184.351648352	134.044	 190.0
63.0	 233.588175695	 11.6372793038	 17.4033107692	 184.338461538	131.044	 190.0
63.5	 255.730112603	 7.55338936181	 17.1440545055	 184.325274725	141.5568	 188.0
64.0	 179.735189373	 1.41400171666	 16.8847982418	 184.312087912	104.326	 185.0
64.5	 259.431061968	 -2.66988822538	 16.625541978	 184.298901099	142.8388	 183.0
65.0	 213.688953932	 1.46821264509	 16.3662857143	 184.285714286	120.326	 185.0
65.5	 214.169233845	 9.71730892181	 16.1070294505	 184.272527473	120.3004	 189.0
66.0	 209.642321354	 -2.58857183273	 15.8477731868	 184.259340659	117.8388	 183.0
66.5	 150.987576747	 11.8270175534	 15.5885169231	 184.246153846	89.044	 190.0
67.0	 200.852422276	 11.8541230176	 15.3292606593	 184.232967033	113.044	 190.0
67.5	 163.437546535	 -0.451757736951	 15.0700043956	 184.21978022	94.5824	 184.0
68.0	 116.114349665	 9.85283624289	 14.8107481319	 184.206593407	71.3004	 189.0
68.5	 112.483634172	 18.1019325196	 14.5514918681	 184.193406593	69.2748	 193.0
69.0	 172.204180089	 3.74055406195	 14.2922356044	 184.18021978	98.0696	 186.0
69.5	 140.903176716	 -0.343335880082	 14.0329793407	 184.167032967	82.5824	 184.0
70.0	 169.686015603	 1.73926728726	 13.7737230769	 184.153846154	96.326	 185.0
70.5	 149.716559968	 -6.45561806102	 13.5144668132	 184.140659341	86.3516	 181.0
71.0	 161.475766878	 5.90447362194	 13.2552105495	 184.127472527	91.8132	 187.0
71.5	 70.5653301139	 1.82058367991	 12.9959542857	 184.114285714	47.326	 185.0
72.0	 102.352484444	 16.236173066	 12.736698022	 184.101098901	62.5312	 192.0
72.5	 118.749716371	 26.5407670458	 12.4774417582	 184.087912088	70.2492	 197.0
73.0	 152.381063241	 -6.32009073994	 12.2181854945	 184.074725275	86.3516	 181.0
73.5	 128.142749976	 10.1509963493	 11.9589292308	 184.061538462	74.3004	 189.0
74.0	 120.5589013	 -6.2658798115	 11.699672967	 184.048351648	70.3516	 181.0
74.5	 97.9016768681	 4.03871416834	 11.4404167033	 184.035164835	59.0696	 186.0
75.0	 129.688831198	 18.4543035544	 11.1811604396	 184.021978022	74.2748	 193.0
75.5	 54.1156960961	 26.7033998311	 10.9219041758	 184.008791209	37.2492	 197.0
76.0	 53.3306116235	 -8.21295565776	 10.6626479121	 183.995604396	36.608	 180.0
76.5	 48.7510783909	 -12.2968455998	 10.4033916484	 183.982417582	34.1208	 178.0
77.0	 11.6001285546	 14.451730005	 10.1441353846	 183.969230769	15.7876	 191.0
77.5	 -17.5927563743	 2.14584925052	 9.88487912088	 183.956043956	1.326	 185.0
78.0	 -35.1375469191	 16.5614386366	 9.62562285714	 183.942857143	-7.4688	 192.0
78.5	 -26.2774139696	 0.144562475824	 9.36636659341	 183.92967033	-3.4176	 184.0
79.0	 -28.4322821116	 18.6711472682	 9.10711032967	 183.916483516	-4.7252	 193.0
79.5	 -0.0186106117314	 -1.85672429887	 8.84785406593	 183.903296703	8.8388	 183.0
80.0	 -0.487148438063	 -5.9406142409	 8.5885978022	 183.89010989	8.3516	 181.0
80.5	 -20.0348159448	 0.252984332692	 8.32934153846	 183.876923077	-1.4176	 184.0
81.0	 -27.302117974	 14.6685737188	 8.07008527473	 183.863736264	-5.2124	 191.0
81.5	 -21.1297538211	 16.7511768861	 7.81082901099	 183.850549451	-2.4688	 192.0
82.0	 -30.6638587173	 -16.1096808997	 7.55157274725	 183.837362637	-7.3664	 176.0
82.5	 4.6546406669	 8.58339700206	 7.29231648352	 183.824175824	9.5568	 188.0
83.0	 2.65763474852	 2.4440093569	 7.03306021978	 183.810989011	8.326	 185.0
83.5	 -34.282832123	 -3.69537828826	 6.77380395604	 183.797802198	-9.9048	 182.0
84.0	 8.41408181631	 -7.77926823029	 6.51454769231	 183.784615385	10.608	 180.0
84.5	 -30.6345034995	 -5.69666506295	 6.25529142857	 183.771428571	-8.6484	 181.0
85.0	 -25.56881931	 8.71892432315	 5.99603516484	 183.758241758	-6.4432	 188.0
85.5	 -22.4533913411	 6.69053208424	 5.7367789011	 183.745054945	-5.1868	 187.0
86.0	 6.96171863967	 -9.72634407655	 5.47752263736	 183.731868132	8.8644	 179.0
86.5	 -16.9600479793	 37.5772085595	 5.21826637363	 183.718681319	-3.0328	 202.0
87.0	 -20.0111131199	 35.5488163206	 4.95901010989	 183.705494505	-4.7764	 201.0
87.5	 -13.6808867433	 12.9654470505	 4.69975384615	 183.692307692	-1.956	 190.0
88.0	 -16.6267104015	 -5.50692681343	 4.44049758242	 183.679120879	-3.6484	 181.0
88.5	 -20.0995636707	 -21.9238029742	 4.18124131868	 183.665934066	-5.5972	 173.0
89.0	 1.25223992027	 17.1577588494	 3.92198505495	 183.652747253	4.5312	 192.0
89.5	 17.2276837189	 13.0738689073	 3.66272879121	 183.63956044	12.044	 190.0
90.0	 -11.4381715989	 -1.28750955031	 3.40347252747	 183.626373626	-2.1612	 183.0
90.5	 5.06430181089	 -7.42689719547	 3.14421626374	 183.613186813	5.608	 180.0
Actin association begins: 10.5
Actin association ends: 77.0
Length of actin association: 66.5
Area under actin curve during patch life: 35878.8918372
Cofilin intensity score: 267.53707782