Time	 Int488	 Int561	 Back488	 Back561	 Raw488	 Raw561
0.0	 -31.2014911828	 2.45972104537	 73.82856	 184.6	56.0696	 186.0
0.5	 -4.63329694837	 11.2330426736	 73.4247347027	 184.606486486	70.7876	 191.0
1.0	 66.4439009908	 -2.83390254803	 73.0209094054	 184.612972973	110.8388	 183.0
1.5	 3.40797142952	 5.93941908022	 72.6170841081	 184.619459459	74.5568	 188.0
2.0	 -26.9221015576	 -16.9122441606	 72.2132588108	 184.625945946	56.89	 175.0
2.5	 -32.5193280448	 7.67356990217	 71.8094335135	 184.632432432	53.3004	 189.0
3.0	 -25.5930605238	 -2.8794881118	 71.4056082162	 184.638918919	56.8388	 183.0
3.5	 -7.31412621228	 -2.89088450275	 71.0017829189	 184.645405405	66.8388	 183.0
4.0	 -19.804193846	 0.611606313985	 70.5979576216	 184.651891892	59.326	 185.0
4.5	 -21.7525998568	 4.11409713072	 70.1941323243	 184.658378378	57.8132	 187.0
5.0	 -40.3694812258	 4.10270073977	 69.790307027	 184.664864865	46.8132	 187.0
5.5	 -24.7034734419	 0.577417141153	 69.3864817297	 184.671351351	55.326	 185.0
6.0	 -34.9861171318	 2.32296435405	 68.9826564324	 184.677837838	49.0696	 186.0
6.5	 -19.3201093479	 -1.20231924457	 68.5788311351	 184.684324324	57.5824	 184.0
7.0	 -22.5749786225	 0.543227968322	 68.1750058378	 184.690810811	55.326	 185.0
7.5	 -2.44914519458	 -13.5237172533	 67.7711805405	 184.697297297	66.3772	 177.0
8.0	 -15.3896931684	 -8.26428283275	 67.3673552432	 184.703783784	58.608	 180.0
8.5	 -41.529807049	 0.50903879549	 66.9635299459	 184.71027027	43.326	 185.0
9.0	 -12.7541888708	 7.5254168199	 66.5597046486	 184.716756757	59.3004	 189.0
9.5	 1.10989755306	 11.0279076366	 66.1558793514	 184.723243243	66.7876	 191.0
10.0	 -14.7141462633	 -13.580699208	 65.7520540541	 184.72972973	57.3772	 177.0
10.5	 -4.0034222197	 2.22039683555	 65.3482287568	 184.736216216	63.0696	 186.0
11.0	 -64.3814474971	 7.47983125612	 64.9444034595	 184.742702703	28.3004	 189.0
11.5	 -57.4551799761	 -3.07322675785	 64.5405781622	 184.749189189	31.8388	 183.0
12.0	 -28.1391259453	 -11.869341168	 64.1367528649	 184.755675676	48.1208	 178.0
12.5	 -49.4139115982	 -8.36685035125	 63.7329275676	 184.762162162	35.608	 180.0
13.0	 -16.2684232885	 2.16341488083	 63.3291022703	 184.768648649	54.0696	 186.0
13.5	 -44.436050088	 -15.4174175485	 62.925276973	 184.775135135	37.6336	 176.0
14.0	 -29.7609584967	 -1.37326510873	 62.5214516757	 184.781621622	45.5824	 184.0
14.5	 -47.0263988456	 -6.65549231119	 62.1176263784	 184.788108108	35.3516	 181.0
15.0	 -54.2006579116	 -10.1807759098	 61.7138010811	 184.794594595	30.8644	 179.0
15.5	 -34.7501936051	 12.6480945491	 61.3099757838	 184.801081081	41.5312	 192.0
16.0	 -35.662705667	 -8.44662508785	 60.9061504865	 184.807567568	40.608	 180.0
16.5	 -14.2753867315	 -13.7288522903	 60.5023251892	 184.814054054	52.3772	 177.0
17.0	 3.86861431123	 7.3430745648	 60.0984998919	 184.820540541	62.3004	 189.0
17.5	 16.831740055	 14.3594525892	 59.6946745946	 184.827027027	69.2748	 193.0
18.0	 83.9445704465	 2.0494509714	 59.2908492973	 184.833513514	107.0696	 186.0
18.5	 39.0634905324	 -12.0174942502	 58.887024	 184.84	81.1208	 178.0
19.0	 65.5867070105	 3.78360179335	 58.4831987027	 184.846486486	95.8132	 187.0
19.5	 53.5920974731	 -1.49862540911	 58.0793734054	 184.852972973	88.5824	 184.0
20.0	 87.9990712904	 17.8163578422	 57.6755481081	 184.859459459	107.762	 195.0
20.5	 127.45128436	 3.74941262051	 57.2717228108	 184.865945946	129.8132	 187.0
21.0	 97.3917806883	 7.25190343724	 56.8678975135	 184.872432432	112.3004	 189.0
21.5	 126.662856963	 5.48356344246	 56.4640722162	 184.878918919	128.5568	 188.0
22.0	 118.272090146	 -13.8542125907	 56.0602469189	 184.885405405	123.3772	 177.0
22.5	 136.866571528	 5.46077066058	 55.6564216216	 184.891891892	133.5568	 188.0
23.0	 139.783493745	 3.69243066579	 55.2525963243	 184.898378378	134.8132	 187.0
23.5	 189.326888099	 -8.61757095201	 54.848771027	 184.904864865	162.608	 180.0
24.0	 184.720577804	 -1.60119292761	 54.4449457297	 184.911351351	159.5824	 184.0
24.5	 152.408672432	 10.6860159083	 54.0411204324	 184.917837838	140.7876	 191.0
25.0	 169.426121236	 1.88990149818	 53.6372951351	 184.924324324	150.0696	 186.0
25.5	 137.15919362	 7.14933591875	 53.2334698378	 184.930810811	131.3004	 189.0
26.0	 182.5583094	 24.7073755662	 52.8296445405	 184.937297297	156.7364	 199.0
26.5	 245.30126966	 8.8834867407	 52.4258192432	 184.943783784	192.044	 190.0
27.0	 286.825973405	 14.1429211613	 52.0219939459	 184.95027027	215.2748	 193.0
27.5	 194.912918771	 5.34680675114	 51.6181686486	 184.956756757	162.5568	 188.0
28.0	 317.391961562	 -10.4770820743	 51.2143433514	 184.963243243	231.8644	 179.0
28.5	 359.817625987	 -8.73153486145	 50.8105180541	 184.96972973	255.608	 180.0
29.0	 328.406681295	 0.041786766794	 50.4066927568	 184.976216216	237.326	 185.0
29.5	 429.622489814	 12.3289956027	 50.0028674595	 184.982702703	294.5312	 192.0
30.0	 426.953034148	 -8.76572403428	 49.5990421622	 184.989189189	292.608	 180.0
30.5	 407.795716927	 7.03537200931	 49.1952168649	 184.995675676	281.3004	 189.0
31.0	 504.731610827	 1.75314480686	 48.7913915676	 185.002162162	336.0696	 186.0
31.5	 489.673594422	 -5.28602599944	 48.3875662703	 185.008648649	327.0952	 182.0
32.0	 416.140980994	 -3.54047878654	 47.983740973	 185.015135135	284.8388	 183.0
32.5	 431.401486194	 -12.3365931967	 47.5799156757	 185.021621622	293.1208	 178.0
33.0	 469.772827559	 5.22144645076	 47.1760903784	 185.028108108	314.5568	 188.0
33.5	 447.732014495	 -8.84549877089	 46.7722650811	 185.034594595	301.608	 180.0
34.0	 475.65164975	 -5.34300795416	 46.3684397838	 185.041081081	317.0952	 182.0
34.5	 536.547710893	 -7.11134794894	 45.9646144865	 185.047567568	351.3516	 181.0
35.0	 473.061300992	 3.41891728314	 45.5607891892	 185.054054054	314.8132	 187.0
35.5	 454.984855475	 -12.4049715423	 45.1569638919	 185.060540541	304.1208	 178.0
36.0	 493.311219084	 12.1808425204	 44.7531385946	 185.067027027	325.5312	 192.0
36.5	 491.497746342	 -5.39998990888	 44.3493132973	 185.073513514	324.0952	 182.0
37.0	 514.146550785	 -1.89749909214	 43.945488	 185.08	336.5824	 184.0
37.5	 552.652825419	 -5.42278269076	 43.5416627027	 185.086486486	358.0952	 182.0
38.0	 518.673931955	 -7.19112268554	 43.1378374054	 185.092972973	338.3516	 181.0
38.5	 589.210694042	 -5.44557547265	 42.7340121081	 185.099459459	378.0952	 182.0
39.0	 442.877365445	 -21.2694642981	 42.3301868108	 185.105945946	294.4028	 173.0
39.5	 515.57657372	 -14.2530862737	 41.9263615135	 185.112432432	335.3772	 177.0
40.0	 487.229035895	 -3.72282104164	 41.5225362162	 185.118918919	318.8388	 183.0
40.5	 584.975934963	 1.53661337892	 41.1187109189	 185.125405405	374.0696	 186.0
41.0	 528.562277233	 5.03910419566	 40.7148856216	 185.131891892	341.5568	 188.0
41.5	 600.0	 3.27076420087	 40.3110603243	 185.138378378	381.8132	 187.0
42.0	 469.884666422	 -7.2822938131	 39.907235027	 185.144864865	307.3516	 181.0
42.5	 387.567334974	 -5.5367466002	 39.5034097297	 185.151351351	260.0952	 182.0
43.0	 457.653616721	 -2.03425578347	 39.0995844324	 185.157837838	299.5824	 184.0
43.5	 498.772817882	 -2.04565217441	 38.6957591351	 185.164324324	322.5824	 184.0
44.0	 457.225714151	 11.9985002653	 38.2919338378	 185.170810811	298.5312	 192.0
44.5	 469.46779024	 -5.58233216398	 37.8881085405	 185.177297297	305.0952	 182.0
45.0	 453.914315738	 -3.83678495108	 37.4842832432	 185.183783784	295.8388	 183.0
45.5	 493.276573296	 -3.84818134203	 37.0804579459	 185.19027027	317.8388	 183.0
46.0	 403.030506753	 1.41125307854	 36.6766326486	 185.196756757	266.0696	 186.0
46.5	 438.383419007	 10.1845747068	 36.2728073514	 185.203243243	285.7876	 191.0
47.0	 324.531058203	 -2.12542691102	 35.8689820541	 185.20972973	220.5824	 184.0
47.5	 429.26075393	 10.1617819249	 35.4651567568	 185.216216216	279.7876	 191.0
48.0	 410.283347734	 -2.14821969291	 35.0613314595	 185.222702703	268.5824	 184.0
48.5	 419.237128173	 13.6528763507	 34.6575061622	 185.229189189	273.2748	 193.0
49.0	 414.315270808	 1.34287473288	 34.2536808649	 185.235675676	270.0696	 186.0
49.5	 404.888610041	 6.60230915345	 33.8498555676	 185.242162162	264.3004	 189.0
50.0	 388.028672276	 6.5909127625	 33.4460302703	 185.248648649	254.3004	 189.0
50.5	 384.00777559	 -9.23297606298	 33.042204973	 185.255135135	251.608	 180.0
51.0	 371.878232784	 6.56811998062	 32.6383796757	 185.261621622	244.3004	 189.0
51.5	 376.146596021	 -0.471050825678	 32.2345543784	 185.268108108	246.326	 185.0
52.0	 332.392068346	 15.3300452179	 31.8307290811	 185.274594595	221.0184	 194.0
52.5	 283.096140544	 4.77698720395	 31.4269037838	 185.281081081	192.5568	 188.0
53.0	 307.591844103	 -5.77607081002	 31.0230784865	 185.287567568	206.0952	 182.0
53.5	 271.856007036	 -7.5444108048	 30.6192531892	 185.294054054	185.3516	 181.0
54.0	 271.709522385	 -11.0696944034	 30.2154278919	 185.300540541	184.8644	 179.0
54.5	 285.88915588	 11.7591760555	 29.8116025946	 185.307027027	192.5312	 192.0
55.0	 302.501102101	 -2.30776916612	 29.4077772973	 185.313513514	201.5824	 184.0
55.5	 243.024037503	 -0.562221953228	 29.003952	 185.32	167.326	 185.0
56.0	 286.440618121	 -16.3861107787	 28.6001267027	 185.326486486	191.6336	 176.0
56.5	 212.367568841	 1.17192886872	 28.1963014054	 185.332972973	149.0696	 186.0
57.0	 219.158903093	 11.7021941008	 27.7924761081	 185.339459459	152.5312	 192.0
57.5	 244.105086992	 -0.607807517003	 27.3886508108	 185.345945946	166.326	 185.0
58.0	 238.282268946	 -9.40392192713	 26.9848255135	 185.352432432	162.608	 180.0
58.5	 205.654816503	 -16.4430927334	 26.5810002162	 185.358918919	143.6336	 176.0
59.0	 213.707636262	 2.87189051784	 26.1771749189	 185.365405405	147.8132	 187.0
59.5	 193.829269386	 -5.92422389229	 25.7733496216	 185.371891892	136.0952	 182.0
60.0	 280.539048734	 8.11992854747	 25.3695243243	 185.378378378	185.044	 190.0
60.5	 250.885047646	 16.8932501757	 24.965699027	 185.384864865	167.762	 195.0
61.0	 207.760911336	 2.82630495407	 24.5618737297	 185.391351351	142.8132	 187.0
61.5	 235.275044007	 1.05796495928	 24.1580484324	 185.397837838	158.0696	 186.0
62.0	 180.708285393	 -9.49509305469	 23.7542231351	 185.404324324	126.608	 180.0
62.5	 257.371861215	 -4.23565863412	 23.3503978378	 185.410810811	169.8388	 183.0
63.0	 152.214262918	 -2.49011142122	 22.9465725405	 185.417297297	109.5824	 184.0
63.5	 214.777312153	 9.7970974147	 22.5427472432	 185.423783784	144.7876	 191.0
64.0	 147.010987633	 2.7579266084	 22.1389219459	 185.43027027	105.8132	 187.0
64.5	 204.438139325	 -6.03818780173	 21.7350966486	 185.436756757	138.0952	 182.0
65.0	 155.457758594	 2.73513382651	 21.3312713514	 185.443243243	109.8132	 187.0
65.5	 197.88342302	 4.48068103941	 20.9274460541	 185.44972973	133.5568	 188.0
66.0	 171.06723724	 -18.3709822014	 20.5236207568	 185.456216216	117.89	 175.0
66.5	 175.200667209	 -4.32682976167	 20.1197954595	 185.462702703	119.8388	 183.0
67.0	 179.874533029	 -6.09516975645	 19.7159701622	 185.469189189	122.0952	 182.0
67.5	 187.071369865	 9.70592628715	 19.3121448649	 185.475675676	125.7876	 191.0
68.0	 185.708377463	 -9.63184974601	 18.9083195676	 185.482162162	124.608	 180.0
68.5	 139.791403601	 0.89841548607	 18.5044942703	 185.488648649	98.0696	 186.0
69.0	 116.939585369	 -23.7101913586	 18.100668973	 185.495135135	84.6592	 172.0
69.5	 88.8626168592	 13.174227931	 17.6968436757	 185.501621622	68.2748	 193.0
70.0	 131.333259041	 7.89200072859	 17.2930183784	 185.508108108	92.044	 190.0
70.5	 114.022840935	 9.63754794148	 16.8891930811	 185.514594595	81.7876	 191.0
71.0	 77.8815012843	 2.59837713519	 16.4853677838	 185.521081081	60.8132	 187.0
71.5	 89.222616693	 -11.4685680865	 16.0815424865	 185.527567568	66.8644	 179.0
72.0	 93.7165714888	 14.8741895802	 15.6777171892	 185.534054054	69.0184	 194.0
72.5	 95.7325330257	 16.6197367931	 15.2738918919	 185.540540541	69.762	 195.0
73.0	 86.0802807009	 -11.5027572593	 14.8700665946	 185.547027027	63.8644	 179.0
73.5	 99.8544116122	 6.05528238814	 14.4662412973	 185.553513514	71.3004	 189.0
74.0	 100.113429545	 7.80082960104	 14.062416	 185.56	71.044	 190.0
74.5	 113.166510802	 0.761658794745	 13.6585907027	 185.566486486	78.0696	 186.0
75.0	 51.0315419204	 6.02109321531	 13.2547654054	 185.572972973	42.3004	 189.0
75.5	 9.57439370143	 6.00969682437	 12.8509401081	 185.579459459	18.3004	 189.0
76.0	 -0.257769648442	 5.99830043343	 12.4471148108	 185.585945946	12.3004	 189.0
76.5	 -35.0476682795	 -6.31170118438	 12.0432895135	 185.592432432	-7.9048	 182.0
77.0	 -14.2457629529	 11.2463384631	 11.6394642162	 185.598918919	3.5312	 192.0
77.5	 -18.7171399787	 -2.82060675859	 11.2356389189	 185.605405405	0.5824	 184.0
78.0	 -21.1160263295	 2.43882766198	 10.8318136216	 185.611891892	-1.1868	 187.0
78.5	 -38.8319470185	 -1.08645593664	 10.4279883243	 185.618378378	-11.674	 185.0
79.0	 -10.0563288402	 5.92992208776	 10.024163027	 185.624864865	4.3004	 189.0
79.5	 -26.8263110929	 -8.13702313388	 9.62033772973	 185.631351351	-5.6484	 181.0
80.0	 16.4553362561	 -2.87758871331	 9.21651243243	 185.637837838	18.5824	 184.0
80.5	 -24.1458290391	 0.624902103419	 8.81268713514	 185.644324324	-4.9304	 186.0
81.0	 -41.4562471443	 2.37044931631	 8.40886183784	 185.650810811	-15.1868	 187.0
81.5	 -10.3832495096	 -6.42566509382	 8.00503654054	 185.657297297	2.0952	 182.0
82.0	 -24.585282991	 -9.95094869244	 7.60121124324	 185.663783784	-6.392	 180.0
82.5	 -20.0013726826	 2.33626014348	 7.19738594595	 185.67027027	-4.1868	 187.0
83.0	 -20.5983376733	 0.5679201487	 6.79356064865	 185.676756757	-4.9304	 186.0
83.5	 -23.4477043641	 7.58429817311	 6.38973535135	 185.683243243	-6.956	 190.0
84.0	 -23.9996915985	 -1.21181623703	 5.98591005405	 185.68972973	-7.674	 185.0
84.5	 -2.29682559178	 12.8323362027	 5.58208475676	 185.696216216	4.2748	 193.0
85.0	 -19.4723104282	 -6.50543983043	 5.17825945946	 185.702702703	-5.9048	 182.0
85.5	 -23.2226377991	 4.02482540166	 4.77443416216	 185.709189189	-8.4432	 188.0
86.0	 -5.43916158383	 12.7981470299	 4.37060886486	 185.715675676	1.2748	 193.0
86.5	 -1.66625644302	 14.5436942428	 3.96678356757	 185.722162162	3.0184	 194.0
87.0	 -10.9579839404	 -1.28019458269	 3.56295827027	 185.728648649	-2.674	 185.0
87.5	 -10.833899276	 21.5486758763	 3.15913297297	 185.735135135	-3.0072	 198.0
88.0	 -28.5048422087	 10.9956178623	 2.75530767568	 185.741621622	-13.4688	 192.0
88.5	 -21.173072104	 5.71339065983	 2.35148237838	 185.748108108	-9.6996	 189.0
89.0	 -10.6429618628	 -18.8952161848	 1.94765708108	 185.754594595	-4.11	 175.0
89.5	 -21.0155610653	 -3.09412014124	 1.54383178378	 185.761081081	-10.4176	 184.0
90.0	 6.49857160548	 -4.86246013603	 1.14000648649	 185.767567568	4.8388	 183.0
90.5	 -13.0642481999	 5.66780509606	 0.736181189189	 185.774054054	-6.6996	 189.0
91.0	 8.32307073556	 0.385577893599	 0.332355891892	 185.780540541	5.0696	 186.0
91.5	 -9.88830804974	 5.64501231417	 -0.0714694054054	 185.787027027	-5.6996	 189.0
92.0	 -2.51156018874	 -6.66498930364	 -0.475294702703	 185.793513514	-1.9048	 182.0
Actin association begins: 17.0
Actin association ends: 75.5
Length of actin association: 58.5
Area under actin curve during patch life: 33482.2819993
Cofilin intensity score: 285.716411146