Time	 Int488	 Int561	 Back488	 Back561	 Raw488	 Raw561
0.0	 12.7314970295	 -9.87965495276	 4.10552	 188.2	12.0952	 182.0
0.5	 -13.9345169048	 12.4419912695	 4.25023786667	 188.192	-4.4944	 196.0
1.0	 1.85139039734	 -0.293202663114	 4.39495573333	 188.184	5.5568	 188.0
1.5	 2.39713318844	 2.90653074739	 4.5396736	 188.176	6.044	 190.0
2.0	 -5.35157240112	 -5.04818498231	 4.68439146667	 188.168	1.326	 185.0
2.5	 -11.9969436214	 1.33853389683	 4.82910933333	 188.16	-2.6996	 189.0
3.0	 -10.3070730471	 12.5057309789	 4.9738272	 188.152	-1.4944	 196.0
3.5	 -3.26497907675	 -3.41644842237	 5.11854506667	 188.144	3.0696	 186.0
4.0	 2.38822662638	 10.9377341283	 5.26326293333	 188.136	6.762	 195.0
4.5	 1.42206351116	 1.38952566432	 5.4079808	 188.128	6.3004	 189.0
5.0	 13.2854290985	 -20.9066246742	 5.55269866667	 188.12	13.89	 175.0
5.5	 -11.0107424413	 4.60200701671	 5.69741653333	 188.112	-1.2124	 191.0
6.0	 36.195654596	 -0.165723244369	 5.8421344	 188.104	28.5568	 188.0
6.5	 48.8353698435	 -19.2748881143	 5.98685226667	 188.096	36.6336	 176.0
7.0	 -12.0703411716	 -0.14022736062	 6.13157013333	 188.088	-1.4432	 188.0
7.5	 13.3173159504	 -19.2493922305	 6.276288	 188.08	14.6336	 176.0
8.0	 0.58416508791	 4.66574672608	 6.42100586667	 188.072	6.7876	 191.0
8.5	 5.58340137288	 -3.28896900363	 6.56572373333	 188.064	10.0696	 186.0
9.0	 34.0764571355	 -9.65019199902	 6.7104416	 188.056	28.0952	 182.0
9.5	 -18.820996794	 3.11049781739	 6.85515946667	 188.048	-4.956	 190.0
10.0	 14.3709503436	 9.49721669652	 6.99987733333	 188.04	16.0184	 194.0
10.5	 9.85002363667	 -4.83146997045	 7.1445952	 188.032	13.326	 185.0
11.0	 -11.4637669016	 -9.59920023152	 7.28931306667	 188.024	0.0952	 182.0
11.5	 1.70753752205	 12.7224459908	 7.43403093333	 188.016	8.5056	 196.0
12.0	 31.0585297728	 -3.19973341051	 7.5787488	 188.008	27.0696	 186.0
12.5	 -8.60082391705	 -4.78047820295	 7.72346666667	 188.0	2.326	 185.0
13.0	 27.8596955172	 -11.1417011983	 7.86818453333	 187.992	25.3516	 181.0
13.5	 -7.34616467885	 -23.876895131	 8.0129024	 187.984	3.4028	 173.0
14.0	 5.86593315878	 -7.92921984596	 8.15762026667	 187.976	11.8388	 183.0
14.5	 21.7748581	 22.3598900479	 8.30233813333	 187.968	21.9672	 202.0
15.0	 14.9656758266	 -7.90372396221	 8.447056	 187.96	17.8388	 183.0
15.5	 -6.87906649077	 8.04395132283	 8.59177386667	 187.952	4.2748	 193.0
16.0	 42.0432035229	 -15.84569175	 8.73649173333	 187.944	35.1208	 178.0
16.5	 16.1943326628	 3.28896900363	 8.8812096	 187.936	19.044	 190.0
17.0	 -23.138036318	 12.8626733514	 9.02592746667	 187.928	-5.4944	 196.0
17.5	 -8.90482833624	 -6.24649151852	 9.17064533333	 187.92	3.5824	 184.0
18.0	 53.7871310932	 -3.04675810801	 9.3153632	 187.912	43.0696	 186.0
18.5	 -5.85207189665	 4.93345350544	 9.46008106667	 187.904	5.7876	 191.0
19.0	 10.7509784796	 -10.9887258958	 9.60479893333	 187.896	16.3516	 181.0
19.5	 18.0384703311	 -3.00851428239	 9.7495168	 187.888	21.0696	 186.0
20.0	 -0.496906275641	 -6.18275180915	 9.89423466667	 187.88	9.5824	 184.0
20.5	 43.4409184651	 1.79745980431	 10.0389525333	 187.872	37.3004	 189.0
21.0	 15.7531569896	 -2.97027045677	 10.1836704	 187.864	20.0696	 186.0
21.5	 48.9858975411	 -2.95752251489	 10.3283882667	 187.856	41.0696	 186.0
22.0	 13.6576571031	 3.42919636425	 10.4731061333	 187.848	19.044	 190.0
22.5	 26.2565789366	 -9.30599756841	 10.617824	 187.84	27.0952	 182.0
23.0	 36.2816913056	 6.64167771663	 10.7625418667	 187.832	33.5312	 192.0
23.5	 75.6022114994	 -10.873994419	 10.9072597333	 187.824	58.3516	 181.0
24.0	 68.956840279	 -4.48727553983	 11.0519776	 187.816	54.326	 185.0
24.5	 143.988170046	 0.305950604989	 11.1966954667	 187.808	101.5568	 188.0
25.0	 35.3184704154	 13.0666404214	 11.3414133333	 187.8	33.5056	 196.0
25.5	 137.929335031	 3.51843195737	 11.4861312	 187.792	98.044	 190.0
26.0	 124.950786287	 3.53117989924	 11.6308490667	 187.784	90.044	 190.0
26.5	 127.907164887	 3.54392784112	 11.7755669333	 187.776	92.044	 190.0
27.0	 129.35163758	 -9.19126609154	 11.9202848	 187.768	93.0952	 182.0
27.5	 209.081858722	 8.34990192782	 12.0650026667	 187.76	143.2748	 193.0
28.0	 230.383800473	 5.17566440106	 12.2097205333	 187.752	156.7876	 191.0
28.5	 151.009508667	 -15.5269932032	 12.3544384	 187.744	107.1208	 178.0
29.0	 247.573387054	 -13.920752527	 12.4991562667	 187.736	167.8644	 179.0
29.5	 274.228189599	 17.9618501012	 12.6438741333	 187.728	184.7364	 199.0
30.0	 291.11743127	 19.5680907774	 12.788592	 187.72	195.48	 200.0
30.5	 332.889380686	 -7.5085377641	 12.9333098667	 187.712	221.8388	 183.0
31.0	 326.203216052	 5.25215205231	 13.0780277333	 187.704	217.7876	 191.0
31.5	 368.220563349	 2.07791452555	 13.2227456	 187.696	244.3004	 189.0
32.0	 408.685211326	 -7.47029393847	 13.3674634667	 187.688	269.8388	 183.0
32.5	 375.767606697	 -4.27056052797	 13.5121813333	 187.68	249.326	 185.0
33.0	 351.103657034	 16.45759296	 13.6568992	 187.672	233.9928	 198.0
33.5	 353.365272801	 0.53541355873	 13.8016170667	 187.664	235.5568	 188.0
34.0	 419.285011113	 -2.63882396803	 13.9463349333	 187.656	277.0696	 186.0
34.5	 506.287933095	 -1.03258329184	 14.0910528	 187.648	331.8132	 187.0
35.0	 441.459680365	 8.54112105593	 14.2357706667	 187.64	291.2748	 193.0
35.5	 550.526102745	 -13.7550292826	 14.3804885333	 187.632	359.8644	 179.0
36.0	 482.429277719	 8.56661693968	 14.5252064	 187.624	317.2748	 193.0
36.5	 505.406299032	 -7.3555624616	 14.6699242667	 187.616	331.8388	 183.0
37.0	 517.923634038	 -7.34281451973	 14.8146421333	 187.608	339.8388	 183.0
37.5	 494.240001105	 -15.2975302494	 14.95936	 187.6	325.1208	 178.0
38.0	 507.942257308	 -13.6912895732	 15.1040778667	 187.592	333.8644	 179.0
38.5	 545.873889234	 -0.930599756841	 15.2487957333	 187.584	357.8132	 187.0
39.0	 472.383410001	 -7.29182275223	 15.3935136	 187.576	311.8388	 183.0
39.5	 600.0	 -2.49859660741	 15.5382314667	 187.568	392.0696	 186.0
40.0	 499.706335578	 8.66860047468	 15.6829493333	 187.56	329.2748	 193.0
40.5	 551.407019523	 -13.6275498639	 15.8276672	 187.552	361.8644	 179.0
41.0	 525.925926786	 10.2875890927	 15.9723850667	 187.544	346.0184	 194.0
41.5	 553.765013131	 -18.3825321831	 16.1171029333	 187.536	363.6336	 176.0
42.0	 503.605179719	 2.34562130491	 16.2618208	 187.528	332.3004	 189.0
42.5	 507.460288221	 -13.5765580964	 16.4065386667	 187.52	334.8644	 179.0
43.0	 467.35156958	 -7.18983921723	 16.5512565333	 187.512	309.8388	 183.0
43.5	 452.738734688	 -0.803120338095	 16.6959744	 187.504	300.8132	 187.0
44.0	 516.207043777	 5.58359854104	 16.8406922667	 187.496	340.7876	 191.0
44.5	 538.039937308	 -18.3060445318	 16.9854101333	 187.488	354.6336	 176.0
45.0	 410.616102988	 -0.764876512472	 17.130128	 187.48	274.8132	 187.0
45.5	 530.673800853	 2.43485689804	 17.2748458667	 187.472	350.3004	 189.0
46.0	 497.470004928	 -11.8938297689	 17.4195637333	 187.464	329.608	 180.0
46.5	 476.442405685	 0.866860047468	 17.5642816	 187.456	316.5568	 188.0
47.0	 356.291272205	 2.47310072366	 17.7089994667	 187.448	241.3004	 189.0
47.5	 416.204817703	 4.07934139985	 17.8537173333	 187.44	279.044	 190.0
48.0	 467.864708235	 -11.8428380014	 17.9984352	 187.432	311.608	 180.0
48.5	 392.37216473	 -16.6105682625	 18.1431530667	 187.424	264.3772	 177.0
49.0	 486.484613894	 -5.44337118042	 18.2878709333	 187.416	323.5824	 184.0
49.5	 412.994134661	 -11.8045941758	 18.4325888	 187.408	277.608	 180.0
50.0	 308.73713511	 -3.82438256236	 18.5773066667	 187.4	212.326	 185.0
50.5	 355.453373782	 5.74932178541	 18.7220245333	 187.392	241.7876	 191.0
51.0	 291.523850954	 -0.611901209977	 18.8667424	 187.384	201.8132	 187.0
51.5	 378.976137887	 -6.97312420537	 19.0114602667	 187.376	256.8388	 183.0
52.0	 294.127242443	 18.5355074856	 19.1561781333	 187.368	203.7364	 199.0
52.5	 364.541267663	 -2.16715011867	 19.300896	 187.36	248.0696	 186.0
53.0	 259.507918452	 2.62607602615	 19.4456138667	 187.352	182.3004	 189.0
53.5	 242.116669629	 7.41930217098	 19.5903317333	 187.344	171.5312	 192.0
54.0	 300.51830922	 -3.72239902736	 19.7350496	 187.336	208.326	 185.0
54.5	 234.545928707	 -2.11615835117	 19.8797674667	 187.328	167.0696	 186.0
55.0	 264.183112253	 -0.509917674981	 20.0244853333	 187.32	185.8132	 187.0
55.5	 246.342498478	 12.2507721414	 20.1692032	 187.312	174.762	 195.0
56.0	 240.59585716	 2.7025636774	 20.3139210667	 187.304	171.3004	 189.0
56.5	 221.324924307	 -10.0326302553	 20.4586389333	 187.296	159.3516	 181.0
57.0	 204.66923173	 4.32155229547	 20.6033568	 187.288	149.044	 190.0
57.5	 186.991791612	 -8.41364163719	 20.7480746667	 187.28	138.0952	 182.0
58.0	 190.27515492	 2.7535554449	 20.8927925333	 187.272	140.3004	 189.0
58.5	 169.329142505	 2.76630338677	 21.0375104	 187.264	127.3004	 189.0
59.0	 97.3505691778	 9.15302226591	 21.1822282667	 187.256	82.2748	 193.0
59.5	 191.993970122	 -0.39518619811	 21.3269461333	 187.248	141.8132	 187.0
60.0	 126.797939269	 4.39803994671	 21.471664	 187.24	101.044	 190.0
60.5	 91.5920790725	 -8.33715398594	 21.6163818667	 187.232	79.0952	 182.0
61.0	 113.343385775	 -19.4788551843	 21.7610997333	 187.224	92.89	 175.0
61.5	 72.7853021828	 -5.12467263356	 21.9058176	 187.216	67.5824	 184.0
62.0	 88.938987608	 -13.0793883633	 22.0505354667	 187.208	77.8644	 179.0
62.5	 128.055540732	 1.27479418745	 22.1952533333	 187.2	102.5568	 188.0
63.0	 59.7133178242	 -0.305950604989	 22.3399712	 187.192	59.8132	 187.0
63.5	 69.002873947	 6.08076827415	 22.4846890667	 187.184	65.7876	 191.0
64.0	 67.7097261227	 -14.6218893301	 22.6294069333	 187.176	65.1208	 178.0
64.5	 42.6779983368	 1.32578595495	 22.7741248	 187.168	49.5568	 188.0
65.0	 32.4370701107	 9.30599756841	 22.9188426667	 187.16	43.2748	 193.0
65.5	 66.9363186875	 -1.83570362993	 23.0635605333	 187.152	65.0696	 186.0
66.0	 19.3095013261	 -3.41644842237	 23.2082784	 187.144	35.326	 185.0
66.5	 74.524155449	 -14.5581496207	 23.3529962667	 187.136	70.1208	 178.0
67.0	 15.2935239962	 -8.17143074157	 23.4977141333	 187.128	33.0952	 182.0
67.5	 57.5970625886	 6.18275180915	 23.642432	 187.12	59.7876	 191.0
68.0	 15.9764380414	 -0.178471186243	 23.7871498667	 187.112	33.8132	 187.0
68.5	 39.23965065	 1.42776948995	 23.9318677333	 187.104	48.5568	 188.0
69.0	 31.0007866953	 7.81448836909	 24.0765856	 187.096	43.5312	 192.0
69.5	 6.17302597936	 -8.1076910322	 24.2213034667	 187.088	28.0952	 182.0
70.0	 35.3608445742	 1.46601331557	 24.3660213333	 187.08	46.5568	 188.0
70.5	 14.8641971101	 -6.48870241414	 24.5107392	 187.072	33.8388	 183.0
71.0	 4.29628417494	 -9.66293994089	 24.6554570667	 187.064	27.3516	 181.0
71.5	 33.1163246467	 -4.86971379607	 24.8001749333	 187.056	45.5824	 184.0
72.0	 28.5546045257	 -12.8244295258	 24.9448928	 187.048	42.8644	 179.0
72.5	 -23.1171347925	 -4.84421791232	 25.0896106667	 187.04	10.5824	 184.0
73.0	 4.88576260503	 3.13599370113	 25.2343285333	 187.032	28.3004	 189.0
73.5	 31.3767540963	 -1.63173655994	 25.3790464	 187.024	45.0696	 186.0
74.0	 -15.105935482	 4.7549823192	 25.5237642667	 187.016	16.044	 190.0
74.5	 5.41965660909	 -1.60624067619	 25.6684821333	 187.008	29.0696	 186.0
Actin association begins: 20.5
Actin association ends: 72.0
Length of actin association: 51.5
Area under actin curve during patch life: 26933.7891956
Cofilin intensity score: 262.914440246