Time	 Int488	 Int561	 Back488	 Back561	 Raw488	 Raw561
0.0	 -23.3131492788	 7.91913763335	 11.46448	 186.8	2.044	 190.0
0.5	 44.9539295837	 3.12649121911	 11.3916182178	 186.736633663	29.5568	 188.0
1.0	 -12.4190797835	 5.75803633613	 11.3187564356	 186.673267327	6.3004	 189.0
1.5	 35.542340295	 -16.3577236511	 11.2458946535	 186.60990099	25.608	 180.0
2.0	 -42.9609080624	 1.12220452849	 11.1730328713	 186.546534653	-6.1868	 187.0
2.5	 0.685571898051	 -23.4682859691	 11.1001710891	 186.483168317	11.3772	 177.0
3.0	 13.1128315234	 -3.51362727916	 11.0273093069	 186.41980198	16.326	 185.0
3.5	 9.61272558373	 -8.3062736934	 10.9544475248	 186.356435644	14.8388	 183.0
4.0	 8.01618235265	 -20.5231116389	 10.8815857426	 186.293069307	14.1208	 178.0
4.5	 56.2953578286	 4.38100807192	 10.8087239604	 186.22970297	33.5568	 188.0
5.0	 2.6661207776	 2.0630921681	 10.7358621782	 186.166336634	11.8132	 187.0
5.5	 28.926134064	 -12.6284762878	 10.663000396	 186.102970297	22.3516	 181.0
6.0	 -13.6618453417	 -0.0980091291257	 10.5901386139	 186.03960396	5.0696	 186.0
6.5	 37.345473049	 -14.7895775851	 10.5172768317	 185.976237624	25.608	 180.0
7.0	 -3.33894364813	 -9.68330195762	 10.4444150495	 185.912871287	9.0952	 182.0
7.5	 98.8131352554	 7.79662622195	 10.3715532673	 185.84950495	50.3004	 189.0
8.0	 11.2988981634	 -16.7938642757	 10.2986914851	 185.786138614	14.8644	 179.0
8.5	 19.4112176708	 0.68606390388	 10.225829703	 185.722772277	18.0696	 186.0
9.0	 51.0651535778	 13.2165310626	 10.1529679208	 185.659405941	30.7876	 191.0
9.5	 9.42846058025	 -26.2223424976	 10.0801061386	 185.596039604	13.89	 175.0
10.0	 10.6244032571	 8.58069925495	 10.0072443564	 185.532673267	14.3004	 189.0
10.5	 99.387200207	 -8.58559971141	 9.93438257426	 185.469306931	50.0952	 182.0
11.0	 76.0892501839	 -13.3782461257	 9.86152079208	 185.405940594	40.608	 180.0
11.5	 110.344622803	 -20.6456230503	 9.7886590099	 185.342574257	54.3772	 177.0
12.0	 136.414576787	 -5.64042538118	 9.71579722772	 185.279207921	64.8388	 183.0
12.5	 131.708782142	 -15.3825328163	 9.64293544554	 185.215841584	62.8644	 179.0
13.0	 92.0399948467	 24.3699699571	 9.57007366337	 185.152475248	46.762	 195.0
13.5	 152.311714376	 12.1531320116	 9.49721188119	 185.089108911	71.044	 190.0
14.0	 102.552955843	 -14.9120889965	 9.42435009901	 185.025742574	50.8644	 179.0
14.5	 120.310784988	 42.1635273499	 9.35148831683	 184.962376238	57.9672	 202.0
15.0	 131.849121414	 7.67411481054	 9.27862653465	 184.899009901	62.5568	 188.0
15.5	 156.268925093	 -9.49218415582	 9.20576475248	 184.835643564	72.3516	 181.0
16.0	 200.233160451	 12.9372050446	 9.1329029703	 184.772277228	90.044	 190.0
16.5	 215.198503688	 22.9929416929	 9.06004118812	 184.708910891	96.0184	 194.0
17.0	 272.297618703	 23.1497562995	 8.98717940594	 184.645544554	119.0184	 194.0
17.5	 144.553172542	 1.03399631228	 8.91431762376	 184.582178218	67.326	 185.0
18.0	 202.857976261	 6.14027193972	 8.84145584158	 184.518811881	90.8132	 187.0
18.5	 287.179126891	 6.29708654632	 8.76859405941	 184.455445545	124.8132	 187.0
19.0	 319.530936802	 6.45390115293	 8.69573227723	 184.392079208	137.8132	 187.0
19.5	 265.965052852	 -5.76293679259	 8.62287049505	 184.328712871	116.0952	 182.0
20.0	 323.571982568	 11.716991387	 8.55000871287	 184.265346535	139.3004	 189.0
20.5	 355.54268398	 -25.2471516628	 8.47714693069	 184.201980198	152.1464	 174.0
21.0	 411.119344785	 19.4548121314	 8.40428514851	 184.138613861	174.5312	 192.0
21.5	 375.511095311	 4.76324367551	 8.33142336634	 184.075247525	160.0696	 186.0
22.0	 330.575091597	 -2.50413324916	 8.25856158416	 184.011881188	141.8388	 183.0
22.5	 424.223996467	 -9.77151017383	 8.18569980198	 183.948514851	179.608	 180.0
23.0	 540.463231328	 29.9809925995	 8.1128380198	 183.885148515	226.5056	 196.0
23.5	 504.854981854	 15.2894241436	 8.03997623762	 183.821782178	212.044	 190.0
24.0	 381.86993741	 22.8704302815	 7.96711445545	 183.758415842	162.2748	 193.0
24.5	 433.575129805	 -4.19479072658	 7.89425267327	 183.695049505	183.0952	 182.0
25.0	 511.106609806	 -6.5127066304	 7.82139089109	 183.631683168	214.3516	 181.0
25.5	 497.073060922	 -8.83062253422	 7.74852910891	 183.568316832	208.608	 180.0
26.0	 544.083194592	 21.0229581975	 7.67566732673	 183.504950495	227.5312	 192.0
26.5	 431.123778392	 8.80612025194	 7.60280554455	 183.441584158	181.8132	 187.0
27.0	 448.563852139	 18.8618569002	 7.52994376238	 183.378217822	188.7876	 191.0
27.5	 432.055572744	 16.5439409964	 7.4570819802	 183.314851485	182.044	 190.0
28.0	 422.90813178	 24.1249471343	 7.38422019802	 183.251485149	178.2748	 193.0
28.5	 600.0	 29.2312227617	 7.31135841584	 183.188118812	249.762	 195.0
29.0	 504.363697373	 17.0143848162	 7.23849663366	 183.124752475	211.044	 190.0
29.5	 578.975985264	 -12.5255667023	 7.16563485149	 183.061386139	241.1208	 178.0
30.0	 521.602975897	 -9.89402158524	 7.09277306931	 182.998019802	217.8644	 179.0
30.5	 504.396822498	 0.161715063057	 7.01991128713	 182.934653465	210.8388	 183.0
31.0	 487.1906691	 10.2174517114	 6.94704950495	 182.871287129	203.8132	 187.0
31.5	 478.106581236	 7.89953580753	 6.87418772277	 182.807920792	200.0696	 186.0
32.0	 331.198811894	 -16.6909546901	 6.80132594059	 182.744554455	140.6336	 176.0
32.5	 444.899963144	 32.960470125	 6.72846415842	 182.681188119	186.5056	 196.0
33.0	 380.356174649	 -4.00367292478	 6.65560237624	 182.617821782	160.3516	 181.0
33.5	 571.090737227	 -3.84685831818	 6.58274059406	 182.554455446	237.3516	 181.0
34.0	 325.003688165	 1.25941730926	 6.50987881188	 182.491089109	137.8388	 183.0
34.5	 311.477953982	 16.2646149784	 6.4370170297	 182.427722772	132.3004	 189.0
35.0	 61.8371919065	 -3.37641449838	 6.36415524752	 182.364356436	31.3516	 181.0
35.5	 10.5559791637	 14.1035136812	 6.29129346535	 182.300990099	10.5568	 188.0
36.0	 -6.39676183065	 -15.4364378373	 6.21843168317	 182.237623762	3.6336	 176.0
36.5	 -0.188005031854	 9.46768187354	 6.14556990099	 182.174257426	6.0696	 186.0
37.0	 -38.3976912185	 14.573957501	 6.07270811881	 182.110891089	-9.4432	 188.0
37.5	 -27.8106412007	 32.0538856806	 5.99984633663	 182.047524752	-5.238	 195.0
38.0	 -10.1171550492	 2.51393416207	 5.92698455446	 181.984158416	1.8388	 183.0
38.5	 -15.5208236975	 5.1454792791	 5.85412277228	 181.920792079	-0.4176	 184.0
39.0	 -30.2522465857	 15.2012159274	 5.7812609901	 181.857425743	-6.4432	 188.0
39.5	 -17.571574556	 -4.43981354939	 5.70839920792	 181.794059406	-1.392	 180.0
40.0	 2.9143975035	 13.0401146302	 5.63553742574	 181.730693069	6.8132	 187.0
40.5	 -9.21558867215	 3.29800719508	 5.56267564356	 181.667326733	1.8388	 183.0
41.0	 -41.2701251333	 13.3537438434	 5.48981386139	 181.603960396	-11.1868	 187.0
41.5	 -23.8934044871	 33.3084025334	 5.41695207921	 181.540594059	-4.238	 195.0
42.0	 -4.42306182904	 16.142103567	 5.34409029703	 181.477227723	3.5568	 188.0
42.5	 -42.6327480157	 21.2483791944	 5.27122851485	 181.413861386	-11.956	 190.0
43.0	 -52.2246505799	 1.60734971766	 5.19836673267	 181.35049505	-15.9048	 182.0
43.5	 -0.646164387413	 -5.66002720701	 5.1255049505	 181.287128713	4.8644	 179.0
44.0	 47.1885494889	 -7.97794311083	 5.05264316832	 181.223762376	24.1208	 178.0
44.5	 8.72545089794	 36.7240206834	 4.97978138614	 181.16039604	8.5056	 196.0
45.0	 -12.5422302144	 4.70933865449	 4.90691960396	 181.097029703	-0.1612	 183.0
45.5	 -13.0597909429	 17.2398058132	 4.83405782178	 181.033663366	-0.4432	 188.0
46.0	 -0.505825115418	 17.3966204198	 4.7611960396	 180.97029703	4.5568	 188.0
46.5	 -23.8037751385	 12.6039740056	 4.68833425743	 180.906930693	-4.9304	 186.0
47.0	 -19.8163364459	 -2.08759445038	 4.61547247525	 180.843564356	-3.392	 180.0
47.5	 -45.0178491776	 0.543950666647	 4.54261069307	 180.78019802	-13.6484	 181.0
48.0	 18.4264748663	 -24.046539831	 4.46974891089	 180.716831683	11.9156	 171.0
48.5	 -0.0487203380884	 -9.04134216184	 4.39688712871	 180.653465347	4.3772	 177.0
49.0	 -11.0997240112	 5.9638555073	 4.32402534653	 180.59009901	-0.1612	 183.0
49.5	 -35.1589011393	 23.4437836869	 4.25116356436	 180.526732673	-9.956	 190.0
50.0	 25.1761714913	 1.32802369965	 4.17830178218	 180.463366337	14.3516	 181.0
Actin association begins: 7.5
Actin association ends: 35.5
Length of actin association: 28.0
Area under actin curve during patch life: 16897.0136524
Cofilin intensity score: 296.903242265