Time	 Int488	 Int561	 Back488	 Back561	 Raw488	 Raw561
0.0	 -4.23542330151	 2.14921297232	 36.85416	 180.6	34.0952	 182.0
0.5	 9.65694136672	 -20.899046108	 36.6506563975	 180.613664596	42.9412	 167.0
1.0	 5.60030741183	 2.10725850436	 36.447152795	 180.627329193	40.0952	 182.0
1.5	 -29.0021694274	 0.551129147294	 36.2436491925	 180.640993789	17.3516	 181.0
2.0	 21.1044338245	 15.8816731442	 36.0401455901	 180.654658385	49.7876	 191.0
2.5	 15.7877470069	 -4.09628168993	 35.8366419876	 180.668322981	46.1208	 178.0
3.0	 29.6015118865	 -14.8633237855	 35.6331383851	 180.681987578	54.9156	 171.0
3.5	 -6.7326165476	 14.2835893192	 35.4296347826	 180.695652174	31.044	 190.0
4.0	 -8.70328579765	 11.192307839	 35.2261311801	 180.70931677	29.5568	 188.0
4.5	 -2.6045814279	 6.56587423576	 35.0226275776	 180.722981366	33.326	 185.0
5.0	 -11.385185496	 -11.8769284753	 34.8191239752	 180.736645963	27.4028	 173.0
5.5	 45.2556392526	 1.91846339854	 34.6156203727	 180.750310559	64.0952	 182.0
6.0	 22.1471533893	 3.43263828765	 34.4121167702	 180.763975155	48.8388	 183.0
6.5	 8.24958026462	 4.94681317675	 34.2086131677	 180.777639752	39.5824	 184.0
7.0	 23.8742105885	 11.0664444351	 34.0051095652	 180.791304348	49.5568	 188.0
7.5	 -1.51735351216	 9.51031507805	 33.8016059627	 180.804968944	32.8132	 187.0
8.0	 -3.01580996914	 -7.39733550988	 33.5981023602	 180.81863354	31.6336	 176.0
8.5	 -13.5673655264	 11.0035127332	 33.3945987578	 180.832298137	24.5568	 188.0
9.0	 -0.619426444283	 15.5879918685	 33.1910951553	 180.845962733	32.7876	 191.0
9.5	 -0.228417668171	 3.28579764979	 32.9875915528	 180.859627329	32.8388	 183.0
10.0	 39.1714206164	 12.4757331543	 32.7840879503	 180.873291925	58.3004	 189.0
10.5	 1.18362631537	 0.173538935653	 32.5805843478	 180.886956522	33.3516	 181.0
11.0	 -27.0025287102	 15.5040829325	 32.3770807453	 180.900621118	14.7876	 191.0
11.5	 13.3810350549	 -9.07932827083	 32.1735771429	 180.914285714	40.89	 175.0
12.0	 4.79754451941	 1.6457593568	 31.9700735404	 180.927950311	35.0952	 182.0
12.5	 -13.6661850802	 -2.98067424644	 31.7665699379	 180.941614907	22.8644	 179.0
13.0	 -8.00039360919	 0.0686527657529	 31.5630663354	 180.955279503	26.3516	 181.0
13.5	 -17.0167970434	 18.4695010088	 31.3595627329	 180.968944099	20.2748	 193.0
14.0	 12.5421020714	 6.16730679014	 31.1560591304	 180.982608696	39.326	 185.0
14.5	 6.32028956211	 7.68148167925	 30.952555528	 180.996273292	35.0696	 186.0
15.0	 25.1331238153	 -4.62071253943	 30.7490519255	 181.009937888	47.1208	 178.0
15.5	 17.3761591829	 -3.10653765032	 30.545548323	 181.023602484	41.8644	 179.0
16.0	 38.3934718848	 -0.0572106381275	 30.3420447205	 181.037267081	55.3516	 181.0
16.5	 58.7807581554	 -18.5000133491	 30.138541118	 181.050931677	68.4284	 169.0
17.0	 79.2079583812	 16.7875082479	 29.9350375155	 181.064596273	81.5312	 192.0
17.5	 91.4472712433	 12.1610746446	 29.731533913	 181.07826087	89.3004	 189.0
18.0	 85.8947850596	 29.0267707646	 29.5280303106	 181.091925466	85.48	 200.0
18.5	 106.360671119	 -1.69724893111	 29.3245267081	 181.105590062	98.608	 180.0
19.0	 91.3215588755	 -1.71822616509	 29.1210231056	 181.119254658	88.608	 180.0
19.5	 165.281969877	 4.40140509327	 28.9175195031	 181.132919255	136.5824	 184.0
20.0	 219.324703172	 4.38042785929	 28.7140159006	 181.146583851	171.5824	 184.0
20.5	 160.868418584	 12.0352112407	 28.5105122981	 181.160248447	133.3004	 189.0
21.0	 278.324601719	 -1.80213510101	 28.3070086957	 181.173913043	209.608	 180.0
21.5	 262.773976788	 18.1338652651	 28.1035050932	 181.18757764	199.2748	 193.0
22.0	 273.163124311	 2.76136680029	 27.9000014907	 181.201242236	205.8388	 183.0
22.5	 266.271985476	 -11.0759795415	 27.6964978882	 181.214906832	201.1464	 174.0
23.0	 336.414166117	 -8.02665252928	 27.4929942857	 181.228571429	246.6336	 176.0
23.5	 313.896406791	 21.1202605754	 27.2894906832	 181.242236025	231.762	 195.0
24.0	 432.572728833	 -3.46315062798	 27.0859870807	 181.255900621	308.8644	 179.0
24.5	 423.910638509	 19.5431539843	 26.8824834783	 181.269565217	303.0184	 194.0
25.0	 409.698052168	 10.3112640118	 26.6789798758	 181.283229814	293.5568	 188.0
25.5	 401.193161422	 8.75513465477	 26.4754762733	 181.29689441	287.8132	 187.0
26.0	 489.875067222	 -6.61736381008	 26.2719726708	 181.310559006	345.3772	 177.0
26.5	 433.504747339	 -25.0601665211	 26.0684690683	 181.324223602	308.454	 165.0
27.0	 545.371748624	 -5.12416615495	 25.8649654658	 181.337888199	381.1208	 178.0
27.5	 556.036609469	 -3.60999126584	 25.6614618634	 181.351552795	387.8644	 179.0
28.0	 546.705192819	 4.04479211561	 25.4579582609	 181.365217391	381.5824	 184.0
28.5	 600.0	 0.953510635458	 25.2544546584	 181.378881988	416.0952	 182.0
29.0	 575.356362014	 2.46768552456	 25.0509510559	 181.392546584	399.8388	 183.0
29.5	 492.02263024	 -0.623595955589	 24.8474474534	 181.40621118	345.3516	 181.0
30.0	 561.416884766	 -0.644573189569	 24.6439438509	 181.419875776	390.3516	 181.0
30.5	 545.629846409	 -3.73585466972	 24.4404402484	 181.433540373	379.8644	 179.0
31.0	 563.261841649	 -11.4325925191	 24.236936646	 181.447204969	391.1464	 174.0
31.5	 522.676569955	 22.3197769548	 24.0334330435	 181.460869565	364.5056	 196.0
32.0	 477.052314933	 3.87697424377	 23.829929441	 181.474534161	334.5824	 184.0
32.5	 523.064974503	 -0.74945935947	 23.6264258385	 181.488198758	364.3516	 181.0
33.0	 565.653016717	 -9.98134933197	 23.422922236	 181.501863354	391.89	 175.0
33.5	 557.069526181	 0.743738295657	 23.2194186335	 181.51552795	386.0952	 182.0
34.0	 510.933758472	 2.25791318476	 23.0159150311	 181.529192547	355.8388	 183.0
34.5	 542.657836141	 11.4478486893	 22.8124114286	 181.542857143	376.3004	 189.0
35.0	 487.035442372	 -3.92464977554	 22.6089078261	 181.556521739	339.8644	 179.0
35.5	 514.58697657	 -2.41047488644	 22.4054042236	 181.570186335	357.608	 180.0
36.0	 594.687996064	 3.70915637193	 22.2019006211	 181.583850932	409.5824	 184.0
36.5	 491.318686901	 12.8990918765	 21.9983970186	 181.597515528	342.044	 190.0
37.0	 483.561722269	 14.4132667656	 21.7948934161	 181.611180124	336.7876	 191.0
37.5	 530.400907742	 0.575920423816	 21.5913898137	 181.62484472	367.0952	 182.0
38.0	 407.113920874	 3.62524743601	 21.3878862112	 181.638509317	286.5824	 184.0
38.5	 494.103474974	 12.8151829406	 21.1843826087	 181.652173913	343.044	 190.0
39.0	 425.806251216	 -1.02216340121	 20.9808790062	 181.665838509	298.3516	 181.0
39.5	 491.736588492	 0.492011487896	 20.7773754037	 181.679503106	341.0952	 182.0
40.0	 515.509192224	 -7.20472636152	 20.5738718012	 181.693167702	356.3772	 177.0
40.5	 367.187558593	 9.66096975846	 20.3703681988	 181.706832298	259.5568	 188.0
41.0	 345.968537963	 15.7806010168	 20.1668645963	 181.720496894	245.5312	 192.0
41.5	 290.306844299	 6.54871104432	 19.9633609938	 181.734161491	209.0696	 186.0
42.0	 369.344924463	 -1.14802680509	 19.7598573913	 181.747826087	260.3516	 181.0
42.5	 426.300762427	 23.3934299303	 19.5563537888	 181.761490683	297.2492	 197.0
43.0	 417.874471469	 9.55608358856	 19.3528501863	 181.77515528	291.5568	 188.0
43.5	 382.524068515	 4.92964998532	 19.1493465839	 181.788819876	268.326	 185.0
44.0	 333.633009775	 17.189889736	 18.9458429814	 181.802484472	236.2748	 193.0
44.5	 262.974107991	 12.5634561328	 18.7423393789	 181.816149068	190.044	 190.0
45.0	 257.500221596	 17.1479352681	 18.5388357764	 181.829813665	186.2748	 193.0
45.5	 249.113230532	 -2.83001956604	 18.3353321739	 181.843478261	180.608	 180.0
46.0	 281.191621311	 10.9653723078	 18.1318285714	 181.857142857	201.3004	 189.0
46.5	 198.605815652	 10.9443950738	 17.9283249689	 181.870807453	147.3004	 189.0
47.0	 196.359433081	 -9.03355976033	 17.7248213665	 181.88447205	145.6336	 176.0
47.5	 205.371242119	 10.9024406058	 17.521317764	 181.898136646	151.3004	 189.0
48.0	 208.360342348	 12.4166154949	 17.3178141615	 181.911801242	153.044	 190.0
48.5	 265.866992894	 10.8604861379	 17.114310559	 181.925465839	190.3004	 189.0
49.0	 288.104444504	 3.16374828845	 16.9108069565	 181.939130435	204.5824	 184.0
49.5	 244.33035482	 -4.53298956097	 16.707303354	 181.952795031	175.8644	 179.0
50.0	 248.893907067	 -9.15942316421	 16.5037997516	 181.966459627	178.6336	 176.0
50.5	 190.437622478	 -1.50463978275	 16.3002961491	 181.980124224	140.3516	 181.0
51.0	 198.740805297	 9.22044784488	 16.0967925466	 181.99378882	145.5568	 188.0
51.5	 205.941748891	 12.2697748571	 15.8932889441	 182.007453416	150.044	 190.0
52.0	 162.561272212	 3.03788488457	 15.6897853416	 182.021118012	121.5824	 184.0
52.5	 152.127616338	 3.01690765059	 15.4862817391	 182.034782609	114.5824	 184.0
53.0	 185.859058923	 -1.60952595265	 15.2827781366	 182.048447205	136.3516	 181.0
53.5	 289.774586272	 1.43980105954	 15.0792745342	 182.062111801	203.8388	 183.0
54.0	 172.628207896	 4.48912807173	 14.8757709317	 182.075776398	127.326	 185.0
54.5	 219.821706479	 -4.74276190077	 14.6722673292	 182.089440994	157.8644	 179.0
55.0	 93.3858155758	 10.5877820961	 14.4687637267	 182.10310559	75.3004	 189.0
55.5	 191.987260335	 4.42619636979	 14.2652601242	 182.116770186	139.326	 185.0
56.0	 187.654913059	 10.5458276282	 14.0617565217	 182.130434783	136.3004	 189.0
56.5	 162.617662068	 13.5951546404	 13.8582529193	 182.144099379	119.7876	 191.0
57.0	 142.343067024	 -7.91795231684	 13.6547493168	 182.157763975	106.3772	 177.0
57.5	 102.54502134	 22.7641129109	 13.4512457143	 182.171428571	80.2492	 197.0
58.0	 98.7634866451	 2.78615807681	 13.2477421118	 182.185093168	77.5824	 184.0
58.5	 44.5976452101	 -0.305123403346	 13.0442385093	 182.198757764	42.0952	 182.0
59.0	 82.8166444817	 13.4902684705	 12.8407349068	 182.21242236	66.7876	 191.0
59.5	 109.226639562	 13.4692912365	 12.6372313043	 182.226086957	83.7876	 191.0
60.0	 109.696248126	 -11.1141199669	 12.4337277019	 182.239751553	83.89	 175.0
60.5	 83.5174580169	 -9.59994507779	 12.2302240994	 182.253416149	66.6336	 176.0
61.0	 43.4043991167	 10.3360552884	 12.0267204969	 182.267080745	40.3004	 189.0
61.5	 42.2209558753	 4.17446956203	 11.8232168944	 182.280745342	39.326	 185.0
62.0	 87.0920763266	 -1.98711616429	 11.6197132919	 182.294409938	68.3516	 181.0
62.5	 26.3527135006	 2.59736297099	 11.4162096894	 182.308074534	28.5824	 184.0
63.0	 61.5800083146	 4.11153786009	 11.212706087	 182.32173913	51.326	 185.0
63.5	 48.5482609873	 -9.72580848167	 11.0092024845	 182.335403727	42.6336	 176.0
64.0	 67.1252958744	 14.8156482537	 10.805698882	 182.349068323	54.5312	 192.0
64.5	 62.9108482812	 2.51345403507	 10.6021952795	 182.362732919	51.5824	 184.0
65.0	 57.0433488819	 8.63308529343	 10.398691677	 182.376397516	47.5568	 188.0
65.5	 71.6443397702	 -5.20426104833	 10.1951880745	 182.390062112	56.8644	 179.0
66.0	 32.3185068786	 11.6614350716	 9.99168447205	 182.403726708	31.044	 190.0
66.5	 21.1762247844	 2.42954509915	 9.78818086957	 182.417391304	23.5824	 184.0
67.0	 39.1232332401	 5.47887211134	 9.58467726708	 182.431055901	35.0696	 186.0
67.5	 22.1553558692	 6.99304700045	 9.3811736646	 182.444720497	23.8132	 187.0
68.0	 39.8266510037	 -6.84429934131	 9.17767006211	 182.458385093	35.1208	 178.0
68.5	 -1.34934722662	 -0.724668082948	 8.97416645963	 182.472049689	8.0952	 182.0
69.0	 15.416822216	 6.93011529851	 8.77066285714	 182.485714286	18.8132	 187.0
69.5	 15.6899313091	 13.0497465569	 8.56715925466	 182.499378882	18.7876	 191.0
70.0	 4.15403621052	 5.35300870746	 8.36365565217	 182.513043478	11.0696	 186.0
70.5	 4.07283219357	 6.86718359657	 8.16015204969	 182.526708075	10.8132	 187.0
71.0	 35.8362097571	 9.91651060876	 7.9566484472	 182.540372671	31.3004	 189.0
71.5	 -3.3717234514	 8.36038125169	 7.75314484472	 182.554037267	5.5568	 188.0
72.0	 29.5724931252	 6.80425189463	 7.54964124224	 182.567701863	26.8132	 187.0
72.5	 3.90521570318	 -11.6385508164	 7.34613763975	 182.58136646	9.89	 175.0
73.0	 -6.33132663842	 17.5083622883	 7.14263403727	 182.595031056	3.0184	 194.0
73.5	 12.1271945047	 0.600711700338	 6.93913043478	 182.608695652	14.8388	 183.0
74.0	 -3.7384436418	 9.79064720488	 6.7356268323	 182.622360248	4.3004	 189.0
74.5	 -5.35479978184	 11.304822094	 6.53212322981	 182.636024845	3.044	 190.0
75.0	 33.3757121771	 5.14323636766	 6.32861962733	 182.649689441	28.0696	 186.0
75.5	 6.48829584765	 -2.55350148176	 6.12511602484	 182.663354037	10.3516	 181.0
76.0	 -5.48051214963	 -2.57447871574	 5.92161242236	 182.677018634	2.3516	 181.0
76.5	 -18.2365461556	 0.474848296458	 5.71810881988	 182.69068323	-6.1612	 183.0
77.0	 -10.7205893459	 14.2702401703	 5.51460521739	 182.704347826	-1.4688	 192.0
77.5	 -15.0136367277	 14.2492629363	 5.31110161491	 182.718012422	-4.4688	 192.0
78.0	 7.26311477598	 0.411916594518	 5.10759801242	 182.731677019	9.8388	 183.0
78.5	 9.50428889084	 -1.14421276255	 4.90409440994	 182.745341615	11.0952	 182.0
79.0	 -8.99874060315	 0.369962126558	 4.70059080745	 182.759006211	-1.1612	 183.0
79.5	 -21.7940745035	 9.5598976311	 4.49708720497	 182.772670807	-9.6996	 189.0
80.0	 9.33927662869	 -8.88290507992	 4.29358360248	 182.786335404	10.3772	 177.0
Actin association begins: 14.0
Actin association ends: 68.0
Length of actin association: 54.0
Area under actin curve during patch life: 29350.0007666
Cofilin intensity score: 267.425768533