Time	 Int488	 Int561	 Back488	 Back561	 Raw488	 Raw561
0.0	 4.59391107634	 12.0105739272	 52.97216	 185.6	58.48	 200.0
0.5	 -8.0067006335	 -4.67188347482	 53.2075819868	 185.601324503	43.608	 180.0
1.0	 -27.429318334	 1.99955287052	 53.4430039735	 185.602649007	20.5568	 188.0
1.5	 7.44786869048	 -4.67409292551	 53.6784259603	 185.60397351	62.608	 180.0
2.0	 21.4306606062	 -4.67519765085	 53.913847947	 185.605298013	79.608	 180.0
2.5	 2.05074716858	 -4.67630237619	 54.1492699338	 185.606622517	56.608	 180.0
3.0	 -1.05417134358	 -6.3455423692	 54.3846919205	 185.60794702	53.1208	 178.0
3.5	 8.28786825751	 1.9940292438	 54.6201139073	 185.609271523	64.5568	 188.0
4.0	 -13.1451860676	 -3.01148128455	 54.855535894	 185.610596026	39.0952	 182.0
4.5	 -26.3016204486	 1.99181979312	 55.0909578808	 185.61192053	23.5568	 188.0
5.0	 14.6705992169	 -12.1884347074	 55.3263798675	 185.613245033	72.9156	 171.0
5.5	 -17.9259499465	 0.321475074763	 55.5618018543	 185.614569536	34.0696	 186.0
6.0	 -37.4983661941	 -2.18183255209	 55.7972238411	 185.61589404	10.8388	 183.0
6.5	 -12.3303936815	 9.49400959626	 56.0326458278	 185.617218543	41.2492	 197.0
7.0	 -29.1440478234	 -0.515906735101	 56.2680678146	 185.618543046	21.326	 185.0
7.5	 -20.2083659735	 6.15552961024	 56.5034898013	 185.61986755	32.2748	 193.0
8.0	 -24.7035084177	 -6.35658962263	 56.7389117881	 185.621192053	27.1208	 178.0
8.5	 -20.729528108	 -6.35769434798	 56.9743337748	 185.622516556	32.1208	 178.0
9.0	 -18.6802422701	 1.1478096312	 57.2097557616	 185.62384106	34.8132	 187.0
9.5	 -35.1729471865	 6.15111070887	 57.4451777483	 185.625165563	15.2748	 193.0
10.0	 -3.20432081472	 -2.19067035483	 57.6805997351	 185.626490066	53.8388	 183.0
10.5	 -5.71037876578	 0.310427821335	 57.9160217219	 185.62781457	51.0696	 186.0
11.0	 0.20964814721	 -10.5335561439	 58.1514437086	 185.629139073	58.4028	 173.0
11.5	 -31.0824192369	 -6.36432270003	 58.3868656954	 185.630463576	21.1208	 178.0
12.0	 -16.9071245112	 -3.86322452387	 58.6222876821	 185.631788079	38.3516	 181.0
12.5	 -10.4309413	 -3.86432924921	 58.8577096689	 185.633112583	46.3516	 181.0
13.0	 7.74354091635	 -7.2017045099	 59.0931316556	 185.634437086	68.3772	 177.0
13.5	 7.93218867669	 -2.19840343223	 59.3285536424	 185.635761589	68.8388	 183.0
14.0	 -5.88716265972	 8.64337108229	 59.5639756291	 185.637086093	52.5056	 196.0
14.5	 32.3262949001	 1.96972528626	 59.7993976159	 185.638410596	98.5568	 188.0
15.0	 45.325220635	 -7.20612341127	 60.0348196026	 185.639735099	114.3772	 177.0
15.5	 78.6840709388	 -4.7050252351	 60.2702415894	 185.641059603	154.608	 180.0
16.0	 99.1469011154	 -7.20833286195	 60.5056635762	 185.642384106	179.3772	 177.0
16.5	 192.986330938	 -6.37536995346	 60.7410855629	 185.643708609	292.1208	 178.0
17.0	 139.195789572	 -5.54240704497	 60.9765075497	 185.645033113	227.8644	 179.0
17.5	 151.681596898	 0.294961666535	 61.2119295364	 185.646357616	243.0696	 186.0
18.0	 120.582032324	 6.96639801187	 61.4473515232	 185.647682119	206.0184	 194.0
18.5	 216.153653809	 -2.20945068566	 61.6827735099	 185.649006623	320.8388	 183.0
19.0	 151.990647348	 -9.71716411552	 61.9181954967	 185.650331126	244.1464	 174.0
19.5	 232.677497839	 -6.38199830552	 62.1536174834	 185.651655629	341.1208	 178.0
20.0	 203.93033762	 -8.88530593237	 62.3890394702	 185.652980132	306.89	 175.0
20.5	 262.439663354	 6.12680675132	 62.624461457	 185.654304636	377.2748	 193.0
21.0	 246.973528881	 13.6323107305	 62.8598834437	 185.655629139	358.9672	 202.0
21.5	 307.557014008	 -2.21607903771	 63.0953054305	 185.656953642	431.8388	 183.0
22.0	 316.107690238	 -0.549048495386	 63.3307274172	 185.658278146	442.326	 185.0
22.5	 365.313825585	 1.95204968078	 63.566149404	 185.659602649	501.5568	 188.0
23.0	 353.397816589	 8.62348602612	 63.8015713907	 185.660927152	487.5056	 196.0
23.5	 322.405012672	 -1.38643030525	 64.0369933775	 185.662251656	450.5824	 184.0
24.0	 313.247765781	 -2.22160266443	 64.2724153642	 185.663576159	439.8388	 183.0
24.5	 364.528394147	 1.94763077941	 64.507837351	 185.664900662	501.5568	 188.0
25.0	 345.405039913	 -5.56008265045	 64.7432593377	 185.666225166	478.8644	 179.0
25.5	 360.435754404	 -6.39525500963	 64.9786813245	 185.667549669	497.1208	 178.0
26.0	 415.245156115	 0.276181335707	 65.2141033113	 185.668874172	563.0696	 186.0
26.5	 423.453530988	 -9.73373499566	 65.449525298	 185.670198675	573.1464	 174.0
27.0	 319.811434402	 -6.39856918566	 65.6849472848	 185.671523179	449.1208	 178.0
27.5	 458.647812189	 1.10693479351	 65.9203692715	 185.672847682	615.8132	 187.0
28.0	 454.85862459	 8.61243877269	 66.1557912583	 185.674172185	611.5056	 196.0
28.5	 463.708564287	 -3.89968046018	 66.391213245	 185.675496689	622.3516	 181.0
29.0	 438.511529544	 -7.23705572087	 66.6266352318	 185.676821192	592.3772	 177.0
29.5	 486.00682536	 1.93658352598	 66.8620572185	 185.678145695	649.5568	 188.0
30.0	 476.678427791	 -4.73706227005	 67.0974792053	 185.679470199	638.608	 180.0
30.5	 397.074494039	 -10.5766404322	 67.3329011921	 185.680794702	543.4028	 173.0
31.0	 466.276900466	 -4.73927172073	 67.5683231788	 185.682119205	626.608	 180.0
31.5	 501.667539526	 6.10250279378	 67.8037451656	 185.683443709	669.2748	 193.0
32.0	 415.433768966	 -6.40961643909	 68.0391671523	 185.684768212	566.1208	 178.0
32.5	 489.683285459	 -7.24478879827	 68.2745891391	 185.686092715	655.3772	 177.0
33.0	 523.640996324	 -0.573352452928	 68.5100111258	 185.687417219	696.326	 185.0
33.5	 493.653410719	 -4.74479534745	 68.7454331126	 185.688741722	660.608	 180.0
34.0	 458.212357298	 -3.91183243895	 68.9808550993	 185.690066225	618.3516	 181.0
34.5	 600.0	 -1.41073426279	 69.2162770861	 185.691390728	788.5824	 184.0
35.0	 449.222406036	 3.59256681488	 69.4516990728	 185.692715232	608.044	 190.0
35.5	 542.227768225	 4.42552972337	 69.6871210596	 185.694039735	719.7876	 191.0
36.0	 545.068083807	 -13.9250629463	 69.9225430464	 185.695364238	723.4284	 169.0
36.5	 542.305466652	 -3.91735606567	 70.1579650331	 185.696688742	720.3516	 181.0
37.0	 547.284665274	 1.92001264584	 70.3933870199	 185.698013245	726.5568	 188.0
37.5	 550.082276593	 -9.7580389532	 70.6288090066	 185.699337748	730.1464	 174.0
38.0	 571.101263067	 -1.41846734019	 70.8642309934	 185.700662252	755.5824	 184.0
38.5	 522.550334577	 -4.75584260087	 71.0996529801	 185.701986755	697.608	 180.0
39.0	 560.293377991	 -3.08881205855	 71.3350749669	 185.703311258	743.0952	 182.0
39.5	 501.541135085	 -8.92839022074	 71.5704969536	 185.704635762	672.89	 175.0
40.0	 471.703348027	 -3.92508914307	 71.8059189404	 185.705960265	637.3516	 181.0
40.5	 475.228266323	 1.0782119346	 72.0413409272	 185.707284768	641.8132	 187.0
41.0	 499.8827868	 -4.76136622759	 72.2767629139	 185.708609272	671.608	 180.0
41.5	 469.831144801	 1.07600248391	 72.5121849007	 185.709933775	635.8132	 187.0
42.0	 469.869994014	 -3.0954404106	 72.7476068874	 185.711258278	636.0952	 182.0
42.5	 374.397423088	 -5.59874803745	 72.9830288742	 185.712582781	521.8644	 179.0
43.0	 478.224312385	 -1.42951459362	 73.2184508609	 185.713907285	646.5824	 184.0
43.5	 417.932380626	 5.24192175172	 73.4538728477	 185.715231788	574.5312	 192.0
44.0	 442.223247615	 -8.93833274882	 73.6892948344	 185.716556291	603.89	 175.0
44.5	 417.603721302	 -4.76909930499	 73.9247168212	 185.717880795	574.608	 180.0
45.0	 347.367034332	 -8.10647456567	 74.1601388079	 185.719205298	490.6336	 176.0
45.5	 341.524705845	 -5.60537638951	 74.3955607947	 185.720529801	483.8644	 179.0
46.0	 431.40765244	 -5.60648111485	 74.6309827815	 185.721854305	591.8644	 179.0
46.5	 345.02441696	 5.23529339966	 74.8664047682	 185.723178808	488.5312	 192.0
47.0	 313.625255292	 -6.44275819937	 75.101826755	 185.724503311	451.1208	 178.0
47.5	 326.111062618	 -0.60538948787	 75.3372487417	 185.725827815	466.326	 185.0
48.0	 351.214645109	 -11.4493734531	 75.5726707285	 185.727152318	496.6592	 172.0
48.5	 296.782538919	 -8.11420764307	 75.8080927152	 185.728476821	431.6336	 176.0
49.0	 235.421332454	 2.72756687144	 76.043514702	 185.729801325	358.3004	 189.0
49.5	 224.382095355	 2.7264621461	 76.2789366887	 185.731125828	345.3004	 189.0
50.0	 201.067050821	 -1.44498074842	 76.5143586755	 185.732450331	317.5824	 184.0
50.5	 200.421630947	 3.55832032925	 76.7497806623	 185.733774834	317.044	 190.0
51.0	 196.717851874	 -2.28125783294	 76.985202649	 185.735099338	312.8388	 183.0
51.5	 190.918227651	 -6.45270072746	 77.2206246358	 185.736423841	306.1208	 178.0
52.0	 151.499338869	 -3.11753491746	 77.4560466225	 185.737748344	259.0952	 182.0
52.5	 214.499618372	 -5.62084254431	 77.6914686093	 185.739072848	334.8644	 179.0
53.0	 131.474005558	 1.88466143486	 77.926890596	 185.740397351	235.5568	 188.0
53.5	 161.068875444	 6.0538948787	 78.1623125828	 185.741721854	271.2748	 193.0
54.0	 141.988225473	 -8.12635962184	 78.3977345695	 185.743046358	248.6336	 176.0
54.5	 160.312506237	 -2.28899091034	 78.6331565563	 185.744370861	270.8388	 183.0
55.0	 178.465636322	 -2.29009563568	 78.868578543	 185.745695364	292.8388	 183.0
55.5	 126.49302877	 7.717611245	 79.1040005298	 185.747019868	230.762	 195.0
56.0	 97.1683601209	 -2.29230508637	 79.3394225166	 185.748344371	195.8388	 183.0
56.5	 76.590725561	 -10.6340861501	 79.5748445033	 185.749668874	171.4028	 173.0
57.0	 124.962793274	 -8.1329879739	 79.8102664901	 185.750993377	229.6336	 176.0
57.5	 78.0372957883	 -4.7978221639	 80.0456884768	 185.752317881	173.608	 180.0
58.0	 59.6626006629	 1.0395465476	 80.2811104636	 185.753642384	151.8132	 187.0
58.5	 66.9514993766	 4.3747123576	 80.5165324503	 185.754966887	160.7876	 191.0
59.0	 45.2832379787	 3.53953999842	 80.7519544371	 185.756291391	135.044	 190.0
59.5	 13.6275171063	 -0.631902896098	 80.9873764238	 185.757615894	97.326	 185.0
60.0	 14.8854395732	 0.201060012395	 81.2227984106	 185.758940397	99.0696	 186.0
60.5	 34.0651401019	 2.70215818856	 81.4582203974	 185.760264901	122.3004	 189.0
61.0	 9.12466456295	 -8.14182577664	 81.6936423841	 185.761589404	92.6336	 176.0
61.5	 20.9048506713	 10.2065574424	 81.9290643709	 185.762913907	106.9928	 198.0
62.0	 53.515041867	 -0.637426522812	 82.1644863576	 185.764238411	146.326	 185.0
62.5	 39.7597469249	 0.195536385681	 82.3999083444	 185.765562914	130.0696	 186.0
63.0	 18.5832518039	 -12.3165828472	 82.6353303311	 185.766887417	104.9156	 171.0
63.5	 43.6871679222	 9.36807090718	 82.8707523179	 185.768211921	135.2492	 197.0
64.0	 20.8211854022	 0.192222209652	 83.1061743046	 185.769536424	108.0696	 186.0
64.5	 46.4382199287	 6.86365855499	 83.3415962914	 185.770860927	139.0184	 194.0
65.0	 45.0227888157	 1.85814802664	 83.5770182781	 185.77218543	137.5568	 188.0
65.5	 38.8168068409	 -3.98143013555	 83.8124402649	 185.773509934	130.3516	 181.0
66.0	 12.9355030111	 1.85593857595	 84.0478622517	 185.774834437	99.5568	 188.0
66.5	 67.8089611162	 -1.48143668473	 84.2832842384	 185.77615894	165.5824	 184.0
67.0	 63.2070580148	 2.6877967591	 84.5187062252	 185.777483444	160.3004	 189.0
67.5	 41.3889980699	 -7.32211957226	 84.7541282119	 185.778807947	134.3772	 177.0
68.0	 87.2802150127	 -8.15729193144	 84.9895501987	 185.78013245	189.6336	 176.0
68.5	 83.0846696626	 -2.31992321994	 85.2249721854	 185.781456954	184.8388	 183.0
69.0	 58.058785598	 0.181174956224	 85.4603941722	 185.782781457	155.0696	 186.0
69.5	 24.9060801363	 1.84820549855	 85.6958161589	 185.78410596	115.5568	 188.0
70.0	 54.7788613578	 -4.82544029747	 85.9312381457	 185.785430464	151.608	 180.0
70.5	 76.6532675978	 0.177860780195	 86.1666601325	 185.786754967	178.0696	 186.0
71.0	 15.847883804	 -10.666123185	 86.4020821192	 185.78807947	105.4028	 173.0
71.5	 41.8499239504	 1.00971896334	 86.637504106	 185.789403974	136.8132	 187.0
72.0	 29.8054685388	 -4.82985919884	 86.8729260927	 185.790728477	122.608	 180.0
72.5	 8.92857051191	 1.00750951266	 87.1083480795	 185.79205298	97.8132	 187.0
73.0	 19.8102989651	 -3.16393338186	 87.3437700662	 185.793377483	111.0952	 182.0
73.5	 9.0062689385	 -7.33537627638	 87.579192053	 185.794701987	98.3772	 177.0
74.0	 1.3890445273	 11.8470745765	 87.8146140397	 185.79602649	89.48	 200.0
74.5	 -32.2771129697	 -4.00131519172	 88.0500360265	 185.797350993	49.3516	 181.0
75.0	 5.01686843055	 2.67012115362	 88.2854580132	 185.798675497	94.3004	 189.0
Actin association begins: 14.5
Actin association ends: 74.0
Length of actin association: 59.5
Area under actin curve during patch life: 30266.0648686
Cofilin intensity score: 256.422583282