Time	 Int488	 Int561	 Back488	 Back561	 Raw488	 Raw561
0.0	 19.6688805432	 -17.2574408135	 44.726	 185.0	58.4028	 173.0
0.5	 -14.2565049526	 4.30872051683	 44.470092549	 185.003921569	34.5568	 188.0
1.0	 18.5612618978	 -10.0781198476	 44.214185098	 185.007843137	57.1208	 178.0
1.5	 -16.8022436658	 11.4880414827	 43.9582776471	 185.011764706	32.2748	 193.0
2.0	 -3.49113741495	 11.4824017962	 43.7023701961	 185.015686275	41.2748	 193.0
2.5	 -11.9733026714	 -10.0950389072	 43.4464627451	 185.019607843	35.1208	 178.0
3.0	 -5.22577640991	 4.28052208413	 43.1905552941	 185.023529412	39.5568	 188.0
3.5	 -7.03333880771	 7.15112253317	 42.9346478431	 185.02745098	38.044	 190.0
4.0	 -38.2671387846	 1.39300257547	 42.6787403922	 185.031372549	16.0696	 186.0
4.5	 -16.7328619861	 8.57796322788	 42.4228329412	 185.035294118	30.7876	 191.0
5.0	 -2.64747189076	 -0.0563968654036	 42.1669254902	 185.039215686	40.326	 185.0
5.5	 -7.70000840952	 4.25232365143	 41.9110180392	 185.043137255	36.5568	 188.0
6.0	 -2.28015459464	 1.37044382931	 41.6551105882	 185.047058824	40.0696	 186.0
6.5	 23.9740322664	 1.36480414277	 41.3992031373	 185.050980392	58.0696	 186.0
7.0	 -3.60924373048	 -13.0220362217	 41.1432956863	 185.054901961	38.6336	 176.0
7.5	 1.33142847782	 2.79164483748	 40.8873882353	 185.058823529	41.8132	 187.0
8.0	 17.555590738	 -2.96647512023	 40.6314807843	 185.062745098	52.8388	 183.0
8.5	 30.6084106247	 -18.7914355525	 40.3755733333	 185.066666667	61.6592	 172.0
9.0	 28.9486869699	 17.1559264558	 40.1196658824	 185.070588235	60.2492	 197.0
9.5	 18.2541178011	 4.20720615911	 39.8637584314	 185.074509804	52.5568	 188.0
10.0	 -16.0031858063	 21.4590072861	 39.6078509804	 185.078431373	28.48	 200.0
10.5	 22.6406930627	 -4.43279362072	 39.3519435294	 185.082352941	55.0952	 182.0
11.0	 38.7544077017	 7.06652723507	 39.0960360784	 185.08627451	66.044	 190.0
11.5	 35.5455411099	 4.18464741294	 38.8401286275	 185.090196078	63.5568	 188.0
12.0	 31.1936566881	 11.3696080654	 38.5842211765	 185.094117647	60.2748	 193.0
12.5	 9.28922921498	 8.48772824324	 38.3283137255	 185.098039216	44.7876	 191.0
13.0	 24.4440053928	 1.29148821774	 38.0724062745	 185.101960784	55.0696	 186.0
13.5	 80.6036114394	 -8.78099194334	 37.8164988235	 185.105882353	93.8644	 179.0
14.0	 29.5680486251	 -10.2247516977	 37.5605913725	 185.109803922	58.1208	 178.0
14.5	 71.5679244843	 1.27456915812	 37.3046839216	 185.11372549	87.0696	 186.0
15.0	 59.0296853887	 -4.48355079958	 37.0487764706	 185.117647059	78.0952	 182.0
15.5	 67.9896155625	 1.26328978504	 36.7928690196	 185.121568627	84.0696	 186.0
16.0	 -3.54836218634	 1.2576500985	 36.5369615686	 185.125490196	34.0696	 186.0
16.5	 -17.635168971	 12.7569709543	 36.2810541176	 185.129411765	24.0184	 194.0
17.0	 49.328745521	 -0.191749342372	 36.0251466667	 185.133333333	70.326	 185.0
17.5	 85.5761411091	 11.3075715134	 35.7692392157	 185.137254902	95.2748	 193.0
18.0	 61.9384913302	 -1.64114878324	 35.5133317647	 185.141176471	78.5824	 184.0
18.5	 155.08366928	 -4.52302860537	 35.2574243137	 185.145098039	143.0952	 182.0
19.0	 94.2395523557	 9.852532386	 35.0015168627	 185.149019608	100.5312	 192.0
19.5	 39.2583633233	 6.97065256388	 34.7456094118	 185.152941176	62.044	 190.0
20.0	 6.25452516699	 -3.1018275972	 34.4897019608	 185.156862745	38.8388	 183.0
20.5	 14.5138032437	 -0.231227148155	 34.2337945098	 185.160784314	44.326	 185.0
21.0	 45.4142684197	 4.07749336868	 33.9778870588	 185.164705882	65.5568	 188.0
21.5	 96.558862166	 -8.87122692798	 33.7219796078	 185.168627451	100.8644	 179.0
22.0	 128.934263284	 -10.3149866823	 33.4660721569	 185.17254902	123.1208	 178.0
22.5	 120.895039008	 11.251174648	 33.2101647059	 185.176470588	117.2748	 193.0
23.0	 233.178143572	 -4.57378578423	 32.9542572549	 185.180392157	195.0952	 182.0
23.5	 279.566011382	 -4.57942547077	 32.6983498039	 185.184313725	227.0952	 182.0
24.0	 257.624768035	 -1.70882502173	 32.4424423529	 185.188235294	211.5824	 184.0
24.5	 352.576800039	 -6.02882491164	 32.186534902	 185.192156863	277.3516	 181.0
25.0	 398.227199878	 -3.1582244626	 31.930627451	 185.196078431	308.8388	 183.0
25.5	 457.558148298	 -3.16386414914	 31.67472	 185.2	349.8388	 183.0
26.0	 448.596801435	 -6.04574397126	 31.418812549	 185.203921569	343.3516	 181.0
26.5	 494.505487639	 12.6441772235	 31.162905098	 185.207843137	375.0184	 194.0
27.0	 502.506479351	 -0.304543073179	 30.9069976471	 185.211764706	380.326	 185.0
27.5	 497.785860944	 8.31853764703	 30.6510901961	 185.215686275	376.7876	 191.0
28.0	 595.946051195	 8.31289796049	 30.3951827451	 185.219607843	444.7876	 191.0
28.5	 521.236731072	 -1.75958220059	 30.1392752941	 185.223529412	392.5824	 184.0
29.0	 500.401689682	 -3.20334195492	 29.8833678431	 185.22745098	377.8388	 183.0
29.5	 600.0	 -3.20898164146	 29.6274603922	 185.231372549	446.8388	 183.0
30.0	 465.479841506	 6.85221914653	 29.3715529412	 185.235294118	353.044	 190.0
30.5	 506.520778904	 -0.344020878962	 29.1156454902	 185.239215686	381.326	 185.0
31.0	 423.072290754	 6.84093977345	 28.8597380392	 185.243137255	323.044	 190.0
31.5	 217.862778448	 -4.66966045542	 28.6038305882	 185.247058824	180.0952	 182.0
32.0	 111.441185087	 -3.23718007416	 28.3479231373	 185.250980392	105.8388	 183.0
32.5	 13.6114962589	 3.94778057825	 28.0920156863	 185.254901961	37.5568	 188.0
33.0	 27.7705181017	 -16.1915400574	 27.8361082353	 185.258823529	47.1464	 174.0
33.5	 166.419540741	 5.37462127296	 27.5802007843	 185.262745098	143.3004	 189.0
34.0	 265.022096724	 -7.5740990237	 27.3242933333	 185.266666667	211.608	 180.0
34.5	 82.3801397702	 -6.14161864245	 27.0683858824	 185.270588235	84.3516	 181.0
35.0	 165.348029625	 8.23394234892	 26.8124784314	 185.274509804	141.7876	 191.0
35.5	 97.1286577442	 -4.71477794774	 26.5565709804	 185.278431373	94.0952	 182.0
36.0	 84.4431551536	 12.5370231792	 26.3006635294	 185.282352941	85.0184	 194.0
36.5	 85.9541986242	 2.46454301814	 26.0447560784	 185.28627451	85.8132	 187.0
37.0	 67.58984751	 8.21138360276	 25.7888486275	 185.290196078	72.7876	 191.0
37.5	 107.930132811	 -1.86109655832	 25.5329411765	 185.294117647	100.5824	 184.0
38.0	 45.0945072164	 -13.3716967872	 25.2770337255	 185.298039216	56.6336	 176.0
38.5	 37.5344645474	 -10.5010963381	 25.0211262745	 185.301960784	51.1208	 178.0
39.0	 91.039300949	 0.998224517643	 24.7652188235	 185.305882353	88.0696	 186.0
39.5	 33.5874216402	 -9.07425564343	 24.5093113725	 185.309803922	47.8644	 179.0
40.0	 85.359035736	 -7.64177526218	 24.2534039216	 185.31372549	83.608	 180.0
40.5	 60.763022744	 16.8006262037	 23.9974964706	 185.317647059	66.2492	 197.0
41.0	 49.404617352	 -4.77681449968	 23.7415890196	 185.321568627	58.0952	 182.0
41.5	 91.8100430703	 -0.46809398285	 23.4856815686	 185.325490196	87.326	 185.0
42.0	 20.9727174186	 2.40250646619	 23.2297741176	 185.329411765	37.8132	 187.0
42.5	 17.0263828559	 2.39686677965	 22.9738666667	 185.333333333	34.8132	 187.0
43.0	 4.41451201283	 8.14370736428	 22.7179592157	 185.337254902	25.7876	 191.0
43.5	 46.8567536049	 6.69994760994	 22.4620517647	 185.341176471	55.044	 190.0
44.0	 -21.0675160375	 3.81806778782	 22.2061443137	 185.345098039	7.5568	 188.0
44.5	 3.37981677027	 5.25054816907	 21.9502368627	 185.349019608	24.3004	 189.0
45.0	 -33.4960158566	 -17.7650126021	 21.6943294118	 185.352941176	-1.5972	 173.0
45.5	 12.0071204878	 8.11550893157	 21.4384219608	 185.356862745	29.7876	 191.0
46.0	 14.2188160554	 0.919268906078	 21.1825145098	 185.360784314	31.0696	 186.0
46.5	 -9.4924654709	 -0.524490848253	 20.9266070588	 185.364705882	14.326	 185.0
47.0	 0.979216518128	 -6.28261080596	 20.6706996078	 185.368627451	21.3516	 181.0
47.5	 3.08046446458	 3.77858998204	 20.4147921569	 185.37254902	22.5568	 188.0
48.0	 7.06219821168	 0.896710159917	 20.1588847059	 185.376470588	25.0696	 186.0
48.5	 13.2195199973	 -4.86140979779	 19.9029772549	 185.380392157	29.0952	 182.0
49.0	 -3.00605895212	 3.76167092242	 19.6470698039	 185.384313725	17.5568	 188.0
49.5	 -7.98496372341	 -3.43456910308	 19.3911623529	 185.388235294	13.8388	 183.0
50.0	 -4.3719639617	 -4.87832885741	 19.135254902	 185.392156863	16.0952	 182.0
50.5	 -3.37691797139	 9.49723213396	 18.879347451	 185.396078431	16.5312	 192.0
Actin association begins: 17.0
Actin association ends: 43.5
Length of actin association: 26.5
Area under actin curve during patch life: 10509.5433636
Cofilin intensity score: 197.394816082