Time	 Int488	 Int561	 Back488	 Back561	 Raw488	 Raw561
0.0	 60.4915157999	 42.5346161402	 10.31064	 187.4	18.2748	 193.0
0.5	 -12.4861781199	 -56.1287761282	 10.2518986364	 187.389772727	8.608	 180.0
1.0	 -134.539704505	 95.8582481439	 10.1931572727	 187.379545455	-7.52	 200.0
1.5	 100.585131774	 -78.7598158035	 10.1344159091	 187.369318182	23.3772	 177.0
2.0	 -9.58908396031	 -2.72746321029	 10.0756745455	 187.359090909	8.8132	 187.0
2.5	 -35.2409410503	 -78.604453975	 10.0169331818	 187.348863636	5.3772	 177.0
3.0	 125.879739518	 35.4052344576	 9.95819181818	 187.338636364	26.5312	 192.0
3.5	 158.84969803	 -2.49442046764	 9.89945045455	 187.328409091	30.8132	 187.0
4.0	 100.285162608	 20.3696619503	 9.84070909091	 187.318181818	23.044	 190.0
4.5	 64.7014726495	 12.8518756966	 9.78196772727	 187.307954545	18.3004	 189.0
5.0	 44.503160986	 -25.0477792287	 9.72322636364	 187.297727273	15.5824	 184.0
5.5	 -39.3785856	 96.5573763719	 9.664485	 187.2875	4.48	 200.0
6.0	 85.1258668456	 -2.10601589655	 9.60574363636	 187.277272727	20.8132	 187.0
6.5	 30.0673990684	 66.3308695287	 9.54700227273	 187.267045455	13.5056	 196.0
7.0	 30.5135671673	 66.408550443	 9.48826090909	 187.256818182	13.5056	 196.0
7.5	 44.7865236986	 -17.0639074897	 9.42951954545	 187.246590909	15.326	 185.0
8.0	 204.931946283	 -47.3680952471	 9.37077818182	 187.236363636	36.3516	 181.0
8.5	 -52.8677693267	 -47.2904143328	 9.31203681818	 187.226136364	2.3516	 181.0
9.0	 129.869610802	 -47.2127334186	 9.25329545455	 187.215909091	26.3516	 181.0
9.5	 17.942361245	 6.03321767086	 9.19455409091	 187.205681818	11.5568	 188.0
10.0	 14.6880177397	 -9.08003575071	 9.13581272727	 187.195454545	11.0696	 186.0
10.5	 -13.3002050511	 -16.5978220044	 9.07707136364	 187.185227273	7.326	 185.0
11.0	 40.314233223	 -16.5201410902	 9.01833	 187.175	14.326	 185.0
11.5	 46.2139467485	 21.5348756635	 8.95958863636	 187.164772727	15.044	 190.0
12.0	 94.3748395961	 -16.3647792617	 8.90084727273	 187.154545455	21.326	 185.0
12.5	 -5.86754326951	 -8.69163117963	 8.84210590909	 187.144318182	8.0696	 186.0
13.0	 80.2706854176	 -46.5912861049	 8.78336454545	 187.134090909	19.3516	 181.0
13.5	 -58.532365166	 52.227467992	 8.72462318182	 187.123863636	1.0184	 194.0
14.0	 115.050957932	 -0.863121269079	 8.66588181818	 187.113636364	23.8132	 187.0
14.5	 68.3657331604	 -53.9537105301	 8.60714045455	 187.103409091	17.608	 180.0
15.0	 192.286853727	 -61.4714967838	 8.54839909091	 187.093181818	33.8644	 179.0
15.5	 186.696144521	 -8.22554569432	 8.48965772727	 187.082954545	33.0696	 186.0
16.0	 81.0002162291	 -38.5297334517	 8.43091636364	 187.072727273	19.0952	 182.0
16.5	 33.5372156198	 29.9071519736	 8.372175	 187.0625	12.7876	 191.0
17.0	 97.0834867627	 -38.3743716233	 8.31343363636	 187.052272727	21.0952	 182.0
17.5	 -71.906988533	 30.062513802	 8.25469227273	 187.042045455	-1.2124	 191.0
18.0	 -14.7864826141	 75.7129977236	 8.19595090909	 187.031818182	6.2492	 197.0
18.5	 168.728673352	 -45.7367960485	 8.13720954545	 187.021590909	30.3516	 181.0
19.0	 -8.05171307073	 53.0819580484	 8.07846818182	 187.011363636	7.0184	 194.0
19.5	 84.1233929214	 -37.9859670522	 8.01972681818	 187.001136364	19.0952	 182.0
20.0	 -145.436375758	 0.0690497015263	 7.96098545455	 186.990909091	-11.1868	 187.0
20.5	 -34.9531557043	 15.3376649515	 7.90224409091	 186.980681818	3.3004	 189.0
21.0	 37.7471724694	 0.224411529961	 7.84350272727	 186.970454545	12.8132	 187.0
21.5	 -98.3306244944	 -30.0797762274	 7.78476136364	 186.960227273	-5.1612	 183.0
22.0	 192.496329807	 -7.2156938095	 7.72602	 186.95	33.0696	 186.0
22.5	 69.6619893972	 -29.924414399	 7.66727863636	 186.939772727	16.8388	 183.0
23.0	 39.531844865	 0.535135186829	 7.60853727273	 186.929545455	12.8132	 187.0
23.5	 -100.440907662	 -14.5781182347	 7.54979590909	 186.919318182	-5.674	 185.0
24.0	 156.498110323	 -37.2868388242	 7.49105454545	 186.909090909	28.0952	 182.0
24.5	 12.2415143124	 23.5545794332	 7.43231318182	 186.898863636	9.044	 190.0
25.0	 107.72824399	 8.44132601159	 7.37357181818	 186.888636364	21.5568	 188.0
25.5	 131.155257552	 -21.8628617458	 7.31483045455	 186.878409091	24.5824	 184.0
26.0	 49.6098766668	 31.3830893437	 7.25608909091	 186.868181818	13.7876	 191.0
26.5	 -136.130122828	 46.6517045937	 7.19734772727	 186.857954545	-10.7252	 193.0
27.0	 95.6861279529	 92.3021885153	 7.13860636364	 186.847727273	19.7364	 199.0
27.5	 177.929401076	 69.5934679259	 7.079865	 186.8375	30.5056	 196.0
28.0	 -14.4338457884	 -67.0472601821	 7.02112363636	 186.827272727	5.1208	 178.0
28.5	 34.5078610841	 69.7488297543	 6.96238227273	 186.817045455	11.5056	 196.0
29.0	 22.0994605481	 1.46730615743	 6.90364090909	 186.806818182	9.8132	 187.0
29.5	 61.1062963649	 -89.6006189431	 6.84489954545	 186.796590909	14.89	 175.0
30.0	 65.0585321085	 -43.9501350215	 6.78615818182	 186.786363636	15.3516	 181.0
30.5	 80.3067466242	 16.8912832359	 6.72741681818	 186.776136364	17.3004	 189.0
31.0	 27.1957566288	 77.7327014933	 6.66867545455	 186.765909091	10.2492	 197.0
31.5	 78.8627171212	 85.4058495754	 6.60993409091	 186.755681818	16.9928	 198.0
32.0	 64.5068388033	 24.7197931464	 6.55119272727	 186.745454545	15.044	 190.0
32.5	 160.18801244	 -20.7753289467	 6.49245136364	 186.735227273	27.5824	 184.0
33.0	 103.376510841	 24.8751549749	 6.43371	 186.725	20.044	 190.0
33.5	 254.173432435	 -28.2154342862	 6.37496863636	 186.714772727	39.8388	 183.0
34.0	 210.994275308	 -35.7332205399	 6.31622727273	 186.704545455	34.0952	 182.0
34.5	 131.785260124	 -50.8464739615	 6.25748590909	 186.694318182	23.608	 180.0
35.0	 86.0752933367	 40.3768129675	 6.19874454545	 186.684090909	17.5312	 192.0
35.5	 160.917543252	 -12.7137762935	 6.14000318182	 186.673863636	27.326	 185.0
36.0	 115.596464384	 17.7457732923	 6.08126181818	 186.663636364	21.3004	 189.0
36.5	 321.120246016	 17.8234542065	 6.02252045455	 186.653409091	48.3004	 189.0
37.0	 341.041191933	 -58.0535365583	 5.96377909091	 186.643181818	50.8644	 179.0
37.5	 249.952866098	 2.78788169913	 5.90503772727	 186.632954545	38.8132	 187.0
38.0	 192.946920539	 78.8202342923	 5.84629636364	 186.622727273	31.2492	 197.0
38.5	 326.799873975	 2.94324352756	 5.787555	 186.6125	48.8132	 187.0
39.0	 486.7508526	 3.02092444178	 5.72881363636	 186.602272727	69.8132	 187.0
39.5	 232.457204635	 48.6714083634	 5.67007227273	 186.592045455	36.2748	 193.0
40.0	 430.385519099	 48.7490892776	 5.61133090909	 186.581818182	62.2748	 193.0
40.5	 459.654966007	 -4.34149998347	 5.55258954545	 186.571590909	66.0696	 186.0
41.0	 528.460338617	 -4.26381906925	 5.49384818182	 186.561363636	75.0696	 186.0
41.5	 506.314549171	 -34.5680068266	 5.43510681818	 186.551136364	72.0952	 182.0
42.0	 386.986276406	 -11.7039244087	 5.37636545455	 186.540909091	56.326	 185.0
42.5	 408.465812187	 -34.4126449982	 5.31762409091	 186.530681818	59.0952	 182.0
43.0	 418.649369195	 -72.3122999235	 5.25888272727	 186.520454545	60.3772	 177.0
43.5	 500.698198359	 -64.6391518413	 5.20014136364	 186.510227273	71.1208	 178.0
44.0	 456.935709354	 18.9886679197	 5.1414	 186.5	65.3004	 189.0
44.5	 450.175298204	 -41.6973885092	 5.08265863636	 186.489772727	64.3516	 181.0
45.0	 600.0	 57.1213655877	 5.02391727273	 186.479545455	84.0184	 194.0
45.5	 551.561741406	 -18.7556251771	 4.96517590909	 186.469318182	77.5824	 184.0
46.0	 506.629550457	 -49.0598129345	 4.90643454545	 186.459090909	71.608	 180.0
46.5	 516.424219546	 -26.1957305166	 4.84769318182	 186.448863636	72.8388	 183.0
47.0	 492.13650836	 -18.5225824344	 4.78895181818	 186.438636364	69.5824	 184.0
47.5	 532.50749008	 -26.0403686881	 4.73021045455	 186.428409091	74.8388	 183.0
48.0	 380.849870862	 4.41918089769	 4.67146909091	 186.418181818	54.8132	 187.0
48.5	 342.929815202	 65.2605991551	 4.61272772727	 186.407954545	49.762	 195.0
49.0	 429.651375768	 -63.784661785	 4.55398636364	 186.397727273	61.1208	 178.0
49.5	 281.499824194	 12.2476908082	 4.495245	 186.3875	41.5568	 188.0
50.0	 373.091598307	 12.3253717225	 4.43650363636	 186.377272727	53.5568	 188.0
50.5	 392.623656306	 -2.78788169913	 4.37776227273	 186.367045455	56.0696	 186.0
51.0	 428.710794543	 65.6490037262	 4.31902090909	 186.356818182	60.762	 195.0
51.5	 418.444315749	 -40.6098557102	 4.26027954545	 186.346590909	59.3516	 181.0
52.0	 348.583801555	 -32.9367076281	 4.20153818182	 186.336363636	50.0952	 182.0
52.5	 293.914221696	 -25.2635595459	 4.14279681818	 186.326136364	42.8388	 183.0
53.0	 497.879413466	 -78.354148807	 4.08405545455	 186.315909091	69.6336	 176.0
53.5	 193.729119011	 43.2510067936	 4.02531409091	 186.305681818	29.5312	 192.0
54.0	 420.675156243	 -40.2214511391	 3.96657272727	 186.295454545	59.3516	 181.0
54.5	 424.627391987	 5.42903278251	 3.90783136364	 186.285227273	59.8132	 187.0
55.0	 412.218991451	 -62.8524908143	 3.84909	 186.275	58.1208	 178.0
55.5	 302.628107595	 -77.9657442359	 3.79034863636	 186.264772727	43.6336	 176.0
56.0	 258.282286711	 96.8076815399	 3.73160727273	 186.254545455	37.7364	 199.0
56.5	 376.944305811	 20.9306907752	 3.67286590909	 186.244318182	53.3004	 189.0
57.0	 312.731781003	 36.1993060252	 3.61412454545	 186.234090909	44.7876	 191.0
57.5	 307.918847635	 -32.0822175717	 3.55538318182	 186.223863636	44.0952	 182.0
58.0	 264.739690508	 -39.6000038254	 3.49664181818	 186.213636364	38.3516	 181.0
58.5	 176.182174334	 -77.4996587506	 3.43790045455	 186.203409091	26.6336	 176.0
59.0	 290.365905992	 -47.0401091648	 3.37915909091	 186.193181818	41.608	 180.0
59.5	 345.15004621	 66.9695792679	 3.32041772727	 186.182954545	48.762	 195.0
60.0	 260.681929558	 -16.5028786648	 3.26167636364	 186.172727273	37.5824	 184.0
60.5	 319.749913259	 21.5521380889	 3.202935	 186.1625	45.3004	 189.0
61.0	 216.001462749	 -16.3475168364	 3.14419363636	 186.152272727	31.5824	 184.0
61.5	 408.087343868	 6.51656558155	 3.08545227273	 186.142045455	56.8132	 187.0
62.0	 406.391590225	 44.5715823352	 3.02671090909	 186.131818182	56.5312	 192.0
62.5	 141.190851407	 14.2673945779	 2.96796954545	 186.121590909	21.5568	 188.0
63.0	 166.565342751	 -23.6322603474	 2.90922818182	 186.111363636	24.8388	 183.0
63.5	 162.727667367	 52.4000922458	 2.85048681818	 186.101136364	24.2748	 193.0
64.0	 250.813373836	 6.90497015263	 2.79174545455	 186.090909091	35.8132	 187.0
64.5	 78.5112748553	 -0.612816101046	 2.73300409091	 186.080681818	13.0696	 186.0
65.0	 156.470704496	 52.6331349884	 2.67426272727	 186.070454545	23.2748	 193.0
65.5	 47.0742645997	 7.13801289528	 2.61552136364	 186.060227273	8.8132	 187.0
66.0	 118.021558951	 -30.76164203	 2.55678	 186.05	18.0952	 182.0
66.5	 230.841144705	 -83.852231291	 2.49803863636	 186.039772727	32.89	 175.0
67.0	 124.367440575	 7.37105563794	 2.43929727273	 186.029545455	18.8132	 187.0
67.5	 39.3159920455	 15.0442037201	 2.38055590909	 186.019318182	7.5568	 188.0
68.0	 28.4661813723	 -0.0690497015263	 2.32181454545	 186.009090909	6.0696	 186.0
68.5	 66.8896853107	 0.00863121269078	 2.26307318182	 185.998863636	11.0696	 186.0
69.0	 115.245022118	 -68.2728923842	 2.20433181818	 185.988636364	17.3772	 177.0
69.5	 22.0147745416	 30.5458617127	 2.14559045455	 185.978409091	5.044	 190.0
70.0	 106.205525447	 0.241673955342	 2.08684909091	 185.968181818	16.0696	 186.0
70.5	 -24.6131700498	 38.296690709	 2.02810772727	 185.957954545	-1.2124	 191.0
71.0	 59.9664687744	 -52.7712343915	 1.96936636364	 185.947727273	9.8644	 179.0
71.5	 60.0237489543	 8.07018386589	 1.910625	 185.9375	9.8132	 187.0
72.0	 12.949636264	 15.743331948	 1.85188363636	 185.927272727	3.5568	 188.0
72.5	 87.5974422195	 -6.96538864147	 1.79314227273	 185.917045455	13.326	 185.0
73.0	 72.8526759826	 -6.88770772725	 1.73440090909	 185.906818182	11.326	 185.0
73.5	 107.575668317	 -22.0009611488	 1.67565954545	 185.896590909	15.8388	 183.0
74.0	 127.107726315	 -37.1142145704	 1.61691818182	 185.886363636	18.3516	 181.0
74.5	 93.6659580978	 -82.6093366636	 1.55817681818	 185.876136364	13.89	 175.0
75.0	 93.5287943182	 8.61395026541	 1.49943545455	 185.865909091	13.8132	 187.0
75.5	 -21.9045228832	 16.2870983475	 1.44069409091	 185.855681818	-1.4432	 188.0
76.0	 -19.3164330429	 -21.6125565777	 1.38195272727	 185.845454545	-1.1612	 183.0
76.5	 28.4555718857	 1.25152584016	 1.32321136364	 185.835227273	5.0696	 186.0
77.0	 26.7598182432	 39.3065425939	 1.26447	 185.825	4.7876	 191.0
77.5	 94.0066009903	 -13.7840466672	 1.20572863636	 185.814772727	13.5824	 184.0
78.0	 48.6855221224	 16.6755029186	 1.14698727273	 185.804545455	7.5568	 188.0
78.5	 -19.0330703303	 -13.6286848388	 1.08824590909	 185.794318182	-1.4176	 184.0
79.0	 -22.2874138356	 -28.7419382603	 1.02950454545	 185.784090909	-1.9048	 182.0
79.5	 -52.4175583678	 1.71761132547	 0.970763181818	 185.773863636	-5.9304	 186.0
80.0	 16.5822582017	 -28.5865764319	 0.912021818182	 185.763636364	3.0952	 182.0
80.5	 126.871034296	 17.0639074897	 0.853280454545	 185.753409091	17.5568	 188.0
81.0	 139.196513045	 -58.8130832751	 0.794539090909	 185.743181818	19.1208	 178.0
81.5	 -27.652040509	 -28.3535336893	 0.735797727273	 185.732954545	-2.9048	 182.0
82.0	 -30.9063840143	 -43.4667871108	 0.677056363636	 185.722727273	-3.392	 180.0
82.5	 7.12823200506	 17.3746311466	 0.618315	 185.7125	1.5568	 188.0
83.0	 -45.5938700713	 17.4523120608	 0.559573636364	 185.702272727	-5.4432	 188.0
83.5	 -10.8708777371	 2.3390586392	 0.500832272727	 185.692045455	-0.9304	 186.0
84.0	 290.082353392	 -73.5379321255	 0.442090909091	 185.681818182	38.6336	 176.0
84.5	 -44.4498097341	 48.067223475	 0.383349545455	 185.671590909	-5.4688	 192.0
85.0	 13.4484720227	 -27.8097672897	 0.324608181818	 185.661363636	2.0952	 182.0
85.5	 2.40421739005	 -12.5411520397	 0.265866818182	 185.651136364	0.5824	 184.0
86.0	 0.902907707099	 -4.86800395761	 0.207125454545	 185.640909091	0.326	 185.0
86.5	 -38.5757378153	 2.80514412451	 0.148384090909	 185.630681818	-4.9304	 186.0
87.0	 -47.6725146662	 10.4782922066	 0.0896427272727	 185.620454545	-6.1868	 187.0
87.5	 76.2486059009	 2.96050595294	 0.0309013636364	 185.610227273	10.0696	 186.0
Actin association begins: 28.5
Actin association ends: 70.0
Length of actin association: 41.5
Area under actin curve during patch life: 23293.8112398
Cofilin intensity score: 282.755714599