Time	 Int488	 Int561	 Back488	 Back561	 Raw488	 Raw561
0.0	 -4.77437015787	 1.60716097799	 37.48496	 183.6	33.326	 185.0
0.5	 24.0124312564	 2.75313663186	 37.1523401739	 183.60173913	58.0696	 186.0
1.0	 -23.4968316542	 -2.98872047708	 36.8197203478	 183.603478261	16.3516	 181.0
1.5	 7.29157396099	 -0.694772696075	 36.4871005217	 183.605217391	42.8388	 183.0
2.0	 0.785579487452	 -0.69676916934	 36.1544806957	 183.606956522	36.8388	 183.0
2.5	 0.019445649597	 -0.698765642604	 35.8218608696	 183.608695652	35.8388	 183.0
3.0	 -30.0934476464	 10.7789591555	 35.4892410435	 183.610434783	9.2748	 193.0
3.5	 22.8595446107	 2.74115779227	 35.1566212174	 183.612173913	55.0696	 186.0
4.0	 14.7050621626	 -8.74055995235	 34.8240013913	 183.613913043	47.6336	 176.0
4.5	 -2.16206954163	 -4.15066791707	 34.4913815652	 183.615652174	32.608	 180.0
5.0	 -3.01636763885	 9.62300113529	 34.1587617391	 183.617391304	31.5312	 192.0
5.5	 6.01934373363	 2.73317189922	 33.826141913	 183.619130435	39.0696	 186.0
6.0	 -7.9043874366	 -4.15665733686	 33.493522087	 183.620869565	26.608	 180.0
6.5	 6.1943402054	 5.02512320696	 33.1609022609	 183.622608696	38.5568	 188.0
7.0	 55.4384641141	 -6.45659453766	 32.8282824348	 183.624347826	81.1208	 178.0
7.5	 61.2364348992	 -0.71873037525	 32.4956626087	 183.626086957	85.8388	 183.0
8.0	 78.4847388692	 9.61102229571	 32.1630427826	 183.627826087	100.5312	 192.0
8.5	 126.580890651	 -1.87069544891	 31.8304229565	 183.629565217	142.0952	 182.0
9.0	 140.709006379	 2.71919658636	 31.4978031304	 183.631304348	154.0696	 186.0
9.5	 127.020839089	 3.86517224023	 31.1651833043	 183.633043478	141.8132	 187.0
10.0	 168.670897783	 13.0469527841	 30.8325634783	 183.634782609	177.762	 195.0
10.5	 250.352581305	 0.417262912298	 30.4999436522	 183.636521739	248.5824	 184.0
11.0	 244.670830818	 6.15512707471	 30.1673238261	 183.63826087	243.3004	 189.0
11.5	 239.636536612	 0.413269965769	 29.834704	 183.64	238.5824	 184.0
12.0	 273.044614621	 -3.0326428889	 29.5020841739	 183.64173913	267.3516	 181.0
12.5	 246.228238085	 -13.3663885064	 29.1694643478	 183.643478261	243.6592	 172.0
13.0	 293.618157414	 -4.18460796257	 28.8368445217	 183.645217391	284.608	 180.0
13.5	 301.123392347	 3.84920045412	 28.5042246957	 183.646956522	290.8132	 187.0
14.0	 340.830623012	 2.69923185372	 28.1716048696	 183.648695652	325.0696	 186.0
14.5	 425.632494776	 -4.19059738236	 27.8389850435	 183.650434783	398.608	 180.0
15.0	 403.290454403	 3.84321103432	 27.5063652174	 183.652173913	378.8132	 187.0
15.5	 388.454314986	 4.98918668819	 27.1737453913	 183.653913043	365.5568	 188.0
16.0	 359.636334249	 -6.49253105643	 26.8411255652	 183.655652174	340.1208	 178.0
16.5	 501.454308057	 1.54127736026	 26.5085057391	 183.657391304	463.326	 185.0
17.0	 491.798737255	 0.391308759858	 26.175885913	 183.659130435	454.5824	 184.0
17.5	 553.935506529	 -7.64649260336	 25.843266087	 183.660869565	508.3772	 177.0
18.0	 513.785204142	 2.6832600676	 25.5106462609	 183.662608696	473.0696	 186.0
18.5	 600.0	 -0.762652787071	 25.1780264348	 183.664347826	547.8388	 183.0
19.0	 542.747668052	 -8.80045415028	 24.8454066087	 183.666086957	497.6336	 176.0
19.5	 555.933987447	 8.41713128348	 24.5127867826	 183.667826087	508.7876	 191.0
20.0	 597.90777428	 11.8590511916	 24.1801669565	 183.669565217	545.0184	 194.0
20.5	 580.893242955	 -5.36252718867	 23.8475471304	 183.671304348	529.8644	 179.0
21.0	 535.562371953	 7.26316973656	 23.5149273043	 183.673043478	490.044	 190.0
21.5	 547.21775572	 -5.3665201352	 23.1823074783	 183.674782609	499.8644	 179.0
22.0	 585.423898031	 3.81526040862	 22.8496876522	 183.676521739	532.8132	 187.0
22.5	 509.509671996	 -3.07456882746	 22.5170678261	 183.67826087	466.3516	 181.0
23.0	 422.351288569	 -1.92859317359	 22.184448	 183.68	390.0952	 182.0
23.5	 344.935974181	 1.51332673455	 21.8518281739	 183.68173913	322.326	 185.0
24.0	 342.462576195	 -0.784613992981	 21.5192083478	 183.683478261	319.8388	 183.0
24.5	 264.399805526	 14.1370271865	 21.1865885217	 183.685217391	251.5056	 196.0
25.0	 380.814992916	 0.359365187625	 20.8539686957	 183.686956522	352.5824	 184.0
25.5	 346.227763457	 -6.53046404845	 20.5213488696	 183.688695652	322.1208	 178.0
26.0	 369.539656203	 -1.94057201318	 20.1887290435	 183.690434783	342.0952	 182.0
26.5	 318.233360684	 2.6493200221	 19.8561092174	 183.692173913	297.0696	 186.0
27.0	 370.185780435	 16.4229890745	 19.5234893913	 183.693913043	341.9928	 198.0
27.5	 354.613561291	 -1.94656143297	 19.1908695652	 183.695652174	328.0952	 182.0
28.0	 349.491102825	 6.08724698372	 18.8582497391	 183.697391304	323.3004	 189.0
28.5	 337.568975855	 0.345389874773	 18.525629913	 183.699130435	312.5824	 184.0
29.0	 298.949149908	 -4.24849510703	 18.193010087	 183.700869565	278.608	 180.0
29.5	 371.093940187	 -6.54643583457	 17.8603902609	 183.702608696	341.1208	 178.0
30.0	 386.693756182	 -7.69640443497	 17.5277704348	 183.704347826	354.3772	 177.0
30.5	 352.842606452	 4.92929249026	 17.1951506087	 183.706086957	324.5568	 188.0
31.0	 331.707314379	 3.77932388986	 16.8625307826	 183.707826087	305.8132	 187.0
31.5	 290.467816038	 4.92529954373	 16.5299109565	 183.709565217	269.5568	 188.0
32.0	 250.17011403	 -6.55641820089	 16.1972911304	 183.711304348	234.1208	 178.0
32.5	 277.750167144	 3.77333447006	 15.8646713043	 183.713043478	257.8132	 187.0
33.0	 298.736727549	 12.9551150139	 15.5320514783	 183.714782609	275.762	 195.0
33.5	 272.479643034	 4.91731365067	 15.1994316522	 183.716521739	252.5568	 188.0
34.0	 229.238540492	 4.9153171774	 14.8668118261	 183.71826087	214.5568	 188.0
34.5	 215.844713255	 4.91332070414	 14.534192	 183.72	202.5568	 188.0
35.0	 221.465896333	 -6.56839704048	 14.2015721739	 183.72173913	207.1208	 178.0
35.5	 213.723765473	 7.20527201188	 13.8689523478	 183.723478261	200.044	 190.0
36.0	 252.665528324	 -8.86833424128	 13.5363325217	 183.725217391	233.6336	 176.0
36.5	 218.255086573	 1.46141842968	 13.2037126957	 183.726956522	203.326	 185.0
37.0	 293.843793233	 -0.836522297861	 12.8710928696	 183.728695652	268.8388	 183.0
37.5	 221.609047459	 0.30945335601	 12.5384730435	 183.730434783	205.5824	 184.0
38.0	 149.668641739	 0.307456882746	 12.2058532174	 183.732173913	142.5824	 184.0
38.5	 158.380624971	 -0.842511717654	 11.8732333913	 183.733913043	149.8388	 183.0
39.0	 231.055319184	 3.74738031762	 11.5406135652	 183.735652174	212.8132	 187.0
39.5	 271.380618042	 -4.29042104559	 11.2079937391	 183.737391304	247.608	 180.0
40.0	 200.293844396	 -3.14444539172	 10.875373913	 183.739130435	185.3516	 181.0
40.5	 179.953408224	 6.0373351521	 10.542754087	 183.740869565	167.3004	 189.0
41.0	 186.398835288	 0.295478043158	 10.2101342609	 183.742608696	172.5824	 184.0
41.5	 202.02803937	 -5.44637906578	 9.87751443478	 183.744347826	185.8644	 179.0
42.0	 47.1393004428	 -4.30040341191	 9.5448946087	 183.746086957	50.608	 180.0
42.5	 61.2086399984	 9.47326564045	 9.21227478261	 183.747826087	62.5312	 192.0
43.0	 138.828338946	 3.73140853151	 8.87965495652	 183.749565217	129.8132	 187.0
43.5	 6.36913862701	 -2.01044857744	 8.54703513043	 183.751304348	14.0952	 182.0
44.0	 -0.225020105883	 11.7632204749	 8.21441530435	 183.753043478	8.0184	 194.0
44.5	 9.42875945985	 -2.01444152396	 7.88179547826	 183.754782609	16.0952	 182.0
45.0	 22.1439510942	 -0.868465870094	 7.54917565217	 183.756521739	26.8388	 183.0
45.5	 28.0006980522	 -4.31437872477	 7.21655582609	 183.75826087	31.608	 180.0
46.0	 15.1955509227	 -6.6123194523	 6.883936	 183.76	20.1208	 178.0
46.5	 -3.378844929	 -4.31837167129	 6.55131617391	 183.76173913	3.608	 180.0
47.0	 13.3101670207	 3.71543674539	 6.21869634783	 183.763478261	17.8132	 187.0
47.5	 -9.8267292531	 1.41749601785	 5.88607652174	 183.765217391	-2.674	 185.0
48.0	 -0.849794053534	 3.71144379886	 5.55345669565	 183.766956522	4.8132	 187.0
48.5	 -11.3589969288	 1.41350307133	 5.22083686957	 183.768695652	-4.674	 185.0
49.0	 37.826350807	 -0.884437656211	 4.88821704348	 183.770434783	37.8388	 183.0
49.5	 -1.14659136623	 4.8534265062	 4.55559721739	 183.772173913	3.5568	 188.0
50.0	 8.18346005965	 -3.18437485701	 4.2229773913	 183.773913043	11.3516	 181.0
50.5	 -2.67885904194	 4.84943355967	 3.89035756522	 183.775652174	1.5568	 188.0
51.0	 8.8883604653	 5.99540921354	 3.55773773913	 183.777391304	11.3004	 189.0
51.5	 8.21039088681	 -7.78225278535	 3.22511791304	 183.779130435	10.3772	 177.0
52.0	 -13.0130654455	 4.84344413988	 2.89249808696	 183.780869565	-8.4432	 188.0
52.5	 8.03227113227	 4.84144766662	 2.55987826087	 183.782608696	9.5568	 188.0
53.0	 -1.85886354976	 -4.34432582373	 2.22725843478	 183.784347826	0.608	 180.0
53.5	 -2.36004542067	 -0.902405915592	 1.8946386087	 183.786086957	-0.1612	 183.0
54.0	 1.17136919662	 0.243569738279	 1.56201878261	 183.787826087	2.5824	 184.0
54.5	 13.0623168437	 -4.35031524353	 1.22939895652	 183.789565217	12.608	 180.0
55.0	 -4.06976682744	 -3.20433958966	 0.896779130435	 183.791304348	-2.6484	 181.0
55.5	 -1.12703231695	 0.237580318485	 0.564159304348	 183.793043478	-0.4176	 184.0
56.0	 3.49357825457	 10.5673329894	 0.231539478261	 183.794782609	3.2748	 193.0
56.5	 -7.22180041475	 -4.35830113659	 -0.101080347826	 183.796521739	-6.392	 180.0
57.0	 3.19744696536	 -3.21232548272	 -0.433700173913	 183.79826087	2.3516	 181.0
Actin association begins: 6.5
Actin association ends: 43.5
Length of actin association: 37.0
Area under actin curve during patch life: 22678.0915044
Cofilin intensity score: 305.455790214