Time	 Int488	 Int561	 Back488	 Back561	 Raw488	 Raw561
0.0	 -3.3284	 -19.0	 -0.882	 405.0	-4.2104	 386.0
0.5	 2.05393371429	 15.68	 -0.981933714286	 404.32	1.072	 420.0
1.0	 -10.0001325714	 1.36	 -1.08186742857	 403.64	-11.082	 405.0
1.5	 3.02300114286	 14.04	 -1.18180114286	 402.96	1.8412	 417.0
2.0	 9.25093485714	 -5.28	 -1.28173485714	 402.28	7.9692	 397.0
2.5	 2.94046857143	 -18.6	 -1.38166857143	 401.6	1.5588	 383.0
3.0	 -1.01119771429	 -48.92	 -1.48160228571	 400.92	-2.4928	 352.0
3.5	 4.397136	 20.76	 -1.581536	 400.24	2.8156	 421.0
4.0	 18.1886697143	 -47.56	 -1.68146971429	 399.56	16.5072	 352.0
4.5	 3.41700342857	 -27.88	 -1.78140342857	 398.88	1.6356	 371.0
5.0	 -5.55986285714	 -15.2	 -1.88133714286	 398.2	-7.4412	 383.0
5.5	 25.7704708571	 -50.52	 -1.98127085714	 397.52	23.7892	 347.0
6.0	 3.20440457143	 15.16	 -2.08120457143	 396.84	1.1232	 412.0
6.5	 -22.8752617143	 4.84	 -2.18113828571	 396.16	-25.0564	 401.0
7.0	 24.096272	 -13.48	 -2.281072	 395.48	21.8152	 382.0
7.5	 -3.88059428571	 -0.8	 -2.38100571429	 394.8	-6.2616	 394.0
8.0	 16.3985394286	 -28.12	 -2.48093942857	 394.12	13.9176	 366.0
8.5	 26.2164731429	 -22.44	 -2.58087314286	 393.44	23.6356	 371.0
9.0	 10.2140068571	 -5.76	 -2.68080685714	 392.76	7.5332	 387.0
9.5	 30.7495405714	 -34.08	 -2.78074057143	 392.08	27.9688	 358.0
10.0	 6.92707428571	 32.6	 -2.88067428571	 391.4	4.0464	 424.0
10.5	 6.129408	 17.28	 -2.980608	 390.72	3.1488	 408.0
11.0	 -10.1550582857	 38.96	 -3.08054171429	 390.04	-13.2356	 429.0
11.5	 -25.4907245714	 68.64	 -3.18047542857	 389.36	-28.6712	 458.0
12.0	 -23.5703908571	 58.32	 -3.28040914286	 388.68	-26.8508	 447.0
12.5	 -9.62445714286	 44.0	 -3.38034285714	 388.0	-13.0048	 432.0
13.0	 -9.57572342857	 52.68	 -3.48027657143	 387.32	-13.056	 440.0
13.5	 5.78021028571	 13.36	 -3.58021028571	 386.64	2.2	 400.0
14.0	 -2.529456	 78.04	 -3.680144	 385.96	-6.2096	 464.0
14.5	 21.7244777143	 93.72	 -3.78007771429	 385.28	17.9444	 479.0
15.0	 8.02961142857	 101.4	 -3.88001142857	 384.6	4.1496	 486.0
15.5	 -13.8956548571	 145.08	 -3.97994514286	 383.92	-17.8756	 529.0
16.0	 16.2050788571	 223.76	 -4.07987885714	 383.24	12.1252	 607.0
16.5	 -46.5657874286	 321.44	 -4.17981257143	 382.56	-50.7456	 704.0
17.0	 -6.20985371429	 282.12	 -4.27974628571	 381.88	-10.4896	 664.0
17.5	 -30.57032	 393.8	 -4.37968	 381.2	-34.95	 775.0
18.0	 -5.70158628571	 352.48	 -4.47961371429	 380.52	-10.1812	 733.0
18.5	 -49.3184525714	 465.16	 -4.57954742857	 379.84	-53.898	 845.0
19.0	 -3.32131885714	 442.84	 -4.67948114286	 379.16	-8.0008	 822.0
19.5	 -17.8609851429	 582.52	 -4.77941485714	 378.48	-22.6404	 961.0
20.0	 -53.2222514286	 616.2	 -4.87934857143	 377.8	-58.1016	 994.0
20.5	 -8.25191771429	 480.88	 -4.97928228571	 377.12	-13.2312	 858.0
21.0	 -17.894784	 558.56	 -5.079216	 376.44	-22.974	 935.0
21.5	 -24.2572502857	 475.24	 -5.17914971429	 375.76	-29.4364	 851.0
22.0	 -15.7457165714	 606.92	 -5.27908342857	 375.08	-21.0248	 982.0
22.5	 -2.33898285714	 520.6	 -5.37901714286	 374.4	-7.718	 895.0
23.0	 -37.6486491429	 585.28	 -5.47895085714	 373.72	-43.1276	 959.0
23.5	 56.9104845714	 357.96	 -5.57888457143	 373.04	51.3316	 731.0
24.0	 18.1900182857	 369.64	 -5.67881828571	 372.36	12.5112	 742.0
24.5	 59.674752	 388.32	 -5.778752	 371.68	53.896	 760.0
25.0	 61.8998857143	 96.0	 -5.87868571429	 371.0	56.0212	 467.0
25.5	 3.38661942857	 309.68	 -5.97861942857	 370.32	-2.592	 680.0
26.0	 -42.7178468571	 381.36	 -6.07855314286	 369.64	-48.7964	 751.0
26.5	 -23.1815131429	 431.04	 -6.17848685714	 368.96	-29.36	 800.0
27.0	 -5.51677942857	 499.72	 -6.27842057143	 368.28	-11.7952	 868.0
27.5	 -18.2888457143	 480.4	 -6.37835428571	 367.6	-24.6672	 848.0
28.0	 13.579888	 439.08	 -6.478288	 366.92	7.1016	 806.0
28.5	 40.8594217143	 450.76	 -6.57822171429	 366.24	34.2812	 817.0
29.0	 -53.4254445714	 433.44	 -6.67815542857	 365.56	-60.1036	 799.0
29.5	 -10.3267108571	 317.12	 -6.77808914286	 364.88	-17.1048	 682.0
30.0	 17.5424228571	 314.8	 -6.87802285714	 364.2	10.6644	 679.0
30.5	 -6.10284342857	 158.48	 -6.97795657143	 363.52	-13.0808	 522.0
31.0	 -32.8493097143	 135.16	 -7.07789028571	 362.84	-39.9272	 498.0
31.5	 33.095424	 3.84	 -7.177824	 362.16	25.9176	 366.0
32.0	 -28.6498422857	 97.52	 -7.27775771429	 361.48	-35.9276	 459.0
32.5	 -37.5483085714	 254.2	 -7.37769142857	 360.8	-44.926	 615.0
33.0	 26.0896251429	 209.88	 -7.47762514286	 360.12	18.612	 570.0
33.5	 -9.73164114286	 393.56	 -7.57755885714	 359.44	-17.3092	 753.0
34.0	 -0.506907428571	 62.24	 -7.67749257143	 358.76	-8.1844	 421.0
34.5	 11.1570262857	 52.92	 -7.77742628571	 358.08	3.3796	 411.0
35.0	 -26.84504	 108.6	 -7.87736	 357.4	-34.7224	 466.0
35.5	 -0.771506285714	 35.28	 -7.97729371429	 356.72	-8.7488	 392.0
36.0	 9.50842742857	 85.96	 -8.07722742857	 356.04	1.4312	 442.0
36.5	 -16.8536388571	 41.64	 -8.17716114286	 355.36	-25.0308	 397.0
37.0	 -1.36930514286	 21.32	 -8.27709485714	 354.68	-9.6464	 376.0
37.5	 5.01342857143	 95.0	 -8.37702857143	 354.0	-3.3636	 449.0
38.0	 10.7025622857	 42.68	 -8.47696228571	 353.32	2.2256	 396.0
38.5	 -6.172304	 0.36	 -8.576896	 352.64	-14.7492	 353.0
39.0	 -1.99517028571	 28.04	 -8.67682971429	 351.96	-10.672	 380.0
39.5	 29.6939634286	 -24.28	 -8.77676342857	 351.28	20.9172	 327.0
40.0	 25.5630971429	 -26.6	 -8.87669714286	 350.6	16.6864	 324.0
40.5	 4.12463085714	 -19.92	 -8.97663085714	 349.92	-4.852	 330.0
41.0	 -10.1342354286	 -2.24	 -9.07656457143	 349.24	-19.2108	 347.0
41.5	 -14.2395017143	 -8.56	 -9.17649828571	 348.56	-23.416	 340.0
42.0	 22.065632	 -0.88	 -9.276432	 347.88	12.7892	 347.0
42.5	 20.2679657143	 -16.2	 -9.37636571429	 347.2	10.8916	 331.0
43.0	 -5.47850057143	 -39.52	 -9.47629942857	 346.52	-14.9548	 307.0
43.5	 12.6730331429	 -7.84	 -9.57623314286	 345.84	3.0968	 338.0
44.0	 11.3625668571	 -21.16	 -9.67616685714	 345.16	1.6864	 324.0
44.5	 -3.10149942857	 -10.48	 -9.77610057143	 344.48	-12.8776	 334.0
45.0	 4.28083428571	 24.2	 -9.87603428571	 343.8	-5.5952	 368.0
45.5	 17.226368	 -29.12	 -9.975968	 343.12	7.2504	 314.0
46.0	 2.91590171429	 -42.44	 -10.0759017143	 342.44	-7.16	 300.0
46.5	 0.836635428571	 -13.76	 -10.1758354286	 341.76	-9.3392	 328.0
47.0	 0.372569142857	 -3.08	 -10.2757691429	 341.08	-9.9032	 338.0
47.5	 12.8317028571	 19.6	 -10.3757028571	 340.4	2.456	 360.0
48.0	 6.44363657143	 -59.72	 -10.4756365714	 339.72	-4.032	 280.0
48.5	 5.46717028571	 -8.04	 -10.5755702857	 339.04	-5.1084	 331.0
49.0	 9.259504	 1.64	 -10.675504	 338.36	-1.416	 340.0
49.5	 -1.97416228571	 -23.68	 -10.7754377143	 337.68	-12.7496	 314.0
50.0	 -7.48942857143	 -5.0	 -10.8753714286	 337.0	-18.3648	 332.0
50.5	 -5.72269485714	 8.68	 -10.9753051429	 336.32	-16.698	 345.0
51.0	 24.3256388571	 -21.64	 -11.0752388571	 335.64	13.2504	 314.0
51.5	 -19.2664274286	 9.04	 -11.1751725714	 334.96	-30.4416	 344.0
52.0	 6.65390628571	 -1.28	 -11.2751062857	 334.28	-4.6212	 333.0
Actin association begins: 45.0
Actin association ends: 49.0
Length of actin association: 4.0
Cofilin association begins: 10.0
Cofilin association ends: 39.0
Length of cofilin association: 29.0
Delay between actin and cofilin association: -35.0
Maximum normalized actin intensity: 17.226368
Maximum normalized cofilin intensity: 616.2