Time	 Int488	 Int561	 Back488	 Back561	 Raw488	 Raw561
0.0	 13.68712	 -5.8	 13.46008	 257.8	27.1472	 252.0
0.5	 -15.7690215385	 39.6307692308	 13.3782215385	 257.369230769	-2.3908	 297.0
1.0	 5.23523692308	 -25.9384615385	 13.2963630769	 256.938461538	18.5316	 231.0
1.5	 14.0094953846	 -16.5076923077	 13.2145046154	 256.507692308	27.224	 240.0
2.0	 -16.3442461538	 12.9230769231	 13.1326461538	 256.076923077	-3.2116	 269.0
2.5	 -19.8519876923	 27.3538461538	 13.0507876923	 255.646153846	-6.8012	 283.0
3.0	 -7.71892923077	 19.7846153846	 12.9689292308	 255.215384615	5.25	 275.0
3.5	 3.87572923077	 18.2153846154	 12.8870707692	 254.784615385	16.7628	 273.0
4.0	 6.64998769231	 27.6461538462	 12.8052123077	 254.353846154	19.4552	 282.0
4.5	 -18.3193538462	 36.0769230769	 12.7233538462	 253.923076923	-5.596	 290.0
5.0	 -17.4686953846	 -5.49230769231	 12.6414953846	 253.492307692	-4.8272	 248.0
5.5	 -0.540036923077	 57.9384615385	 12.5596369231	 253.061538462	12.0196	 311.0
6.0	 30.5158215385	 23.3692307692	 12.4777784615	 252.630769231	42.9936	 276.0
6.5	 -2.86352	 56.8	 12.39592	 252.2	9.5324	 309.0
7.0	 5.37193846154	 33.2307692308	 12.3140615385	 251.769230769	17.686	 285.0
7.5	 -28.0842030769	 78.6615384615	 12.2322030769	 251.338461538	-15.852	 330.0
8.0	 -3.46394461538	 73.0923076923	 12.1503446154	 250.907692308	8.6864	 324.0
8.5	 6.54071384615	 46.5230769231	 12.0684861538	 250.476923077	18.6092	 297.0
9.0	 32.6229723077	 85.9538461538	 11.9866276923	 250.046153846	44.6096	 336.0
9.5	 -8.52596923077	 83.3846153846	 11.9047692308	 249.615384615	3.3788	 333.0
10.0	 -0.725710769231	 127.815384615	 11.8229107692	 249.184615385	11.0972	 377.0
10.5	 -15.2334523077	 142.246153846	 11.7410523077	 248.753846154	-3.4924	 391.0
11.0	 -5.51119384615	 81.6769230769	 11.6591938462	 248.323076923	6.148	 330.0
11.5	 0.519464615385	 90.1076923077	 11.5773353846	 247.892307692	12.0968	 338.0
12.0	 13.3961230769	 83.5384615385	 11.4954769231	 247.461538462	24.8916	 331.0
12.5	 -19.7772184615	 201.969230769	 11.4136184615	 247.030769231	-8.3636	 449.0
13.0	 -39.51536	 252.4	 11.33176	 246.6	-28.1836	 499.0
13.5	 -17.2031015385	 216.830769231	 11.2499015385	 246.169230769	-5.9532	 463.0
14.0	 -13.7880430769	 204.261538462	 11.1680430769	 245.738461538	-2.62	 450.0
14.5	 -5.06458461538	 260.692307692	 11.0861846154	 245.307692308	6.0216	 506.0
15.0	 22.5544738462	 138.123076923	 11.0043261538	 244.876923077	33.5588	 383.0
15.5	 33.4579323077	 244.553846154	 10.9224676923	 244.446153846	44.3804	 489.0
16.0	 21.7193907692	 255.984615385	 10.8406092308	 244.015384615	32.56	 500.0
16.5	 61.3384492308	 133.415384615	 10.7587507692	 243.584615385	72.0972	 377.0
17.0	 7.08750769231	 185.846153846	 10.6768923077	 243.153846154	17.7644	 429.0
17.5	 17.3993661538	 111.276923077	 10.5950338462	 242.723076923	27.9944	 354.0
18.0	 0.508024615385	 224.707692308	 10.5131753846	 242.292307692	11.0212	 467.0
18.5	 -6.17891692308	 267.138461538	 10.4313169231	 241.861538462	4.2524	 509.0
19.0	 18.1077415385	 235.569230769	 10.3494584615	 241.430769231	28.4572	 477.0
19.5	 -5.0148	 307.0	 10.2676	 241.0	5.2528	 548.0
20.0	 -24.9853415385	 198.430769231	 10.1857415385	 240.569230769	-14.7996	 439.0
20.5	 -1.36628307692	 75.8615384615	 10.1038830769	 240.138461538	8.7376	 316.0
21.0	 39.4079753846	 85.2923076923	 10.0220246154	 239.707692308	49.43	 325.0
21.5	 -18.8429661538	 137.723076923	 9.94016615385	 239.276923077	-8.9028	 377.0
22.0	 -17.2987076923	 222.153846154	 9.85830769231	 238.846153846	-7.4404	 461.0
22.5	 9.44915076923	 157.584615385	 9.77644923077	 238.415384615	19.2256	 396.0
23.0	 56.5306092308	 119.015384615	 9.69459076923	 237.984615385	66.2252	 357.0
23.5	 -7.02833230769	 141.446153846	 9.61273230769	 237.553846154	2.5844	 379.0
24.0	 -25.6392738462	 93.8769230769	 9.53087384615	 237.123076923	-16.1084	 331.0
24.5	 -3.53181538462	 90.3076923077	 9.44901538462	 236.692307692	5.9172	 327.0
25.0	 -1.57875692308	 32.7384615385	 9.36715692308	 236.261538462	7.7884	 269.0
25.5	 -11.0600984615	 121.169230769	 9.28529846154	 235.830769231	-1.7748	 357.0
26.0	 -25.13224	 106.6	 9.20344	 235.4	-15.9288	 342.0
26.5	 40.2568184615	 59.0307692308	 9.12158153846	 234.969230769	49.3784	 294.0
27.0	 6.82547692308	 22.4615384615	 9.03972307692	 234.538461538	15.8652	 257.0
27.5	 2.62533538462	 27.8923076923	 8.95786461538	 234.107692308	11.5832	 262.0
28.0	 11.2195938462	 -12.6769230769	 8.87600615385	 233.676923077	20.0956	 221.0
28.5	 -1.39054769231	 17.7538461538	 8.79414769231	 233.246153846	7.4036	 251.0
29.0	 -2.12908923077	 29.1846153846	 8.71228923077	 232.815384615	6.5832	 262.0
29.5	 9.31156923077	 12.6153846154	 8.63043076923	 232.384615385	17.942	 245.0
30.0	 -14.9145723077	 -16.9538461538	 8.54857230769	 231.953846154	-6.366	 215.0
30.5	 -21.8583138462	 -12.5230769231	 8.46671384615	 231.523076923	-13.3916	 219.0
31.0	 -11.2892553846	 -10.0923076923	 8.38485538462	 231.092307692	-2.9044	 221.0
31.5	 -7.51499692308	 -0.661538461538	 8.30299692308	 230.661538462	0.788	 230.0
32.0	 -8.38193846154	 -8.23076923077	 8.22113846154	 230.230769231	-0.1608	 222.0
32.5	 5.93112	 34.2	 8.13928	 229.8	14.0704	 264.0
33.0	 13.2433784615	 -1.36923076923	 8.05742153846	 229.369230769	21.3008	 228.0
33.5	 -7.29036307692	 -21.9384615385	 7.97556307692	 228.938461538	0.6852	 207.0
34.0	 6.09949538462	 8.49230769231	 7.89370461538	 228.507692308	13.9932	 237.0
34.5	 -11.8954461538	 20.9230769231	 7.81184615385	 228.076923077	-4.0836	 249.0
35.0	 -7.01878769231	 14.3538461538	 7.72998769231	 227.646153846	0.7112	 242.0
35.5	 -13.3985292308	 8.78461538462	 7.64812923077	 227.215384615	-5.7504	 236.0
36.0	 8.29852923077	 -8.78461538462	 7.56627076923	 226.784615385	15.8648	 218.0
36.5	 13.7651876923	 9.64615384615	 7.48441230769	 226.353846154	21.2496	 236.0
37.0	 -3.56335384615	 -3.92307692308	 7.40255384615	 225.923076923	3.8392	 222.0
37.5	 0.0825046153846	 -13.4923076923	 7.32069538462	 225.492307692	7.4032	 212.0
38.0	 -5.86123692308	 -9.06153846154	 7.23883692308	 225.061538462	1.3776	 216.0
38.5	 -5.65097846154	 10.3692307692	 7.15697846154	 224.630769231	1.506	 235.0
Actin association begins: 15.0
Actin association ends: 18.0
Length of actin association: 3.0
Cofilin association begins: 5.5
Cofilin association ends: 27.5
Length of cofilin association: 22.0
Delay between actin and cofilin association: -9.5
Maximum normalized actin intensity: 61.3384492308
Maximum normalized cofilin intensity: 307.0