Time	 Int488	 Int561	 Back488	 Back561	 Raw488	 Raw561
0.0	 2.36936	 12.6	 -1.40216	 189.4	0.9672	 202.0
0.5	 10.626928	 -11.3621052632	 -1.506128	 189.362105263	9.1208	 178.0
1.0	 -8.909904	 10.6757894737	 -1.610096	 189.324210526	-10.52	 200.0
1.5	 2.860464	 -15.2863157895	 -1.714064	 189.286315789	1.1464	 174.0
2.0	 -5.907168	 3.75157894737	 -1.818032	 189.248421053	-7.7252	 193.0
2.5	 -6.2904	 1.78947368421	 -1.922	 189.210526316	-8.2124	 191.0
3.0	 10.531568	 6.82736842105	 -2.025968	 189.172631579	8.5056	 196.0
3.5	 -19.338864	 2.86526315789	 -2.129936	 189.134736842	-21.4688	 192.0
4.0	 -14.158096	 -9.09684210526	 -2.233904	 189.096842105	-16.392	 180.0
4.5	 3.663872	 -4.05894736842	 -2.337872	 189.058947368	1.326	 185.0
5.0	 -14.51416	 0.978947368421	 -2.44184	 189.021052632	-16.956	 190.0
5.5	 -2.922992	 3.01684210526	 -2.545808	 188.983157895	-5.4688	 192.0
6.0	 -0.511424	 -5.94526315789	 -2.649776	 188.945263158	-3.1612	 183.0
6.5	 7.336144	 -4.90736842105	 -2.753744	 188.907368421	4.5824	 184.0
7.0	 -23.329088	 -1.86947368421	 -2.857712	 188.869473684	-26.1868	 187.0
7.5	 10.31328	 -7.83157894737	 -2.96168	 188.831578947	7.3516	 181.0
8.0	 -10.146752	 2.20631578947	 -3.065648	 188.793684211	-13.2124	 191.0
8.5	 1.495616	 -3.75578947368	 -3.169616	 188.755789474	-1.674	 185.0
9.0	 3.112384	 -5.71789473684	 -3.273584	 188.717894737	-0.1612	 183.0
9.5	 0.421552	 1.32	 -3.377552	 188.68	-2.956	 190.0
10.0	 -8.96168	 -0.642105263158	 -3.48152	 188.642105263	-12.4432	 188.0
10.5	 10.296288	 14.3957894737	 -3.585488	 188.604210526	6.7108	 203.0
11.0	 -15.035744	 4.43368421053	 -3.689456	 188.566315789	-18.7252	 193.0
11.5	 -0.624176	 -4.52842105263	 -3.793424	 188.528421053	-4.4176	 184.0
12.0	 7.479792	 -4.49052631579	 -3.897392	 188.490526316	3.5824	 184.0
12.5	 -2.23664	 6.54736842105	 -4.00136	 188.452631579	-6.238	 195.0
13.0	 6.405728	 0.585263157895	 -4.105328	 188.414736842	2.3004	 189.0
13.5	 14.150896	 17.6231578947	 -4.209296	 188.376842105	9.9416	 206.0
14.0	 -8.591536	 -6.33894736842	 -4.313264	 188.338947368	-12.9048	 182.0
14.5	 -5.513168	 -2.30105263158	 -4.417232	 188.301052632	-9.9304	 186.0
15.0	 -1.2808	 16.7368421053	 -4.5212	 188.263157895	-5.802	 205.0
15.5	 20.797568	 20.7747368421	 -4.625168	 188.225263158	16.1724	 209.0
16.0	 -4.175264	 32.8126315789	 -4.729136	 188.187368421	-8.9044	 221.0
16.5	 -6.609696	 38.8505263158	 -4.833104	 188.149473684	-11.4428	 227.0
17.0	 6.545472	 30.8884210526	 -4.937072	 188.111578947	1.6084	 219.0
17.5	 3.36744	 35.9263157895	 -5.04104	 188.073684211	-1.6736	 224.0
18.0	 -10.759392	 32.9642105263	 -5.145008	 188.035789474	-15.9044	 221.0
18.5	 -13.014224	 50.0021052632	 -5.248976	 187.997894737	-18.2632	 238.0
19.0	 8.730944	 67.04	 -5.352944	 187.96	3.378	 255.0
19.5	 -5.088288	 55.0778947368	 -5.456912	 187.922105263	-10.5452	 243.0
20.0	 0.01568	 55.1157894737	 -5.56088	 187.884210526	-5.5452	 243.0
20.5	 16.299248	 66.1536842105	 -5.664848	 187.846315789	10.6344	 254.0
21.0	 -14.724784	 86.1915789474	 -5.768816	 187.808421053	-20.4936	 274.0
21.5	 13.276384	 63.2294736842	 -5.872784	 187.770526316	7.4036	 251.0
22.0	 1.406352	 98.2673684211	 -5.976752	 187.732631579	-4.5704	 286.0
22.5	 -9.54128	 67.3052631579	 -6.08072	 187.694736842	-15.622	 255.0
23.0	 -0.001712	 38.3431578947	 -6.184688	 187.656842105	-6.1864	 226.0
23.5	 4.691856	 24.3810526316	 -6.288656	 187.618947368	-1.5968	 212.0
24.0	 7.180624	 42.4189473684	 -6.392624	 187.581052632	0.788	 230.0
24.5	 5.386992	 26.4568421053	 -6.496592	 187.543157895	-1.1096	 214.0
25.0	 -4.99624	 24.4947368421	 -6.60056	 187.505263158	-11.5968	 212.0
25.5	 10.133328	 20.5326315789	 -6.704528	 187.467368421	3.4288	 208.0
26.0	 26.006496	 17.5705263158	 -6.808496	 187.429473684	19.198	 205.0
26.5	 1.392464	 12.6084210526	 -6.912464	 187.391578947	-5.52	 200.0
27.0	 -4.298368	 19.6463157895	 -7.016432	 187.353684211	-11.3148	 207.0
27.5	 9.6004	 12.6842105263	 -7.1204	 187.315789474	2.48	 200.0
28.0	 -13.705632	 37.7221052632	 -7.224368	 187.277894737	-20.93	 225.0
28.5	 8.475136	 25.76	 -7.328336	 187.24	1.1468	 213.0
29.0	 -3.498096	 -1.20210526316	 -7.432304	 187.202105263	-10.9304	 186.0
29.5	 13.349472	 -0.164210526316	 -7.536272	 187.164210526	5.8132	 187.0
30.0	 2.68424	 2.87368421053	 -7.64024	 187.126315789	-4.956	 190.0
30.5	 14.813808	 -1.08842105263	 -7.744208	 187.088421053	7.0696	 186.0
31.0	 1.968976	 -9.05052631579	 -7.848176	 187.050526316	-5.8792	 178.0
31.5	 10.201344	 9.98736842105	 -7.952144	 187.012631579	2.2492	 197.0
32.0	 3.612912	 1.02526315789	 -8.056112	 186.974736842	-4.4432	 188.0
32.5	 5.15288	 11.0631578947	 -8.16008	 186.936842105	-3.0072	 198.0
33.0	 13.590048	 -1.89894736842	 -8.264048	 186.898947368	5.326	 185.0
33.5	 0.694016	 -1.86105263158	 -8.368016	 186.861052632	-7.674	 185.0
34.0	 6.746784	 6.17684210526	 -8.471984	 186.823157895	-1.7252	 193.0
34.5	 -17.405648	 7.21473684211	 -8.575952	 186.785263158	-25.9816	 194.0
35.0	 -11.37848	 19.2526315789	 -8.67992	 186.747368421	-20.0584	 206.0
35.5	 3.571488	 4.29052631579	 -8.783888	 186.709473684	-5.2124	 191.0
36.0	 -11.196144	 23.3284210526	 -8.887856	 186.671578947	-20.084	 210.0
36.5	 0.266624	 6.36631578947	 -8.991824	 186.633684211	-8.7252	 193.0
37.0	 10.908992	 0.404210526316	 -9.095792	 186.595789474	1.8132	 187.0
37.5	 -6.01264	 4.44210526316	 -9.19976	 186.557894737	-15.2124	 191.0
38.0	 0.091328	 4.48	 -9.303728	 186.52	-9.2124	 191.0
38.5	 -0.522704	 -0.482105263158	 -9.407696	 186.482105263	-9.9304	 186.0
39.0	 18.324864	 0.555789473684	 -9.511664	 186.444210526	8.8132	 187.0
39.5	 9.582832	 15.5936842105	 -9.615632	 186.406315789	-0.0328	 202.0
40.0	 -2.2876	 11.6315789474	 -9.7196	 186.368421053	-12.0072	 198.0
40.5	 -3.106832	 -0.330526315789	 -9.823568	 186.330526316	-12.9304	 186.0
41.0	 -6.028464	 3.70736842105	 -9.927536	 186.292631579	-15.956	 190.0
41.5	 18.537104	 9.74526315789	 -10.031504	 186.254736842	8.5056	 196.0
42.0	 -0.846128	 7.78315789474	 -10.135472	 186.216842105	-10.9816	 194.0
42.5	 7.15504	 -15.1789473684	 -10.23944	 186.178947368	-3.0844	 171.0
43.0	 6.874608	 5.85894736842	 -10.343408	 186.141052632	-3.4688	 192.0
43.5	 0.773376	 -1.10315789474	 -10.447376	 186.103157895	-9.674	 185.0
44.0	 0.031344	 13.9347368421	 -10.551344	 186.065263158	-10.52	 200.0
44.5	 20.340512	 20.9726315789	 -10.655312	 186.027368421	9.6852	 207.0
45.0	 10.34168	 -1.98947368421	 -10.75928	 185.989473684	-0.4176	 184.0
45.5	 -3.605552	 6.04842105263	 -10.863248	 185.951578947	-14.4688	 192.0
46.0	 -13.501584	 6.08631578947	 -10.967216	 185.913684211	-24.4688	 192.0
46.5	 1.653584	 -1.87578947368	 -11.071184	 185.875789474	-9.4176	 184.0
47.0	 3.552352	 -8.83789473684	 -11.175152	 185.837894737	-7.6228	 177.0
Actin association begins: 29.5
Actin association ends: 34.0
Length of actin association: 4.5
Cofilin association begins: 15.0
Cofilin association ends: 28.5
Length of cofilin association: 13.5
Delay between actin and cofilin association: -14.5
Maximum normalized actin intensity: 14.813808
Maximum normalized cofilin intensity: 98.2673684211