Time	 Int488	 Int561	 Back488	 Back561	 Raw488	 Raw561
0.0	 -8.62512	 50.8	 7.46712	 444.2	-1.158	 495.0
0.5	 9.34858466667	 24.505	 7.41621533333	 443.495	16.7648	 468.0
1.0	 3.39948933333	 25.21	 7.36531066667	 442.79	10.7648	 468.0
1.5	 -6.934806	 -31.085	 7.314406	 442.085	0.3796	 411.0
2.0	 3.32089866667	 -62.38	 7.26350133333	 441.38	10.5844	 379.0
2.5	 6.73100333333	 -39.675	 7.21259666667	 440.675	13.9436	 401.0
3.0	 -12.141692	 -89.97	 7.161692	 439.97	-4.98	 350.0
3.5	 1.39721266667	 -9.265	 7.11078733333	 439.265	8.508	 430.0
4.0	 4.85851733333	 5.44	 7.05988266667	 438.56	11.9184	 444.0
4.5	 -18.680178	 20.145	 7.008978	 437.855	-11.6712	 458.0
5.0	 28.1387266667	 -99.15	 6.95807333333	 437.15	35.0968	 338.0
5.5	 -35.1167686667	 27.555	 6.90716866667	 436.445	-28.2096	 464.0
6.0	 -8.451064	 -28.74	 6.856264	 435.74	-1.5948	 407.0
6.5	 -28.4509593333	 18.965	 6.80535933333	 435.035	-21.6456	 454.0
7.0	 11.3691453333	 16.67	 6.75445466667	 434.33	18.1236	 451.0
7.5	 -15.40035	 28.375	 6.70355	 433.625	-8.6968	 462.0
8.0	 -11.0410453333	 98.08	 6.65264533333	 432.92	-4.3884	 531.0
8.5	 7.85585933333	 83.785	 6.60174066667	 432.215	14.4576	 516.0
9.0	 -23.657236	 94.49	 6.550836	 431.51	-17.1064	 526.0
9.5	 -24.5039313333	 79.195	 6.49993133333	 430.805	-18.004	 510.0
10.0	 -52.7850266667	 209.9	 6.44902666667	 430.1	-46.336	 640.0
10.5	 -4.426522	 201.605	 6.398122	 429.395	1.9716	 631.0
11.0	 -38.1704173333	 209.31	 6.34721733333	 428.69	-31.8232	 638.0
11.5	 -29.2219126667	 226.015	 6.29631266667	 427.985	-22.9256	 654.0
12.0	 -27.914608	 225.72	 6.245408	 427.28	-21.6692	 653.0
12.5	 -21.6325033333	 268.425	 6.19450333333	 426.575	-15.438	 695.0
13.0	 -34.2495986667	 139.13	 6.14359866667	 425.87	-28.106	 565.0
13.5	 -3.019094	 150.835	 6.092694	 425.165	3.0736	 576.0
14.0	 -27.5061893333	 196.54	 6.04178933333	 424.46	-21.4644	 621.0
14.5	 21.4419153333	 174.245	 5.99088466667	 423.755	27.4328	 598.0
15.0	 -2.55758	 260.95	 5.93998	 423.05	3.3824	 684.0
15.5	 -14.2246753333	 256.655	 5.88907533333	 422.345	-8.3356	 679.0
16.0	 -23.6349706667	 290.36	 5.83817066667	 421.64	-17.7968	 712.0
16.5	 -44.430866	 228.065	 5.787266	 420.935	-38.6436	 649.0
17.0	 -35.7639613333	 288.77	 5.73636133333	 420.23	-30.0276	 709.0
17.5	 -22.5582566667	 382.475	 5.68545666667	 419.525	-16.8728	 802.0
18.0	 -36.174952	 292.18	 5.634552	 418.82	-30.5404	 711.0
18.5	 -32.5336473333	 356.885	 5.58364733333	 418.115	-26.95	 775.0
19.0	 -69.6351426667	 498.59	 5.53274266667	 417.41	-64.1024	 916.0
19.5	 -44.532638	 530.295	 5.481838	 416.705	-39.0508	 947.0
20.0	 -11.8421333333	 392.0	 5.43093333333	 416.0	-6.4112	 808.0
20.5	 -40.8904286667	 720.705	 5.38002866667	 415.295	-35.5104	 1136.0
21.0	 -16.379124	 610.41	 5.329124	 414.59	-11.05	 1025.0
21.5	 -42.3782193333	 736.115	 5.27821933333	 413.885	-37.1	 1150.0
22.0	 -37.0977146667	 622.82	 5.22731466667	 413.18	-31.8704	 1036.0
22.5	 -29.56121	 469.525	 5.17641	 412.475	-24.3848	 882.0
23.0	 -20.8171053333	 557.23	 5.12550533333	 411.77	-15.6916	 969.0
23.5	 21.4397993333	 642.935	 5.07460066667	 411.065	26.5144	 1054.0
24.0	 -23.639296	 468.64	 5.023696	 410.36	-18.6156	 879.0
24.5	 49.9248086667	 506.345	 4.97279133333	 409.655	54.8976	 916.0
25.0	 -19.1794866667	 375.05	 4.92188666667	 408.95	-14.2576	 784.0
25.5	 -6.487382	 392.755	 4.870982	 408.245	-1.6164	 801.0
26.0	 -20.6676773333	 351.46	 4.82007733333	 407.54	-15.8476	 759.0
26.5	 10.8704273333	 354.165	 4.76917266667	 406.835	15.6396	 761.0
27.0	 11.741732	 343.87	 4.718268	 406.13	16.46	 750.0
27.5	 -60.1797633333	 535.575	 4.66736333333	 405.425	-55.5124	 941.0
28.0	 -3.69405866667	 429.28	 4.61645866667	 404.72	0.9224	 834.0
28.5	 -25.002754	 368.985	 4.565554	 404.015	-20.4372	 773.0
29.0	 -31.5934493333	 313.69	 4.51464933333	 403.31	-27.0788	 717.0
29.5	 -24.6973446667	 221.395	 4.46374466667	 402.605	-20.2336	 624.0
30.0	 -35.31284	 248.1	 4.41284	 401.9	-30.9	 650.0
30.5	 20.5580646667	 198.805	 4.36193533333	 401.195	24.92	 600.0
31.0	 -33.1082306667	 272.51	 4.31103066667	 400.49	-28.7972	 673.0
31.5	 11.557874	 255.215	 4.260126	 399.785	15.818	 655.0
32.0	 6.40477866667	 365.92	 4.20922133333	 399.08	10.614	 765.0
32.5	 -26.1067166667	 532.625	 4.15831666667	 398.375	-21.9484	 931.0
33.0	 -33.903412	 392.33	 4.107412	 397.67	-29.796	 790.0
33.5	 -17.2113073333	 410.035	 4.05650733333	 396.965	-13.1548	 807.0
34.0	 5.40279733333	 322.74	 4.00560266667	 396.26	9.4084	 719.0
34.5	 -37.723898	 507.445	 3.954698	 395.555	-33.7692	 903.0
35.0	 -2.95659333333	 357.15	 3.90379333333	 394.85	0.9472	 752.0
35.5	 -53.3924886667	 394.855	 3.85288866667	 394.145	-49.5396	 789.0
36.0	 -27.235584	 730.56	 3.801984	 393.44	-23.4336	 1124.0
36.5	 4.79012066667	 774.265	 3.75107933333	 392.735	8.5412	 1167.0
37.0	 8.50782533333	 787.97	 3.70017466667	 392.03	12.208	 1180.0
37.5	 -84.03047	 841.675	 3.64927	 391.325	-80.3812	 1233.0
38.0	 58.7124346667	 812.38	 3.59836533333	 390.62	62.3108	 1203.0
38.5	 2.17533933333	 983.085	 3.54746066667	 389.915	5.7228	 1373.0
39.0	 -74.030556	 945.79	 3.496556	 389.21	-70.534	 1335.0
39.5	 -60.7480513333	 1027.495	 3.44565133333	 388.505	-57.3024	 1416.0
40.0	 1.89165333333	 936.2	 3.39474666667	 387.8	5.2864	 1324.0
40.5	 18.429358	 899.905	 3.343842	 387.095	21.7732	 1287.0
41.0	 -47.4685373333	 892.61	 3.29293733333	 386.39	-44.1756	 1279.0
41.5	 -22.0080326667	 829.315	 3.24203266667	 385.685	-18.766	 1215.0
42.0	 1.967672	 998.02	 3.191128	 384.98	5.1588	 1383.0
42.5	 -16.2146233333	 761.725	 3.14022333333	 384.275	-13.0744	 1146.0
43.0	 -4.14291866667	 290.43	 3.08931866667	 383.57	-1.0536	 674.0
43.5	 -48.909614	 575.135	 3.038414	 382.865	-45.8712	 958.0
44.0	 -30.0159093333	 248.84	 2.98750933333	 382.16	-27.0284	 631.0
44.5	 -46.8882046667	 237.545	 2.93660466667	 381.455	-43.9516	 619.0
45.0	 4.4447	 233.25	 2.8857	 380.75	7.3304	 614.0
45.5	 -13.4027953333	 139.955	 2.83479533333	 380.045	-10.568	 520.0
46.0	 -63.0954906667	 139.66	 2.78389066667	 379.34	-60.3116	 519.0
46.5	 -7.891786	 38.365	 2.732986	 378.635	-5.1588	 417.0
47.0	 -14.2768813333	 29.07	 2.68208133333	 377.93	-11.5948	 407.0
47.5	 21.8508233333	 17.775	 2.63117666667	 377.225	24.482	 395.0
48.0	 -51.046272	 88.48	 2.580272	 376.52	-48.466	 465.0
48.5	 2.08063266667	 -0.815	 2.52936733333	 375.815	4.61	 375.0
49.0	 5.23393733333	 -16.11	 2.47846266667	 375.11	7.7124	 359.0
49.5	 -26.893958	 51.595	 2.427558	 374.405	-24.4664	 426.0
50.0	 -22.9710533333	 72.3	 2.37665333333	 373.7	-20.5944	 446.0
50.5	 -26.9461486667	 38.005	 2.32574866667	 372.995	-24.6204	 411.0
51.0	 2.386756	 33.71	 2.274844	 372.29	4.6616	 406.0
51.5	 -7.27993933333	 68.415	 2.22393933333	 371.585	-5.056	 440.0
52.0	 -25.0242346667	 37.12	 2.17303466667	 370.88	-22.8512	 408.0
52.5	 -28.28053	 85.825	 2.12213	 370.175	-26.1584	 456.0
53.0	 -10.4088253333	 114.53	 2.07122533333	 369.47	-8.3376	 484.0
53.5	 -32.6147206667	 77.235	 2.02032066667	 368.765	-30.5944	 446.0
54.0	 -16.307416	 76.94	 1.969416	 368.06	-14.338	 445.0
54.5	 -33.7433113333	 114.645	 1.91851133333	 367.355	-31.8248	 482.0
55.0	 -2.25720666667	 47.35	 1.86760666667	 366.65	-0.3896	 414.0
55.5	 12.203698	 23.055	 1.816702	 365.945	14.0204	 389.0
56.0	 -27.6937973333	 54.76	 1.76579733333	 365.24	-25.928	 420.0
56.5	 -27.5664926667	 4.465	 1.71489266667	 364.535	-25.8516	 369.0
57.0	 -3.823188	 14.17	 1.663988	 363.83	-2.1592	 378.0
57.5	 8.15011666667	 -51.125	 1.61308333333	 363.125	9.7632	 312.0
58.0	 6.79102133333	 -25.42	 1.56217866667	 362.42	8.3532	 337.0
58.5	 11.227526	 71.285	 1.511274	 361.715	12.7388	 433.0
59.0	 -25.5171693333	 0.99	 1.46036933333	 361.01	-24.0568	 362.0
59.5	 -1.41506466667	 -6.305	 1.40946466667	 360.305	-0.00560000000002	 354.0
Actin association begins: 57.5
Actin association ends: 58.5
Length of actin association: 1.0
Cofilin association begins: 6.5
Cofilin association ends: 48.0
Length of cofilin association: 41.5
Delay between actin and cofilin association: -51.0
Maximum normalized actin intensity: 8.15011666667
Maximum normalized cofilin intensity: 1027.495