Time	 Int488	 Int561	 Back488	 Back561	 Raw488	 Raw561
0.0	 106.587050264	 -254.268643974	 20.74696	 228.6	24.352	 220.0
0.5	 90.633593534	 -591.111241265	 20.3633457143	 227.992857143	23.4288	 208.0
1.0	 -232.346294182	 -307.065289317	 19.9797314286	 227.385714286	12.1212	 217.0
1.5	 -451.454484223	 1070.92715415	 19.5961171429	 226.778571429	4.3268	 263.0
2.0	 600.0	 261.026614578	 19.2125028571	 226.171428571	39.506	 235.0
2.5	 49.5856800856	 278.977473994	 18.8288885714	 225.564285714	20.506	 235.0
3.0	 330.807222694	 -294.394094435	 18.4452742857	 224.957142857	29.634	 215.0
3.5	 -503.134374924	 137.482464474	 18.06166	 224.35	1.0444	 229.0
4.0	 -235.548727502	 539.792901991	 17.6780457143	 223.742857143	9.7112	 242.0
4.5	 -538.813925474	 1208.19843204	 17.2944314286	 223.135714286	-0.9296	 264.0
5.0	 79.0238224095	 2320.09578297	 16.9108171429	 222.528571429	19.5836	 301.0
5.5	 -779.185647647	 1924.12094289	 16.5272028571	 221.921428571	-9.8268	 287.0
6.0	 -443.3732185	 2060.33628788	 16.1435885714	 221.314285714	1.1476	 291.0
6.5	 12.217481631	 1960.02266173	 15.7599742857	 220.707142857	16.1732	 287.0
7.0	 -539.710623699	 2214.50249228	 15.37636	 220.1	-2.878	 295.0
7.5	 -966.538556193	 3710.75942131	 14.9927457143	 219.492857143	-17.698	 345.0
8.0	 -235.001331883	 3226.08621706	 14.6091314286	 218.885714286	6.6608	 328.0
8.5	 645.135218544	 3776.22726154	 14.2255171429	 218.278571429	36.0456	 346.0
9.0	 -747.535114697	 3735.04587817	 13.8419028571	 217.671428571	-11.4416	 344.0
9.5	 119.710606804	 3989.52570873	 13.4582885714	 217.064285714	17.5072	 352.0
10.0	 -138.826962726	 4598.79899599	 13.0746742857	 216.457142857	8.3792	 372.0
10.5	 53.708042154	 5178.50616186	 12.69106	 215.85	14.5076	 391.0
11.0	 -317.050697732	 3688.58483027	 12.3074457143	 215.242857143	1.584	 340.0
11.5	 -569.533125601	 3351.74223298	 11.9238314286	 214.635714286	-7.3392	 328.0
12.0	 -787.884422934	 4611.47019087	 11.5402171429	 214.028571429	-15.108	 370.0
12.5	 322.702304074	 3801.56965131	 11.1566028571	 213.421428571	22.0712	 342.0
13.0	 422.74265479	 3819.52051072	 10.7729885714	 212.814285714	25.0712	 342.0
13.5	 -280.079107678	 1087.82208066	 10.3893742857	 212.207142857	0.9164	 249.0
14.0	 -10.9796748402	 1253.60354703	 10.00576	 211.6	9.6344	 254.0
14.5	 -7.98716098218	 266.306279112	 9.62214571429	 210.992857143	9.352	 220.0
15.0	 -683.489827283	 195.558774352	 9.23853142857	 210.385714286	-13.8788	 217.0
15.5	 529.442985536	 -436.945036862	 8.85491714286	 209.778571429	26.762	 195.0
16.0	 -139.235819947	 -418.994177445	 8.47130285714	 209.171428571	3.762	 195.0
16.5	 519.533266392	 72.0146242484	 8.08768857143	 208.564285714	25.6596	 211.0
17.0	 -158.99697074	 474.325061765	 7.70407428571	 207.957142857	2.3264	 224.0
17.5	 -39.9988229868	 994.899984851	 7.32046	 207.35	5.9676	 241.0
18.0	 -55.2072134578	 -613.285832309	 6.93684571429	 206.742857143	5.0696	 186.0
18.5	 -456.265314547	 321.214790269	 6.55323142857	 206.135714286	-8.8788	 217.0
19.0	 731.654559575	 132.20279994	 6.16961714286	 205.528571429	30.916	 210.0
19.5	 6.1141894293	 -204.639797351	 5.78600285714	 204.921428571	5.9928	 198.0
20.0	 37.1708657129	 197.670640166	 5.40238857143	 204.314285714	6.6596	 211.0
20.5	 -228.190564634	 718.245563252	 5.01877428571	 203.707142857	-2.6992	 228.0
21.0	 101.554896403	 647.498058491	 4.63516	 203.1	8.07	 225.0
21.5	 -78.1475670461	 488.052189554	 4.25154571429	 202.492857143	1.6084	 219.0
22.0	 -303.334551645	 506.003048971	 3.86793142857	 201.885714286	-6.3916	 219.0
22.5	 -173.728079537	 523.953908388	 3.48431714286	 201.278571429	-2.3916	 219.0
23.0	 -42.6078220131	 305.375796666	 3.10070285714	 200.671428571	1.6596	 211.0
23.5	 -13.0767575933	 -208.863528978	 2.71708857143	 200.064285714	2.2748	 193.0
24.0	 -16.896278104	 -131.780426777	 2.33347428571	 199.457142857	1.762	 195.0
24.5	 452.342143662	 -54.6973245758	 1.94986	 198.85	17.2492	 197.0
25.0	 6.54458768213	 -214.143193513	 1.56624571429	 198.242857143	1.7876	 191.0
25.5	 83.0857851157	 10.7705156501	 1.18263142857	 197.635714286	3.9928	 198.0
26.0	 243.772164032	 -207.807596072	 0.799017142857	 197.028571429	9.044	 190.0
26.5	 -76.9370455617	 -278.555100832	 0.415402857143	 196.421428571	-2.1868	 187.0
27.0	 -242.991787376	 -260.604241415	 0.0317885714286	 195.814285714	-8.1868	 187.0
27.5	 -177.058914298	 466.933531417	 -0.351825714286	 195.207142857	-6.3404	 211.0
Actin association begins: 24.5
Actin association ends: 26.0
Length of actin association: 1.5
Area under actin curve during patch life: 785.744680492
Cofilin association begins: 3.5
Cofilin association ends: 15.0
Length of cofilin association: 11.5
Delay between actin and cofilin association: -21.0
Area under cofilin curve during patch life: 62655.6797082
Cofilin intensity score: 266.680839633