Time	 Int488	 Int561	 Back488	 Back561	 Raw488	 Raw561
0.0	 -43.6841982323	 179.107003823	 47.436	 410.0	43.5336	 426.0
0.5	 -116.377753388	 717.155637494	 46.879066	 408.935	36.4828	 473.0
1.0	 65.7979578966	 -88.0982575053	 46.322132	 407.87	52.2	 400.0
1.5	 16.9211565745	 -210.50670043	 45.765198	 406.805	47.2768	 388.0
2.0	 139.687074691	 -478.439583961	 45.208264	 405.74	57.6868	 363.0
2.5	 -375.320181755	 81.9974251876	 44.65133	 404.675	11.1232	 412.0
3.0	 -439.971832439	 1112.59031937	 44.094396	 403.61	4.7908	 503.0
3.5	 -228.789741885	 1896.9110833	 43.537462	 402.545	23.0992	 572.0
4.0	 -306.955016007	 666.27805422	 42.980528	 401.48	15.5596	 461.0
4.5	 -413.822187492	 -452.413097468	 42.423594	 400.415	5.456	 360.0
5.0	 -422.802903713	 -686.763417783	 41.86666	 399.35	4.0968	 338.0
5.5	 -83.0398951149	 -753.200922013	 41.309726	 398.285	33.8916	 331.0
6.0	 -232.091243675	 -965.162866849	 40.752792	 397.22	20.0196	 311.0
6.5	 -470.691616471	 -740.551489868	 40.195858	 396.155	-1.852	 330.0
7.0	 -101.649090424	 -571.911051581	 39.638924	 395.09	30.5584	 344.0
7.5	 -383.59783582	 -1007.7567512	 39.08199	 394.025	4.8144	 304.0
8.0	 -213.467070543	 -805.533749692	 38.525056	 392.96	19.4556	 321.0
8.5	 -106.758095319	 560.884776658	 37.968122	 391.895	28.4312	 442.0
9.0	 -620.341451085	 24.2913873934	 37.411188	 390.83	-18.0052	 393.0
9.5	 -630.73263496	 2196.69143095	 36.854254	 389.765	-19.4904	 586.0
10.0	 -300.986185551	 5007.16017562	 36.29732	 388.7	9.4096	 836.0
10.5	 -1130.29041231	 5701.92743763	 35.740386	 387.635	-65.2308	 897.0
11.0	 -280.770960128	 4695.17816333	 35.183452	 386.57	10.1016	 806.0
11.5	 -519.071328693	 6184.73275481	 34.626518	 385.505	-11.7432	 938.0
12.0	 -392.588940247	 4461.55546522	 34.069584	 384.44	-1.0012	 783.0
12.5	 -425.386410301	 4887.6622215	 33.51265	 383.375	-4.488	 820.0
13.0	 -902.490147063	 6959.31457541	 32.955716	 382.31	-47.6656	 1004.0
13.5	 143.066398474	 5493.60360381	 32.398782	 381.245	45.1792	 872.0
14.0	 -148.357107425	 4789.09739846	 31.841848	 380.18	18.5888	 808.0
14.5	 293.008826766	 4151.75631955	 31.284914	 379.115	57.46	 750.0
15.0	 -326.76259389	 4902.49452026	 30.72798	 378.05	1.5376	 816.0
15.5	 -492.166411899	 5496.51409262	 30.171046	 376.985	-13.7952	 868.0
16.0	 -338.983646859	 4411.40550415	 29.614112	 375.92	-0.668	 770.0
16.5	 -483.722994302	 4837.51226043	 29.057178	 374.855	-14.1548	 807.0
17.0	 -347.488229498	 2465.07208199	 28.500244	 373.79	-2.5416	 594.0
17.5	 -358.770470718	 1715.78912568	 27.94331	 372.725	-4.1064	 526.0
18.0	 -344.216526636	 1302.33180155	 27.386376	 371.66	-3.3632	 488.0
18.5	 -287.747065985	 1773.21530878	 26.829442	 370.595	1.1244	 529.0
19.0	 -243.904649103	 2467.9825708	 26.272508	 369.53	4.484	 590.0
19.5	 -542.49691283	 2446.32181752	 25.715574	 368.465	-22.7468	 587.0
20.0	 -191.548671843	 1506.73766966	 25.15864	 367.4	8.0472	 502.0
20.5	 173.208719138	 3656.74933773	 24.601706	 366.335	40.0748	 693.0
21.0	 163.65038283	 3075.37919751	 24.044772	 365.27	38.664	 640.0
21.5	 -368.004869621	 3613.42783118	 23.487838	 364.205	-9.3868	 687.0
22.0	 -560.386680081	 4487.30209702	 22.930904	 363.14	-27.1296	 764.0
22.5	 21.3230246307	 2473.07592622	 22.37397	 362.075	24.2788	 583.0
23.0	 184.853696817	 2832.01755607	 21.817036	 361.01	38.3304	 614.0
23.5	 -422.008586539	 2877.52192923	 21.260102	 359.945	-16.4388	 617.0
24.0	 62.1191448148	 1680.47146337	 20.703168	 358.88	26.2524	 509.0
24.5	 -455.458297136	 3517.04587475	 20.146234	 357.815	-20.5408	 672.0
25.0	 -446.944736758	 1861.03371159	 19.5893	 356.75	-20.3372	 523.0
25.5	 -101.132389106	 3910.29769002	 19.032366	 355.685	9.998	 705.0
26.0	 -502.19176972	 4157.29744248	 18.475432	 354.62	-26.3864	 726.0
26.5	 287.908933939	 2814.72253601	 17.918498	 353.555	43.638	 605.0
27.0	 -118.313206059	 3431.13048386	 17.361564	 352.49	6.7924	 659.0
27.5	 -273.682554179	 2894.53709459	 16.80463	 351.425	-7.644	 610.0
28.0	 -222.953473	 3387.80897731	 16.247696	 350.36	-3.6692	 653.0
28.5	 -272.716853991	 780.290856341	 15.690762	 349.295	-8.6716	 419.0
29.0	 -273.337750809	 4049.72129831	 15.133828	 348.23	-9.284	 710.0
29.5	 429.502020588	 2348.9323842	 14.576894	 347.165	52.9452	 557.0
30.0	 -254.559859091	 3525.04971898	 14.01996	 346.1	-8.7204	 661.0
30.5	 -41.680729676	 1857.84336809	 13.463026	 345.035	9.7396	 511.0
31.0	 294.056849011	 1108.56041178	 12.906092	 343.97	39.1748	 443.0
31.5	 111.70055309	 -21.3249276426	 12.349158	 342.905	22.3276	 341.0
32.0	 61.6953776438	 1781.66692053	 11.792224	 341.84	17.3036	 501.0
32.5	 -52.3450293441	 909.247899094	 11.23529	 340.775	6.5592	 422.0
33.0	 600.0	 1413.71396955	 10.678356	 339.71	64.2776	 466.0
33.5	 -266.907742206	 1862.20910131	 10.121422	 338.645	-13.722	 505.0
34.0	 -215.60999629	 1829.35416029	 9.564488	 337.58	-9.6964	 501.0
34.5	 464.259301866	 -655.027895543	 9.007554	 336.515	50.4808	 278.0
35.0	 16.6992653852	 -575.940959167	 8.45062	 335.45	9.9424	 284.0
35.5	 43.0250172932	 -642.378463398	 7.893686	 334.385	11.7372	 277.0
36.0	 -204.476973593	 -775.981094062	 7.336752	 333.32	-10.9296	 264.0
36.5	 277.653714668	 -786.447659598	 6.779818	 332.255	31.5832	 262.0
37.0	 201.798920895	 -629.00140905	 6.222884	 331.19	24.25	 275.0
37.5	 53.6162413037	 -102.146963118	 5.66595	 330.125	10.4556	 321.0
38.0	 -38.3134060622	 -56.6425899589	 5.109016	 329.06	1.6864	 324.0
38.5	 56.6103283099	 -346.963848968	 4.552082	 327.995	9.6092	 297.0
39.0	 -217.578606146	 191.084784703	 3.995148	 326.93	-15.4416	 344.0
39.5	 52.1490862819	 135.841468212	 3.438214	 325.865	8.0968	 338.0
Actin association begins: 1.0
Actin association ends: 2.0
Length of actin association: 1.0
Area under actin curve during patch life: 222.406189162
Cofilin association begins: 8.5
Cofilin association ends: 31.0
Length of cofilin association: 22.5
Delay between actin and cofilin association: 7.5
Area under cofilin curve during patch life: 152779.44965
Cofilin intensity score: 190.662036203