Time	 Int488	 Int561	 Back488	 Back561	 Raw488	 Raw561
0.0	 -13.3128	 2.0	 -0.72	 200.0	-14.0328	 202.0
0.5	 5.13002456693	 15.9779527559	 -0.752424566929	 200.022047244	4.3776	 216.0
1.0	 0.495649133858	 2.95590551181	 -0.784849133858	 200.044094488	-0.2892	 203.0
1.5	 2.88687370079	 -14.0661417323	 -0.817273700787	 200.066141732	2.0696	 186.0
2.0	 5.12449826772	 -7.08818897638	 -0.849698267717	 200.088188976	4.2748	 193.0
2.5	 -9.20187716535	 9.88976377953	 -0.882122834646	 200.11023622	-10.084	 210.0
3.0	 0.0613474015748	 12.8677165354	 -0.914547401575	 200.132283465	-0.8532	 213.0
3.5	 -11.3166280315	 -1.15433070866	 -0.946971968504	 200.154330709	-12.2636	 199.0
4.0	 11.1773965354	 4.82362204724	 -0.979396535433	 200.176377953	10.198	 205.0
4.5	 -1.32857889764	 10.8015748031	 -1.01182110236	 200.198425197	-2.3404	 211.0
5.0	 -0.732154330709	 0.779527559055	 -1.04424566929	 200.220472441	-1.7764	 201.0
5.5	 1.71067023622	 14.757480315	 -1.07667023622	 200.242519685	0.634	 215.0
6.0	 0.25549480315	 -26.2645669291	 -1.10909480315	 200.264566929	-0.8536	 174.0
6.5	 -2.86568062992	 -2.28661417323	 -1.14151937008	 200.286614173	-4.0072	 198.0
7.0	 -10.807656063	 -6.30866141732	 -1.17394393701	 200.308661417	-11.9816	 194.0
7.5	 -16.5956314961	 4.66929133858	 -1.20636850394	 200.330708661	-17.802	 205.0
8.0	 9.20599307087	 1.64724409449	 -1.23879307087	 200.352755906	7.9672	 202.0
8.5	 -20.8127823622	 9.62519685039	 -1.2712176378	 200.37480315	-22.084	 210.0
9.0	 -12.7803577953	 9.6031496063	 -1.30364220472	 200.396850394	-14.084	 210.0
9.5	 10.2264667717	 13.5811023622	 -1.33606677165	 200.418897638	8.8904	 214.0
10.0	 -12.9975086614	 14.5590551181	 -1.36849133858	 200.440944882	-14.366	 215.0
10.5	 -3.60588409449	 36.537007874	 -1.40091590551	 200.462992126	-5.0068	 237.0
11.0	 -5.65065952756	 9.51496062992	 -1.43334047244	 200.48503937	-7.084	 210.0
11.5	 -18.2334349606	 27.4929133858	 -1.46576503937	 200.507086614	-19.6992	 228.0
12.0	 13.6705896063	 8.47086614173	 -1.4981896063	 200.529133858	12.1724	 209.0
12.5	 8.54901417323	 -6.55118110236	 -1.53061417323	 200.551181102	7.0184	 194.0
13.0	 -11.3925612598	 28.4267716535	 -1.56303874016	 200.573228346	-12.9556	 229.0
13.5	 -9.82173669291	 22.4047244094	 -1.59546330709	 200.595275591	-11.4172	 223.0
14.0	 -4.22531212598	 12.3826771654	 -1.62788787402	 200.617322835	-5.8532	 213.0
14.5	 -10.3980875591	 5.36062992126	 -1.66031244094	 200.639370079	-12.0584	 206.0
15.0	 8.60873700787	 9.33858267717	 -1.69273700787	 200.661417323	6.916	 210.0
15.5	 -6.0768384252	 4.31653543307	 -1.7251615748	 200.683464567	-7.802	 205.0
16.0	 -4.19801385827	 28.294488189	 -1.75758614173	 200.705511811	-5.9556	 229.0
16.5	 -5.57598929134	 14.2724409449	 -1.79001070866	 200.727559055	-7.366	 215.0
17.0	 -5.18476472441	 -2.74960629921	 -1.82243527559	 200.749606299	-7.0072	 198.0
17.5	 -18.8955401575	 35.2283464567	 -1.85485984252	 200.771653543	-20.7504	 236.0
18.0	 8.57248440945	 6.2062992126	 -1.88728440945	 200.793700787	6.6852	 207.0
18.5	 -23.3178910236	 33.1842519685	 -1.91970897638	 200.815748031	-25.2376	 234.0
19.0	 -7.61906645669	 7.16220472441	 -1.95213354331	 200.837795276	-9.5712	 208.0
19.5	 5.05455811024	 24.1401574803	 -1.98455811024	 200.85984252	3.07	 225.0
20.0	 3.59978267717	 22.1181102362	 -2.01698267717	 200.881889764	1.5828	 223.0
20.5	 -15.0857927559	 17.0960629921	 -2.04940724409	 200.903937008	-17.1352	 218.0
21.0	 -13.924968189	 36.074015748	 -2.08183181102	 200.925984252	-16.0068	 237.0
21.5	 -5.09774362205	 29.0519685039	 -2.11425637795	 200.948031496	-7.212	 230.0
22.0	 -16.4753190551	 54.0299212598	 -2.14668094488	 200.97007874	-18.622	 255.0
22.5	 1.83910551181	 49.0078740157	 -2.17910551181	 200.992125984	-0.34	 250.0
23.0	 5.28193007874	 62.9858267717	 -2.21153007874	 201.014173228	3.0704	 264.0
23.5	 3.36555464567	 54.9637795276	 -2.24395464567	 201.036220472	1.1216	 256.0
24.0	 -1.4224207874	 65.9417322835	 -2.2763792126	 201.058267717	-3.6988	 267.0
24.5	 -31.9539962205	 75.9196850394	 -2.30880377953	 201.080314961	-34.2628	 277.0
25.0	 -19.8963716535	 32.8976377953	 -2.34122834646	 201.102362205	-22.2376	 234.0
25.5	 -1.37674708661	 34.8755905512	 -2.37365291339	 201.124409449	-3.7504	 236.0
26.0	 -10.1903225197	 49.8535433071	 -2.40607748031	 201.146456693	-12.5964	 251.0
26.5	 -5.05509795276	 72.831496063	 -2.43850204724	 201.168503937	-7.4936	 274.0
27.0	 -25.6630733858	 133.809448819	 -2.47092661417	 201.190551181	-28.134	 335.0
27.5	 12.2925511811	 145.787401575	 -2.5033511811	 201.212598425	9.7892	 347.0
28.0	 -2.26502425197	 120.765354331	 -2.53577574803	 201.234645669	-4.8008	 322.0
28.5	 25.408200315	 98.7433070866	 -2.56820031496	 201.256692913	22.84	 300.0
29.0	 2.02982488189	 45.7212598425	 -2.60062488189	 201.278740157	-0.5708	 247.0
29.5	 -1.83495055118	 68.6992125984	 -2.63304944882	 201.300787402	-4.468	 270.0
30.0	 24.7098740157	 27.6771653543	 -2.66547401575	 201.322834646	22.0444	 229.0
30.5	 -4.38570141732	 47.6551181102	 -2.69789858268	 201.34488189	-7.0836	 249.0
31.0	 -5.76367685039	 33.6330708661	 -2.73032314961	 201.366929134	-8.494	 235.0
31.5	 -3.24405228346	 35.611023622	 -2.76274771654	 201.388976378	-6.0068	 237.0
32.0	 -5.05762771654	 50.588976378	 -2.79517228346	 201.411023622	-7.8528	 252.0
32.5	 1.69319685039	 94.5669291339	 -2.82759685039	 201.433070866	-1.1344	 296.0
33.0	 0.0844214173228	 77.5448818898	 -2.86002141732	 201.45511811	-2.7756	 279.0
33.5	 -10.0623540157	 105.522834646	 -2.89244598425	 201.477165354	-12.9548	 307.0
34.0	 -14.2355294488	 59.5007874016	 -2.92487055118	 201.499212598	-17.1604	 261.0
34.5	 6.10449511811	 50.4787401575	 -2.95729511811	 201.521259843	3.1472	 252.0
35.0	 -14.863080315	 50.4566929134	 -2.98971968504	 201.543307087	-17.8528	 252.0
35.5	 2.52814425197	 33.4346456693	 -3.02214425197	 201.565354331	-0.494	 235.0
36.0	 1.3553688189	 26.4125984252	 -3.0545688189	 201.587401575	-1.6992	 228.0
36.5	 -5.56100661417	 18.3905511811	 -3.08699338583	 201.609448819	-8.648	 220.0
37.0	 0.163417952756	 -11.631496063	 -3.11941795276	 201.631496063	-2.956	 190.0
37.5	 -12.2397574803	 17.3464566929	 -3.15184251969	 201.653543307	-15.3916	 219.0
38.0	 -3.54093291339	 -8.67559055118	 -3.18426708661	 201.675590551	-6.7252	 193.0
38.5	 -5.79050834646	 -3.69763779528	 -3.21669165354	 201.697637795	-9.0072	 198.0
39.0	 -5.52728377953	 -0.71968503937	 -3.24911622047	 201.719685039	-8.7764	 201.0
39.5	 -8.4692592126	 -4.74173228346	 -3.2815407874	 201.741732283	-11.7508	 197.0
40.0	 -23.2060346457	 -1.76377952756	 -3.31396535433	 201.763779528	-26.52	 200.0
40.5	 3.67278992126	 22.2141732283	 -3.34638992126	 201.785826772	0.3264	 224.0
41.0	 -24.6539855118	 0.192125984252	 -3.37881448819	 201.807874016	-28.0328	 202.0
41.5	 -6.39076094488	 3.17007874016	 -3.41123905512	 201.82992126	-9.802	 205.0
42.0	 -12.435136378	 15.1480314961	 -3.44366362205	 201.851968504	-15.8788	 217.0
42.5	 4.39208818898	 8.12598425197	 -3.47608818898	 201.874015748	0.916	 210.0
43.0	 0.424512755906	 8.10393700787	 -3.50851275591	 201.896062992	-3.084	 210.0
43.5	 -17.8762626772	 21.0818897638	 -3.54093732283	 201.918110236	-21.4172	 223.0
44.0	 -6.02343811024	 10.0598425197	 -3.57336188976	 201.94015748	-9.5968	 212.0
44.5	 6.80378645669	 3.03779527559	 -3.60578645669	 201.962204724	3.198	 205.0
45.0	 -1.80458897638	 25.0157480315	 -3.63821102362	 201.984251969	-5.4428	 227.0
45.5	 -11.2081644094	 14.9937007874	 -3.67063559055	 202.006299213	-14.8788	 217.0
46.0	 -17.8681398425	 5.97165354331	 -3.70306015748	 202.028346457	-21.5712	 208.0
46.5	 -21.5281152756	 -3.05039370079	 -3.73548472441	 202.050393701	-25.2636	 199.0
47.0	 -3.82889070866	 9.92755905512	 -3.76790929134	 202.072440945	-7.5968	 212.0
47.5	 8.48553385827	 4.90551181102	 -3.80033385827	 202.094488189	4.6852	 207.0
48.0	 -0.943641574803	 -1.11653543307	 -3.8327584252	 202.116535433	-4.7764	 201.0
48.5	 5.08878299213	 -1.13858267717	 -3.86518299213	 202.138582677	1.2236	 201.0
49.0	 -11.2631924409	 19.8393700787	 -3.89760755906	 202.160629921	-15.1608	 222.0
49.5	 -17.692367874	 13.8173228346	 -3.93003212598	 202.182677165	-21.6224	 216.0
50.0	 -0.839543307087	 2.79527559055	 -3.96245669291	 202.204724409	-4.802	 205.0
50.5	 -14.2431187402	 -7.22677165354	 -3.99488125984	 202.226771654	-18.238	 195.0
51.0	 -9.51829417323	 1.75118110236	 -4.02730582677	 202.248818898	-13.5456	 204.0
51.5	 -13.1782696063	 -7.27086614173	 -4.0597303937	 202.270866142	-17.238	 195.0
52.0	 2.21335496063	 14.7070866142	 -4.09215496063	 202.292913386	-1.8788	 217.0
52.5	 11.6813795276	 -14.3149606299	 -4.12457952756	 202.31496063	7.5568	 188.0
53.0	 1.66260409449	 -6.33700787402	 -4.15700409449	 202.337007874	-2.4944	 196.0
53.5	 -1.86897133858	 3.64094488189	 -4.18942866142	 202.359055118	-6.0584	 206.0
54.0	 -6.09294677165	 4.6188976378	 -4.22185322835	 202.381102362	-10.3148	 207.0
54.5	 -5.24012220472	 -6.4031496063	 -4.25427779528	 202.403149606	-9.4944	 196.0
55.0	 11.5103023622	 -1.42519685039	 -4.2867023622	 202.42519685	7.2236	 201.0
55.5	 -3.99567307087	 4.55275590551	 -4.31912692913	 202.447244094	-8.3148	 207.0
56.0	 -0.886448503937	 -7.46929133858	 -4.35155149606	 202.469291339	-5.238	 195.0
56.5	 -17.905223937	 0.508661417323	 -4.38397606299	 202.491338583	-22.2892	 203.0
57.0	 10.6912006299	 -9.51338582677	 -4.41640062992	 202.513385827	6.2748	 193.0
57.5	 11.6724251969	 -1.53543307087	 -4.44882519685	 202.535433071	7.2236	 201.0
58.0	 2.70484976378	 -1.55748031496	 -4.48124976378	 202.557480315	-1.7764	 201.0
58.5	 -10.8523256693	 12.4204724409	 -4.51367433071	 202.579527559	-15.366	 215.0
59.0	 -4.43550110236	 -8.60157480315	 -4.54609889764	 202.601574803	-8.9816	 194.0
59.5	 4.62252346457	 -12.6236220472	 -4.57852346457	 202.623622047	0.044	 190.0
60.0	 -3.8578519685	 -10.6456692913	 -4.6109480315	 202.645669291	-8.4688	 192.0
60.5	 -5.18422740157	 6.33228346457	 -4.64337259843	 202.667716535	-9.8276	 209.0
61.0	 4.74539716535	 -16.6897637795	 -4.67579716535	 202.68976378	0.0696	 186.0
61.5	 11.5986217323	 11.2881889764	 -4.70822173228	 202.711811024	6.8904	 214.0
62.0	 -7.08695370079	 6.26614173228	 -4.74064629921	 202.733858268	-11.8276	 209.0
62.5	 -1.28532913386	 3.24409448819	 -4.77307086614	 202.755905512	-6.0584	 206.0
63.0	 -8.45810456693	 -3.77795275591	 -4.80549543307	 202.777952756	-13.2636	 199.0
Actin association begins: 0.5
Actin association ends: 2.0
Length of actin association: 1.5
Cofilin association begins: 17.5
Cofilin association ends: 36.5
Length of cofilin association: 19.0
Delay between actin and cofilin association: 17.0
Maximum normalized actin intensity: 5.13002456693
Maximum normalized cofilin intensity: 145.787401575