Time	 Int488	 Int561	 Back488	 Back561	 Raw488	 Raw561
0.0	 119.544982292	 541.603464846	 4.57264	 232.4	11.3268	 263.0
0.5	 -63.9614222578	 55.3108113609	 4.60695	 233.875	0.9932	 237.0
1.0	 -293.755453646	 -112.391568685	 4.64126	 235.35	-11.9556	 229.0
1.5	 31.0312236167	 -510.186923993	 4.67557	 236.825	6.4288	 208.0
2.0	 201.067985394	 -235.402813152	 4.70988	 238.3	16.07	 225.0
2.5	 273.52408631	 -615.498708824	 4.74419	 239.775	20.198	 205.0
3.0	 -290.740173702	 -376.113517254	 4.7785	 241.25	-11.648	 220.0
3.5	 0.467088739781	 -366.821300946	 4.81281	 242.725	4.8392	 222.0
4.0	 244.027405843	 173.454704428	 4.84712	 244.2	18.6344	 254.0
4.5	 -34.7799691675	 58.850703288	 4.88143	 245.675	2.9164	 249.0
5.0	 -339.003768215	 -232.747894207	 4.91574	 247.15	-14.2376	 234.0
5.5	 -28.7377276372	 -435.849193524	 4.95005	 248.625	3.3264	 224.0
6.0	 -4.37459844351	 476.115464195	 4.98436	 250.1	4.7372	 277.0
6.5	 -326.743883509	 945.593631026	 5.01867	 251.575	-13.442	 305.0
7.0	 -332.342399587	 1007.98422624	 5.05298	 253.05	-13.724	 310.0
7.5	 -368.327347966	 3052.71430063	 5.08729	 254.525	-15.7228	 427.0
8.0	 -197.844559806	 2566.42164715	 5.1216	 256.0	-6.0564	 401.0
8.5	 -139.902015791	 3071.29873325	 5.15591	 257.475	-2.7484	 431.0
9.0	 -49.7393754569	 3381.48176336	 5.19022	 258.95	2.38	 450.0
9.5	 235.117320868	 3691.66479347	 5.22453	 260.425	18.5084	 469.0
10.0	 104.716375009	 3895.65106577	 5.25884	 261.9	11.1752	 482.0
10.5	 416.801920037	 4099.63733807	 5.29315	 263.375	28.842	 495.0
11.0	 600.0	 4392.12090855	 5.32746	 264.85	39.2268	 513.0
11.5	 -416.740325918	 4118.22177069	 5.36177	 266.325	-18.1836	 499.0
12.0	 -890.241756919	 4003.61776955	 5.39608	 267.8	-44.9016	 494.0
12.5	 -59.9018741958	 2048.26996632	 5.43039	 269.275	2.046	 385.0
13.0	 -439.893520051	 3916.00544435	 5.4647	 270.75	-19.3888	 492.0
13.5	 -823.97020119	 5730.64254348	 5.49901	 272.225	-41.0544	 596.0
14.0	 -217.351488259	 5545.2407038	 5.53332	 273.7	-6.7468	 587.0
14.5	 237.681972569	 4846.55453469	 5.56763	 275.175	18.9964	 549.0
15.0	 -601.603571043	 5192.13648407	 5.60194	 276.65	-28.388	 570.0
15.5	 -478.774808005	 4546.54869387	 5.63625	 278.125	-21.414	 535.0
16.0	 -65.4908325649	 4148.75333856	 5.67056	 279.6	1.9704	 514.0
16.5	 -171.841752671	 4051.84879706	 5.70487	 281.075	-4.004	 510.0
17.0	 -717.939287314	 5600.99400165	 5.73918	 282.55	-34.8236	 599.0
17.5	 75.6494374227	 4548.31863983	 5.77349	 284.025	10.0476	 541.0
18.0	 18.7578873217	 3637.23895509	 5.8078	 285.5	6.8676	 491.0
18.5	 147.48411031	 2761.55818963	 5.84211	 286.975	14.1748	 443.0
19.0	 114.663825313	 3620.42446844	 5.87642	 288.45	12.3548	 493.0
19.5	 245.648499351	 1700.47558448	 5.91073	 289.925	19.7896	 386.0
20.0	 -362.637856666	 1904.46185678	 5.94504	 291.4	-14.5436	 399.0
20.5	 -19.2596670024	 -15.4870271811	 5.97935	 292.875	4.8912	 292.0
21.0	 37.3306382956	 1392.06250033	 6.01366	 294.35	8.1228	 373.0
21.5	 -209.221241475	 4534.15907212	 6.04797	 295.825	-5.7728	 552.0
22.0	 266.223236205	 2720.40694598	 6.08228	 297.3	21.1236	 451.0
22.5	 -432.351603306	 5278.4213498	 6.11659	 298.775	-18.3108	 597.0
23.0	 425.188808986	 455.761085614	 6.1509	 300.25	30.1736	 326.0
23.5	 93.2759752845	 -349.12184131	 6.18521	 301.725	11.4552	 282.0
24.0	 137.158068564	 969.930388025	 6.21952	 303.2	13.9688	 358.0
24.5	 -180.673075051	 1421.70909522	 6.25383	 304.675	-3.954	 385.0
25.0	 -201.266573332	 -321.245192384	 6.28814	 306.15	-5.0832	 288.0
25.5	 75.8660788086	 -878.335684412	 6.32245	 307.625	10.6088	 258.0
26.0	 -578.707904048	 -355.759138673	 6.35676	 309.1	-26.3396	 289.0
26.5	 -435.461044374	 -1426.13396013	 6.39107	 310.575	-18.212	 230.0
27.0	 -293.559343633	 -903.557414392	 6.42538	 312.05	-10.1604	 261.0
27.5	 -548.316692891	 -1319.05222934	 6.45969	 313.525	-24.5196	 239.0
28.0	 -162.261566154	 -1610.65082683	 6.494	 315.0	-2.6736	 224.0
28.5	 119.41630722	 -1495.16185271	 6.52831	 316.475	13.2752	 232.0
29.0	 -205.678694629	 -1291.17558041	 6.56262	 317.95	-5.058	 245.0
29.5	 -71.9470644561	 -874.795792484	 6.59693	 319.425	2.532	 270.0
30.0	 -187.36718768	 -246.022488933	 6.63124	 320.9	-3.9548	 307.0
30.5	 -320.04782394	 -1068.60487549	 6.66555	 322.375	-11.4168	 262.0
31.0	 83.6996826487	 -2050.48239877	 6.69986	 323.85	11.4288	 208.0
31.5	 264.632231778	 -1404.00963559	 6.73417	 325.325	21.6856	 246.0
32.0	 -349.997610573	 -208.853623699	 6.76848	 326.8	-13.006	 315.0
32.5	 -119.605691438	 -376.556003745	 6.80279	 328.275	0.0452	 307.0
33.0	 -205.99870086	 -1517.72866374	 6.8371	 329.75	-4.8016	 244.0
33.5	 -213.86274777	 -1101.34887582	 6.87141	 331.225	-5.2116	 269.0
34.0	 -266.662182804	 -1269.05125587	 6.90572	 332.7	-8.1604	 261.0
34.5	 259.176196351	 -1277.45849919	 6.94003	 334.175	21.5832	 262.0
35.0	 -350.929664117	 -1480.55979851	 6.97434	 335.65	-12.8528	 252.0
35.5	 -222.196361345	 -1665.96163819	 7.00865	 337.125	-5.5452	 243.0
36.0	 11.8274869068	 -1709.76780079	 7.04296	 338.6	7.7112	 242.0
36.5	 -458.948227311	 -1558.8799074	 7.07727	 340.075	-18.8528	 252.0
37.0	 199.402466243	 -2222.16715724	 7.11158	 341.55	18.3776	 216.0
37.5	 -710.213650177	 -566.825194827	 7.14589	 343.025	-32.9804	 311.0
38.0	 135.135374317	 663.729736331	 7.1802	 344.5	14.8152	 382.0
38.5	 168.55354706	 -530.541302574	 7.21451	 345.975	16.7376	 316.0
39.0	 111.230130144	 700.013628584	 7.24882	 347.45	13.5332	 387.0
39.5	 304.403625557	 125.223676921	 7.28313	 348.925	24.4816	 356.0
Actin association begins: 17.5
Actin association ends: 19.5
Length of actin association: 2.0
Area under actin curve during patch life: 602.203759719
Cofilin intensity score: -3552.74624816