Time	 Int488	 Int561	 Back488	 Back561	 Raw488	 Raw561
0.0	 133.884571635	 -56.7343981408	 13.46008	 257.8	27.1472	 252.0
0.5	 -154.249301078	 387.659972442	 13.3782215385	 257.369230769	-2.3908	 297.0
1.0	 51.2100027509	 -253.724655877	 13.2963630769	 256.938461538	18.5316	 231.0
1.5	 137.037980845	 -161.474825478	 13.2145046154	 256.507692308	27.224	 240.0
2.0	 -159.87602907	 126.410860579	 13.1326461538	 256.076923077	-3.2116	 269.0
2.5	 -194.188029935	 267.569654892	 13.0507876923	 255.646153846	-6.8012	 283.0
3.0	 -75.5049662413	 193.529007982	 12.9689292308	 255.215384615	5.25	 275.0
3.5	 37.911580218	 178.179117769	 12.8870707692	 254.784615385	16.7628	 273.0
4.0	 65.048801615	 270.428948167	 12.8052123077	 254.353846154	19.4552	 282.0
4.5	 -179.19612324	 352.896985783	 12.7233538462	 253.923076923	-5.596	 290.0
5.0	 -170.87515844	 -53.7246157461	 12.6414953846	 253.492307692	-4.8272	 248.0
5.5	 -5.28252927666	 566.742024929	 12.5596369231	 253.061538462	12.0196	 311.0
6.0	 298.499442889	 228.59297288	 12.4777784615	 252.630769231	42.9936	 276.0
6.5	 -28.0103592697	 555.605830069	 12.39592	 252.2	9.5324	 309.0
7.0	 52.5471888733	 325.056498632	 12.3140615385	 251.769230769	17.686	 285.0
7.5	 -274.713854971	 769.450869215	 12.2322030769	 251.338461538	-15.852	 330.0
8.0	 -33.8835884391	 714.97380787	 12.1503446154	 250.907692308	8.6864	 324.0
8.5	 63.9799074953	 455.079098085	 12.0684861538	 250.476923077	18.6092	 297.0
9.0	 319.111155076	 840.78271197	 11.9866276923	 250.046153846	44.6096	 336.0
9.5	 -83.3992642888	 815.651028974	 11.9047692308	 249.615384615	3.3788	 333.0
10.0	 -7.09875236494	 1250.26360677	 11.8229107692	 249.184615385	11.0972	 377.0
10.5	 -149.010473842	 1391.42240109	 11.7410523077	 248.753846154	-3.4924	 391.0
11.0	 -53.9093561895	 798.946736684	 11.6591938462	 248.323076923	6.148	 330.0
11.5	 5.08129522574	 881.414774299	 11.5773353846	 247.892307692	12.0968	 338.0
12.0	 131.038100033	 817.155920172	 11.4954769231	 247.461538462	24.8916	 331.0
12.5	 -193.456652813	 1975.62116391	 11.4136184615	 247.030769231	-8.3636	 449.0
13.0	 -386.531063262	 2468.9244984	 11.33176	 246.6	-28.1836	 499.0
13.5	 -168.277174472	 2120.99365357	 11.2499015385	 246.169230769	-5.9532	 463.0
14.0	 -134.87178026	 1998.04404275	 11.1680430769	 245.738461538	-2.62	 450.0
14.5	 -49.5407172392	 2550.03813394	 11.0861846154	 245.307692308	6.0216	 506.0
15.0	 220.62318949	 1351.091317	 11.0043261538	 244.876923077	33.5588	 383.0
15.5	 327.278560778	 2392.17504734	 10.9224676923	 244.446153846	44.3804	 489.0
16.0	 212.454579876	 2503.9884633	 10.8406092308	 244.015384615	32.56	 500.0
16.5	 600.0	 1305.04164636	 10.7587507692	 243.584615385	72.0972	 377.0
17.0	 69.3285315934	 1817.90856642	 10.6768923077	 243.153846154	17.7644	 429.0
17.5	 170.196994271	 1088.48780306	 10.5950338462	 242.723076923	27.9944	 354.0
18.0	 4.96939151631	 2198.04408288	 10.5131753846	 242.292307692	11.0212	 467.0
18.5	 -60.4408849643	 2613.09307511	 10.4313169231	 241.861538462	4.2524	 509.0
19.0	 177.126175496	 2304.28940141	 10.3494584615	 241.430769231	28.4572	 477.0
19.5	 -49.0537344477	 3003.01038435	 10.2676	 241.0	5.2528	 548.0
20.0	 -244.401433539	 1941.00866637	 10.1857415385	 240.569230769	-14.7996	 439.0
20.5	 -13.3646979412	 742.061849423	 10.1038830769	 240.138461538	8.7376	 316.0
21.0	 385.480649206	 834.311679822	 10.0220246154	 239.707692308	49.43	 325.0
21.5	 -184.317990332	 1347.17859989	 9.94016615385	 239.276923077	-8.9028	 377.0
22.0	 -169.212374058	 2173.062889	 9.85830769231	 238.846153846	-7.4404	 461.0
22.5	 92.429634799	 1541.46005347	 9.77644923077	 238.415384615	19.2256	 396.0
23.0	 552.970705387	 1164.18383029	 9.69459076923	 237.984615385	66.2252	 357.0
23.5	 -68.7496902432	 1383.59696686	 9.61273230769	 237.553846154	2.5844	 379.0
24.0	 -250.798063867	 918.284608635	 9.53087384615	 237.123076923	-16.1084	 331.0
24.5	 -34.5474862398	 883.371132856	 9.44901538462	 236.692307692	5.9172	 327.0
25.0	 -15.4430730761	 320.2408468	 9.36715692308	 236.261538462	7.7884	 269.0
25.5	 -108.187591309	 1185.25230705	 9.28529846154	 235.830769231	-1.7748	 357.0
26.0	 -245.83836385	 1042.73911066	 9.20344	 235.4	-15.9288	 342.0
26.5	 393.78385629	 577.426752431	 9.12158153846	 234.969230769	49.3784	 294.0
27.0	 66.765400906	 219.714114816	 9.03972307692	 234.538461538	15.8652	 257.0
27.5	 25.6804867179	 272.836774083	 8.95786461538	 234.107692308	11.5832	 262.0
28.0	 109.747742111	 -124.003034663	 8.87600615385	 233.676923077	20.0956	 221.0
28.5	 -13.6020493809	 173.664444176	 8.79414769231	 233.246153846	7.4036	 251.0
29.0	 -20.8263096717	 285.477860141	 8.71228923077	 232.815384615	6.5832	 262.0
29.5	 91.083840699	 123.401078184	 8.63043076923	 232.384615385	17.942	 245.0
30.0	 -145.891255759	 -165.83900995	 8.54857230769	 231.953846154	-6.366	 215.0
30.5	 -213.813496627	 -122.498143466	 8.46671384615	 231.523076923	-13.3916	 219.0
31.0	 -110.429156846	 -98.7208625475	 8.38485538462	 231.092307692	-2.9044	 221.0
31.5	 -73.5101426657	 -6.47103214869	 8.30299692308	 230.661538462	0.788	 230.0
32.0	 -81.9903851498	 -80.5116790593	 8.22113846154	 230.230769231	-0.1608	 222.0
32.5	 58.0169868105	 334.537313175	 8.13928	 229.8	14.0704	 264.0
33.0	 129.543983856	 -13.3935316566	 8.05742153846	 229.369230769	21.3008	 228.0
33.5	 -71.3128209306	 -214.597484745	 7.97556307692	 228.938461538	0.6852	 207.0
34.0	 59.6639999326	 83.0699940948	 7.89370461538	 228.507692308	13.9932	 237.0
34.5	 -116.358789337	 204.665202842	 7.81184615385	 228.076923077	-4.0836	 249.0
35.0	 -68.6563267933	 140.406348715	 7.72998769231	 227.646153846	0.7112	 242.0
35.5	 -131.061636531	 85.9292873698	 7.64812923077	 227.215384615	-5.7504	 236.0
36.0	 81.1744933382	 -85.9292873698	 7.56627076923	 226.784615385	15.8648	 218.0
36.5	 134.648213624	 94.3566780751	 7.48441230769	 226.353846154	21.2496	 236.0
37.0	 -34.8559889352	 -38.3747255329	 7.40255384615	 225.923076923	3.8392	 222.0
37.5	 0.807043051325	 -131.978958009	 7.32069538462	 225.492307692	7.4032	 212.0
38.0	 -57.333405033	 -88.6380915251	 7.23883692308	 225.061538462	1.3776	 216.0
38.5	 -55.2767003314	 101.429666703	 7.15697846154	 224.630769231	1.506	 235.0
Actin association begins: 15.0
Actin association ends: 18.0
Length of actin association: 3.0
Area under actin curve during patch life: 1604.85124752
Cofilin association begins: 5.5
Cofilin association ends: 27.5
Length of cofilin association: 22.0
Delay between actin and cofilin association: -9.5
Area under cofilin curve during patch life: 58648.6197439
Cofilin intensity score: -1476.46849791