Time	 Int488	 Int561	 Back488	 Back561	 Raw488	 Raw561
0.0	 43.3239776921	 -216.268199986	 5.93704	 261.4	10.224	 240.0
0.5	 24.0744499251	 -260.236582511	 5.86740405797	 261.750724638	8.2496	 236.0
1.0	 36.6992166793	 -152.615105232	 5.79776811594	 262.101449275	9.4292	 247.0
1.5	 -146.833295152	 207.656138386	 5.72813217391	 262.452173913	-8.8012	 283.0
2.0	 49.7730526483	 386.019550239	 5.65849623188	 262.802898551	10.5836	 301.0
2.5	 -311.002365661	 806.926737778	 5.58886028986	 263.153623188	-25.1852	 343.0
3.0	 -93.1532255071	 429.460663686	 5.51922434783	 263.504347826	-3.6984	 306.0
3.5	 -99.1881598956	 294.53836528	 5.4495884058	 263.855072464	-4.3652	 293.0
4.0	 -186.329732873	 200.040029487	 5.37995246377	 264.205797101	-13.0576	 284.0
4.5	 -83.7859036799	 469.357357223	 5.31031652174	 264.556521739	-2.9804	 311.0
5.0	 -104.587711611	 667.932750383	 5.24068057971	 264.907246377	-5.1084	 331.0
5.5	 3.38909815721	 88.3468632206	 5.17104463768	 265.257971014	5.5064	 274.0
6.0	 127.955902183	 74.6964526567	 5.10140869565	 265.608695652	17.7628	 273.0
6.5	 -249.146754627	 283.377836471	 5.03177275362	 265.95942029	-19.6216	 294.0
7.0	 -34.4021748014	 390.99931375	 4.96213681159	 266.310144928	1.558	 305.0
7.5	 23.3114798527	 559.25673495	 4.89250086957	 266.660869565	7.1992	 322.0
8.0	 -251.676204997	 2576.91044575	 4.82286492754	 267.011594203	-20.0808	 522.0
8.5	 -281.545107743	 3007.92362394	 4.75322898551	 267.362318841	-23.106	 565.0
9.0	 -355.738885495	 2074.6280639	 4.68359304348	 267.713043478	-30.5172	 473.0
9.5	 -101.09585457	 1474.83019543	 4.61395710145	 268.063768116	-5.3896	 414.0
10.0	 -260.281013718	 794.184401736	 4.54432115942	 268.414492754	-21.2108	 347.0
10.5	 -299.706141226	 4297.41873861	 4.47468521739	 268.765217391	-25.1816	 694.0
11.0	 -37.5280836692	 5678.39503823	 4.40504927536	 269.115942029	0.6916	 831.0
11.5	 -611.309488182	 5826.44047813	 4.33541333333	 269.466666667	-56.1544	 846.0
12.0	 -380.50446801	 5398.44445077	 4.2657773913	 269.817391304	-33.3856	 804.0
12.5	 -170.942240192	 5526.27790935	 4.19614144928	 270.168115942	-12.7188	 817.0
13.0	 -254.708412291	 6088.66896604	 4.12650550725	 270.51884058	-21.0772	 873.0
13.5	 -8.10166513332	 5165.47939666	 4.05686956522	 270.869565217	3.2552	 782.0
14.0	 55.8049405933	 2787.02717316	 3.98723362319	 271.220289855	9.5092	 547.0
14.5	 134.248003276	 2874.43666914	 3.91759768116	 271.571014493	17.2016	 556.0
15.0	 36.7457686803	 3214.49593145	 3.84796173913	 271.92173913	7.484	 590.0
15.5	 163.370152403	 1695.0529135	 3.7783257971	 272.272463768	19.944	 440.0
16.0	 72.8733905282	 2914.33336267	 3.70868985507	 272.623188406	10.9196	 561.0
16.5	 -671.92563022	 3729.3741857	 3.63905391304	 272.973913043	-62.8488	 642.0
17.0	 -319.840637413	 4089.64542932	 3.56941797101	 273.324637681	-28.0792	 678.0
17.5	 -256.677832598	 4985.53417757	 3.49978202899	 273.675362319	-21.8988	 767.0
18.0	 -110.864193823	 4810.18791655	 3.43014608696	 274.026086957	-7.54	 750.0
18.5	 -114.845590911	 2775.33937528	 3.36051014493	 274.376811594	-8.0036	 549.0
19.0	 600.0	 1326.63829191	 3.2908742029	 274.727536232	62.6616	 406.0
19.5	 180.157087519	 3081.53624572	 3.22123826087	 275.07826087	21.048	 580.0
20.0	 86.0181266126	 2896.08399404	 3.15160231884	 275.428985507	11.6632	 562.0
20.5	 -334.091584022	 3903.13863949	 3.08196637681	 275.779710145	-29.9768	 662.0
21.0	 -488.361189317	 2454.43755612	 3.01233043478	 276.130434783	-45.3116	 519.0
21.5	 -714.371201063	 4714.6350426	 2.94269449275	 276.48115942	-67.7452	 743.0
22.0	 -5.504314223	 1436.74965094	 2.87305855072	 276.831884058	2.3284	 419.0
22.5	 105.055586757	 58.7905021498	 2.8034226087	 277.182608696	13.1988	 283.0
23.0	 -116.317796478	 -379.311515863	 2.73378666667	 277.533333333	-8.776	 240.0
23.5	 413.798370078	 981.452802456	 2.66415072464	 277.884057971	43.61	 375.0
24.0	 217.815277762	 129.005167647	 2.59451478261	 278.234782609	24.1476	 291.0
24.5	 -98.3967641614	 -96.8710466414	 2.52487884058	 278.585507246	-7.2116	 269.0
25.0	 -163.511319911	 -80.2034852447	 2.45524289855	 278.936231884	-13.7244	 271.0
25.5	 -156.07294756	 -346.503662147	 2.38560695652	 279.286956522	-13.058	 245.0
26.0	 92.8743470334	 -451.107988593	 2.31597101449	 279.637681159	11.506	 235.0
26.5	 -17.0663408586	 -141.366698244	 2.24633507246	 279.988405797	0.5576	 266.0
27.0	 -149.034045979	 57.2086949171	 2.17669913043	 280.339130435	-12.5704	 286.0
27.5	 112.869128632	 -97.9255847966	 2.10706318841	 280.689855072	13.2756	 271.0
28.0	 -130.264473678	 100.649808364	 2.03742724638	 281.04057971	-10.8524	 291.0
28.5	 -97.9451523379	 289.119210871	 1.96779130435	 281.391304348	-7.724	 310.0
29.0	 -44.9004653657	 2.60705266135	 1.89815536232	 281.742028986	-2.5448	 282.0
29.5	 9.44183080634	 -91.891283131	 1.82851942029	 282.092753623	2.7628	 273.0
30.0	 -317.389586096	 157.214063297	 1.75888347826	 282.443478261	-29.6472	 298.0
30.5	 -272.118427134	 -98.9801229517	 1.68924753623	 282.794202899	-25.2372	 273.0
31.0	 -124.231039077	 -203.584449398	 1.6196115942	 283.144927536	-10.6732	 263.0
31.5	 -140.35983693	 843.894158661	 1.54997565217	 283.495652174	-12.3388	 367.0
32.0	 22.8118513919	 324.94421542	 1.48033971014	 283.846376812	3.7376	 316.0
32.5	 11.853278357	 169.809935706	 1.41070376812	 284.197101449	2.5836	 301.0
33.0	 55.5681147578	 -237.974110346	 1.34106782609	 284.547826087	6.8396	 261.0
33.5	 -3.587948902	 -362.790418099	 1.27143188406	 284.898550725	0.9164	 249.0
34.0	 -97.2013982942	 159.176675975	 1.20179594203	 285.249275362	-8.4164	 301.0
Actin association begins: 14.0
Actin association ends: 16.0
Length of actin association: 2.0
Area under actin curve during patch life: 463.042255481
Cofilin association begins: 1.5
Cofilin association ends: 22.5
Length of cofilin association: 21.0
Delay between actin and cofilin association: -12.5
Area under cofilin curve during patch life: 106515.647559
Cofilin intensity score: -2545.21095557