Time	 Int488	 Int561	 Back488	 Back561	 Raw488	 Raw561
0.0	 -88.1426912268	 519.140454199	 7.46712	 444.2	-1.158	 495.0
0.5	 95.5359938971	 250.423953349	 7.41621533333	 443.495	16.7648	 468.0
1.0	 34.7404022943	 257.628560047	 7.36531066667	 442.79	10.7648	 468.0
1.5	 -70.8688648942	 -317.666949189	 7.314406	 442.085	0.3796	 411.0
2.0	 33.9372606725	 -637.479951436	 7.26350133333	 441.38	10.5844	 379.0
2.5	 68.7861442457	 -405.45073859	 7.21259666667	 440.675	13.9436	 401.0
3.0	 -124.079596449	 -919.430446148	 7.161692	 439.97	-4.98	 350.0
3.5	 14.278535795	 -94.6818170897	 7.11078733333	 439.265	8.508	 430.0
4.0	 49.6506475426	 55.5929935206	 7.05988266667	 438.56	11.9184	 444.0
4.5	 -190.898348257	 205.867804131	 7.008978	 437.855	-11.6712	 458.0
5.0	 287.55809729	 -1013.24362271	 6.95807333333	 437.15	35.0968	 338.0
5.5	 -358.868803851	 281.592819202	 6.90716866667	 436.445	-28.2096	 464.0
6.0	 -86.3639606974	 -293.702690033	 6.856264	 435.74	-1.5948	 407.0
6.5	 -290.748896668	 193.809029801	 6.80535933333	 435.035	-21.6456	 454.0
7.0	 116.184710083	 170.355735659	 6.75445466667	 434.33	18.1236	 451.0
7.5	 -157.38080106	 289.972645431	 6.70355	 433.625	-8.6968	 462.0
8.0	 -112.831757661	 1002.30897141	 6.65264533333	 432.92	-4.3884	 531.0
8.5	 80.281385481	 856.224073919	 6.60174066667	 432.215	14.4576	 516.0
9.0	 -241.760398467	 965.621683411	 6.550836	 431.51	-17.1064	 526.0
9.5	 -250.413032324	 809.317485636	 6.49993133333	 430.805	-18.004	 510.0
10.0	 -539.426037769	 2145.03112867	 6.44902666667	 430.1	-46.336	 640.0
10.5	 -45.2359575119	 2060.26203285	 6.398122	 429.395	1.9716	 631.0
11.0	 -390.074956524	 2139.00174151	 6.34721733333	 428.69	-31.8232	 638.0
11.5	 -298.627500282	 2309.71515267	 6.29631266667	 427.985	-22.9256	 654.0
12.0	 -285.267761337	 2306.70045909	 6.245408	 427.28	-21.6692	 653.0
12.5	 -221.069047361	 2743.11567753	 6.19450333333	 426.575	-15.438	 695.0
13.0	 -350.006933228	 1421.81124789	 6.14359866667	 425.87	-28.106	 565.0
13.5	 -30.8530281581	 1541.42815766	 6.092694	 425.165	3.0736	 576.0
14.0	 -281.094008342	 2008.50127694	 6.04178933333	 424.46	-21.4644	 621.0
14.5	 219.121371359	 1780.6619772	 5.99088466667	 423.755	27.4328	 598.0
15.0	 -26.1366780089	 2666.72640794	 5.93998	 423.05	3.3824	 684.0
15.5	 -145.36622861	 2622.83451324	 5.88907533333	 422.345	-8.3356	 679.0
16.0	 -241.53286234	 2967.27602916	 5.83817066667	 421.64	-17.7968	 712.0
16.5	 -454.052361333	 2330.66471825	 5.787266	 420.935	-38.6436	 649.0
17.0	 -365.48266005	 2951.02734172	 5.73636133333	 420.23	-30.0276	 709.0
17.5	 -230.529598659	 3908.62687441	 5.68545666667	 419.525	-16.8728	 802.0
18.0	 -369.682697085	 2985.87515567	 5.634552	 418.82	-30.5404	 711.0
18.5	 -332.471111287	 3647.11498025	 5.58364733333	 418.115	-26.95	 775.0
19.0	 -711.622432917	 5095.24092636	 5.53274266667	 417.41	-64.1024	 916.0
19.5	 -455.092399961	 5419.24384172	 5.481838	 416.705	-39.0508	 947.0
20.0	 -121.018316483	 4005.96570957	 5.43093333333	 416.0	-6.4112	 808.0
20.5	 -417.871569103	 7365.10080795	 5.38002866667	 415.295	-35.5104	 1136.0
21.0	 -167.383186471	 6237.96308362	 5.329124	 414.59	-11.05	 1025.0
21.5	 -433.075748678	 7522.58022525	 5.27821933333	 413.885	-37.1	 1150.0
22.0	 -379.112685862	 6364.78460009	 5.22731466667	 413.18	-31.8704	 1036.0
22.5	 -302.094881616	 4798.21696374	 5.17641	 412.475	-24.3848	 882.0
23.0	 -212.736250352	 5694.50069475	 5.12550533333	 411.77	-15.6916	 969.0
23.5	 219.09974732	 6570.34582521	 5.07460066667	 411.065	26.5144	 1054.0
24.0	 -241.57706422	 4789.17288299	 5.023696	 410.36	-18.6156	 879.0
24.5	 510.196611162	 5174.49160003	 4.97279133333	 409.655	54.8976	 916.0
25.0	 -196.000933454	 3832.74856983	 4.92188666667	 408.95	-14.2576	 784.0
25.5	 -66.2965046859	 4013.68128128	 4.870982	 408.245	-1.6164	 801.0
26.0	 -211.209200749	 3591.67527624	 4.82007733333	 407.54	-15.8476	 759.0
26.5	 111.088161086	 3619.31848349	 4.76917266667	 406.835	15.6396	 761.0
27.0	 119.99228511	 3514.11078712	 4.718268	 406.13	16.46	 750.0
27.5	 -614.995072253	 5473.2017472	 4.66736333333	 405.425	-55.5124	 941.0
28.0	 -37.7506947648	 4386.94122399	 4.61645866667	 404.72	0.9224	 834.0
28.5	 -255.510650941	 3770.76851364	 4.565554	 404.015	-20.4372	 773.0
29.0	 -322.862945603	 3205.69230468	 4.51464933333	 403.31	-27.0788	 717.0
29.5	 -252.389581255	 2262.50198538	 4.46374466667	 402.605	-20.2336	 624.0
30.0	 -360.872515682	 2535.40839935	 4.41284	 401.9	-30.9	 650.0
30.5	 210.089035994	 2031.64799207	 4.36193533333	 401.195	24.92	 600.0
31.0	 -338.342950906	 2784.86151917	 4.31103066667	 400.49	-28.7972	 673.0
31.5	 118.113384999	 2608.11872084	 4.260126	 399.785	15.818	 655.0
32.0	 65.4523564185	 3739.44635828	 4.20922133333	 399.08	10.614	 765.0
32.5	 -266.792376929	 5443.05481138	 4.15831666667	 398.375	-21.9484	 931.0
33.0	 -346.469147728	 4009.33807866	 4.107412	 397.67	-29.796	 790.0
33.5	 -175.887517842	 4190.27079011	 4.05650733333	 396.965	-13.1548	 807.0
34.0	 55.2128082987	 3298.17697221	 4.00560266667	 396.26	9.4084	 719.0
34.5	 -385.511841376	 5185.73283034	 3.954698	 395.555	-33.7692	 903.0
35.0	 -30.2143150777	 3649.82309483	 3.90379333333	 394.85	0.9472	 752.0
35.5	 -545.633874355	 4035.14181187	 3.85288866667	 394.145	-49.5396	 789.0
36.0	 -278.328611184	 7465.8120122	 3.801984	 393.44	-23.4336	 1124.0
36.5	 48.9516814678	 7912.44653092	 3.75107933333	 392.735	8.5412	 1167.0
37.0	 86.944021807	 8052.50204125	 3.70017466667	 392.03	12.208	 1180.0
37.5	 -858.732605559	 8601.32956276	 3.64927	 391.325	-80.3812	 1233.0
38.0	 600.0	 8301.95516107	 3.59836533333	 390.62	62.3108	 1203.0
38.5	 22.2304458572	 10046.4408153	 3.54746066667	 389.915	5.7228	 1373.0
39.0	 -756.540481623	 9665.31201136	 3.496556	 389.21	-70.534	 1335.0
39.5	 -620.802577971	 10500.2799407	 3.44565133333	 388.505	-57.3024	 1416.0
40.0	 19.3313734381	 9567.30892168	 3.39474666667	 387.8	5.2864	 1324.0
40.5	 188.335143361	 9196.39941804	 3.343842	 387.095	21.7732	 1287.0
41.0	 -485.095236839	 9121.8496225	 3.29293733333	 386.39	-44.1756	 1279.0
41.5	 -224.906694382	 8475.0190113	 3.24203266667	 385.685	-18.766	 1215.0
42.0	 20.1082310196	 10199.066065	 3.191128	 384.98	5.1588	 1383.0
42.5	 -165.702104763	 7784.29650541	 3.14022333333	 384.275	-13.0744	 1146.0
43.0	 -42.3377298883	 2967.99138018	 3.08931866667	 383.57	-1.0536	 674.0
43.5	 -499.822032021	 5877.47726626	 3.038414	 382.865	-45.8712	 958.0
44.0	 -306.74159064	 2542.97068155	 2.98750933333	 382.16	-27.0284	 631.0
44.5	 -479.164643056	 2427.5436849	 2.93660466667	 381.455	-43.9516	 619.0
45.0	 45.4217239524	 2383.6517902	 2.8857	 380.75	7.3304	 614.0
45.5	 -136.967190096	 1430.24217062	 2.83479533333	 380.045	-10.568	 520.0
46.0	 -644.791765406	 1427.22747704	 2.78389066667	 379.34	-60.3116	 519.0
46.5	 -80.6485308757	 392.063455224	 2.732986	 378.635	-5.1588	 417.0
47.0	 -145.8997374	 297.075059125	 2.68208133333	 377.93	-11.5948	 407.0
47.5	 223.300124998	 181.648062468	 2.63117666667	 377.225	24.482	 395.0
48.0	 -521.657181718	 904.203688731	 2.580272	 376.52	-48.466	 465.0
48.5	 21.262609992	 -8.3287297278	 2.52936733333	 375.815	4.61	 375.0
49.0	 53.4871772535	 -164.632927503	 2.47846266667	 375.11	7.7124	 359.0
49.5	 -274.837432507	 527.264797922	 2.427558	 374.405	-24.4664	 426.0
50.0	 -234.74809175	 738.855410209	 2.37665333333	 373.7	-20.5944	 446.0
50.5	 -275.370784601	 388.384507123	 2.32574866667	 372.995	-24.6204	 411.0
51.0	 24.3909762579	 344.492612422	 2.274844	 372.29	4.6616	 406.0
51.5	 -74.395886064	 699.153428623	 2.22393933333	 371.585	-5.056	 440.0
52.0	 -255.730168324	 379.340426376	 2.17303466667	 370.88	-22.8512	 408.0
52.5	 -289.007228134	 877.071446489	 2.12213	 370.175	-26.1584	 456.0
53.0	 -106.370911638	 1170.41646101	 2.07122533333	 369.47	-8.3376	 484.0
53.5	 -333.299624025	 789.287657088	 2.02032066667	 368.765	-30.5944	 446.0
54.0	 -166.650380887	 786.272963506	 1.969416	 368.06	-14.338	 445.0
54.5	 -344.83303094	 1171.59168054	 1.91851133333	 367.355	-31.8248	 482.0
55.0	 -23.0670727196	 483.883868235	 1.86760666667	 366.65	-0.3896	 414.0
55.5	 124.713254383	 235.605967944	 1.816702	 365.945	14.0204	 389.0
56.0	 -283.011230829	 559.608883306	 1.76579733333	 365.24	-25.928	 420.0
56.5	 -281.710266214	 45.629175748	 1.71489266667	 364.535	-25.8516	 369.0
57.0	 -39.070306197	 144.807484961	 1.663988	 363.83	-2.1592	 378.0
57.5	 83.2884895297	 -522.46172679	 1.61308333333	 363.125	9.7632	 312.0
58.0	 69.3994862099	 -259.774613105	 1.56217866667	 362.42	8.3532	 337.0
58.5	 114.73745959	 728.482820425	 1.511274	 361.715	12.7388	 433.0
59.0	 -260.767615701	 10.1171072767	 1.46036933333	 361.01	-24.0568	 362.0
59.5	 -14.4609707436	 -64.4326882623	 1.40946466667	 360.305	-0.00560000000002	 354.0
Actin association begins: 57.5
Actin association ends: 58.5
Length of actin association: 1.0
Area under actin curve during patch life: 267.42543533
Cofilin association begins: 6.5
Cofilin association ends: 48.0
Length of cofilin association: 41.5
Delay between actin and cofilin association: -51.0
Area under cofilin curve during patch life: 344765.365547
Cofilin intensity score: 467.462157818