Time	 Int488	 Int561	 Back488	 Back561	 Raw488	 Raw561
0.0	 -70.2305720435	 -231.325994873	 6.2596	 211.0	3.2236	 201.0
0.5	 39.8945153463	 -274.107024542	 6.01179851852	 210.849382716	7.7364	 199.0
1.0	 173.75364981	 492.752927845	 5.76399703704	 210.698765432	13.2752	 232.0
1.5	 73.3073105868	 -82.0778900328	 5.51619555556	 210.548148148	8.6852	 207.0
2.0	 -159.401979465	 129.599674659	 5.26839407407	 210.397530864	-1.6224	 216.0
2.5	 -316.190078	 225.614241913	 5.02059259259	 210.24691358	-8.648	 220.0
3.0	 -242.244376208	 414.159207117	 4.77279111111	 210.096296296	-5.6992	 228.0
3.5	 9.04508629316	 1.25658565116	 4.52498962963	 209.945679012	4.916	 210.0
4.0	 -259.25139481	 351.729747266	 4.27718814815	 209.795061728	-6.93	 225.0
4.5	 -203.108541584	 -292.498869073	 4.02938666667	 209.644444444	-4.7508	 197.0
5.0	 -102.467819984	 243.035088441	 3.78158518519	 209.49382716	-0.648	 220.0
5.5	 86.5394316577	 -378.060928411	 3.5337837037	 209.343209877	7.2748	 193.0
6.0	 309.958738297	 -50.7203662833	 3.28598222222	 209.192592593	16.6852	 207.0
6.5	 132.406818462	 -324.827390826	 3.03818074074	 209.041975309	8.762	 195.0
7.0	 -207.064044744	 303.236964637	 2.79037925926	 208.891358025	-6.1608	 222.0
7.5	 600.0	 -202.196054778	 2.54257777778	 208.740740741	28.48	 200.0
8.0	 437.882150544	 726.59209402	 2.2947762963	 208.590123457	21.224	 240.0
8.5	 -380.84990884	 1238.99345205	 2.04697481481	 208.439506173	-14.4168	 262.0
9.0	 188.947689482	 -145.478347887	 1.79917333333	 208.288888889	9.9672	 202.0
9.5	 207.143826509	 621.3816045	 1.55137185185	 208.138271605	10.506	 235.0
10.0	 68.1493235	 647.998373293	 1.30357037037	 207.987654321	4.2496	 236.0
10.5	 550.172586327	 327.626149776	 1.05576888889	 207.837037037	24.8392	 222.0
11.0	 -135.695074641	 863.16010729	 0.807967407407	 207.686419753	-5.058	 245.0
11.5	 201.601392754	 565.92048326	 0.560165925926	 207.535802469	9.2752	 232.0
12.0	 102.348695664	 708.200249489	 0.312364444444	 207.385185185	4.7368	 238.0
12.5	 -62.7393795665	 1197.46900803	 0.064562962963	 207.234567901	-2.6476	 259.0
13.0	 409.799517471	 1455.41177169	 -0.183238518519	 207.083950617	17.532	 270.0
13.5	 -7.37837393247	 1574.55893844	 -0.43104	 206.933333333	-0.75	 275.0
14.0	 84.9531179317	 1601.17570723	 -0.678841481481	 206.782716049	2.9936	 276.0
14.5	 -250.955324953	 2576.229055	 -0.926642962963	 206.632098765	-11.7752	 318.0
15.0	 215.060179029	 2949.8348161	 -1.17444444444	 206.481481481	8.1224	 334.0
15.5	 392.778722121	 478.130840267	 -1.42224592593	 206.330864198	15.5572	 227.0
16.0	 -163.176260127	 2401.62076702	 -1.67004740741	 206.180246914	-8.724	 310.0
16.5	 352.065415564	 2312.57453838	 -1.91784888889	 206.02962963	13.3016	 306.0
17.0	 490.069911856	 2431.72170512	 -2.16565037037	 205.879012346	19.0196	 311.0
17.5	 -325.108980246	 2388.94067545	 -2.41345185185	 205.728395062	-16.4676	 309.0
18.0	 -115.930101852	 2230.49664834	 -2.66125333333	 205.577777778	-7.6728	 302.0
18.5	 163.238769551	 1979.52222329	 -2.90905481481	 205.427160494	4.1476	 291.0
19.0	 448.93103401	 1612.8848008	 -3.1568562963	 205.27654321	16.25	 275.0
19.5	 153.948786138	 2518.54035011	 -3.40465777778	 205.125925926	3.2504	 314.0
20.0	 229.069623984	 1619.85313941	 -3.65245925926	 204.975308642	6.25	 275.0
20.5	 -38.6346625725	 1877.79590307	 -3.90026074074	 204.824691358	-5.5704	 286.0
21.0	 -23.4087513194	 2205.1364652	 -4.14806222222	 204.674074074	-5.16	 300.0
21.5	 -136.883370574	 3665.97440221	 -4.3958637037	 204.52345679	-10.3132	 363.0
22.0	 284.042070488	 2952.34798741	 -4.64366518519	 204.372839506	7.6352	 332.0
22.5	 70.9029596019	 2817.03655979	 -4.89146666667	 204.222222222	-1.8264	 326.0
23.0	 139.518910472	 3838.35510654	 -5.13926814815	 204.071604938	0.892	 370.0
23.5	 117.9547355	 2685.20930148	 -5.38706962963	 203.920987654	-0.288	 320.0
24.0	 503.894433097	 2920.01946565	 -5.63487111111	 203.77037037	16.148	 330.0
24.5	 154.319250435	 1512.41506623	 -5.88267259259	 203.619753086	0.7884	 269.0
25.0	 346.305980891	 2233.00981965	 -6.13047407407	 203.469135802	8.84	 300.0
25.5	 342.535401445	 1010.46621612	 -6.37827555556	 203.318518519	8.4292	 247.0
26.0	 453.271189461	 2679.49754852	 -6.62607703704	 203.167901235	12.9684	 319.0
26.5	 -28.5576909896	 2960.57291167	 -6.87387851852	 203.017283951	-8.1084	 331.0
27.0	 609.453316701	 1761.16190763	 -7.12168	 202.866666667	19.2244	 279.0
27.5	 7.7975709057	 885.607296422	 -7.36948148148	 202.716049383	-7.0324	 241.0
28.0	 -300.240716117	 1120.4174606	 -7.61728296296	 202.565432099	-20.5964	 251.0
28.5	 88.6599542146	 892.575635033	 -7.86508444444	 202.414814815	-4.0324	 241.0
29.0	 -183.800394796	 86.4188222822	 -8.11288592593	 202.264197531	-16.0584	 206.0
29.5	 -221.95527012	 621.952779796	 -8.36068740741	 202.113580247	-17.9556	 229.0
30.0	 -102.928758448	 995.558540898	 -8.60848888889	 201.962962963	-13.058	 245.0
30.5	 289.525079165	 212.534327635	 -8.85629037037	 201.812345679	3.6596	 211.0
31.0	 12.3271737789	 146.620698479	 -9.10409185185	 201.661728395	-8.5712	 208.0
31.5	 79.7494825152	 450.828661119	 -9.35189333333	 201.511111111	-5.9044	 221.0
32.0	 130.56258482	 639.373626323	 -9.59969481481	 201.360493827	-3.9556	 229.0
32.5	 -24.4489300744	 457.79699973	 -9.8474962963	 201.209876543	-10.9044	 221.0
33.0	 350.812759599	 553.811566985	 -10.0952977778	 201.059259259	5.07	 225.0
33.5	 75.9836324007	 117.776346032	 -10.3430992593	 200.908641975	-7.0584	 206.0
34.0	 308.887304829	 -133.198079023	 -10.5909007407	 200.758024691	2.762	 195.0
34.5	 184.133230065	 379.203279003	 -10.8387022222	 200.607407407	-2.8788	 217.0
35.0	 249.177507574	 151.361453436	 -11.0865037037	 200.456790123	-0.3148	 207.0
35.5	 189.666616403	 409.304217101	 -11.3343051852	 200.30617284	-3.1352	 218.0
36.0	 232.170488972	 88.9319935846	 -11.5821066667	 200.155555556	-1.5456	 204.0
36.5	 54.6185691373	 -185.175030958	 -11.8299081481	 200.004938272	-9.4688	 192.0
37.0	 -103.353918491	 95.9003321956	 -12.0777096296	 199.854320988	-16.5456	 204.0
37.5	 263.598541447	 -317.002289271	 -12.3255111111	 199.703703704	-0.9304	 186.0
38.0	 186.294054751	 10.3382728573	 -12.5733125926	 199.55308642	-4.52	 200.0
38.5	 -208.343431713	 222.015837549	 -12.8211140741	 199.402469136	-21.8276	 209.0
39.0	 -31.790771635	 -260.284582379	 -13.0689155556	 199.251851852	-14.4432	 188.0
39.5	 -73.5080672799	 -71.7396171755	 -13.316717037	 199.101234568	-16.4944	 196.0
40.0	 41.3638295247	 47.4075495666	 -13.5645185185	 198.950617284	-11.7764	 201.0
Actin association begins: 22.0
Actin association ends: 26.0
Length of actin association: 4.0
Area under actin curve during patch life: 2412.74493139
Cofilin association begins: 9.5
Cofilin association ends: 33.5
Length of cofilin association: 24.0
Delay between actin and cofilin association: -12.5
Area under cofilin curve during patch life: 77363.5233748
Cofilin intensity score: -2251.17322262