x	actin	actin sem	cofilin	cofilin sem	
-0.0	29.7046015835	6.21509612519	61.8651681832	81.5351026565	
-0.5	49.1180703087	11.0985866902	337.057530355	155.163824445	
-1.0	70.2679347148	20.6747553984	376.08964723	157.526694448	
-1.5	94.5598923938	22.8068088725	325.831240878	128.228596712	
-2.0	114.627857952	20.9028310044	375.665223756	145.019382369	
-2.5	134.36822825	25.1630352804	394.440046569	133.965903377	
-3.0	170.981055996	28.6976871074	394.055424607	128.848920715	
-3.5	161.654922573	25.2537188855	419.925972576	136.926129604	
-4.0	177.447525971	25.4471092686	445.109468856	146.366602587	
-4.5	206.445075922	27.7162156898	422.753120631	133.058647083	
-5.0	230.157962684	32.2620383597	439.162761733	121.275398484	
-5.5	210.044483312	29.457951919	429.472169189	128.367739148	
-6.0	229.65728071	28.5031406905	426.598092831	111.024136119	
-6.5	261.281043634	29.5435876146	441.373010286	117.982536382	
-7.0	272.308724825	31.7090471802	425.294987549	111.261709206	
-7.5	282.293011468	32.076057401	432.694463494	113.555062191	
-8.0	303.863807634	33.3602357623	423.95797363	115.296498145	
-8.5	306.314392753	30.1628684787	405.130192693	105.540814119	
-9.0	290.145128998	25.7309785965	395.957533875	104.165093618	
-9.5	297.932736387	29.028843774	410.706090743	112.027097465	
-10.0	326.040993638	32.6140953623	328.405619493	81.6114115164	
-10.5	332.400208597	33.0078961882	333.989668882	90.9291024237	
-11.0	336.707300109	26.874799674	316.614661679	81.433350343	
-11.5	344.794294281	25.3340885691	333.976407247	88.5754120333	
-12.0	352.252387279	24.9312675517	324.146174332	82.9222713317	
-12.5	353.780964494	20.2064285011	327.726287608	87.8596873542	
-13.0	363.567963576	24.8595674445	313.811906495	75.7623867403	
-13.5	385.131011392	25.4784251964	298.811680105	72.0774115661	
-14.0	375.065814254	24.551408843	320.556460256	79.090010737	
-14.5	390.967057925	27.5927378329	318.374252501	77.4506544371	
-15.0	392.692265938	22.6144308579	305.655797368	72.7966184784	
-15.5	413.941238218	28.1474188675	294.642107839	69.2082122063	
-16.0	413.368614409	25.4783800578	270.776369778	60.2566455556	
-16.5	412.050859575	28.0999512715	276.645612226	62.299903828	
-17.0	385.546785569	24.520286613	262.650449218	61.7863434535	
-17.5	397.511031565	26.6682099851	230.853545502	55.7020969402	
-18.0	379.728092228	28.2563124847	233.833267059	52.5918823101	
-18.5	379.676531711	26.7121919946	210.202473665	55.4376834883	
-19.0	374.24105825	28.6608419646	191.377771284	50.2361710163	
-19.5	379.375281565	30.2641998321	170.137874681	39.5286266743	
-20.0	360.173404258	27.6688942406	143.650451273	37.9909824363	
-20.5	355.126040905	28.2733241549	157.771609112	37.6378062398	
-21.0	359.148182837	27.651996351	161.134514634	39.5441471698	
-21.5	349.527665796	28.3499635176	143.813402701	38.0055928118	
-22.0	348.438236791	29.5012130372	125.729956552	32.4983242133	
-22.5	348.370621203	30.9298549931	120.73209819	37.376544466	
-23.0	336.218147855	29.3766805683	122.268360193	35.032332003	
-23.5	327.544902374	31.5298511473	107.550016755	32.9504854665	
-24.0	347.597164907	34.8862297798	95.5749622219	25.3433316229	
-24.5	333.223605166	31.8373528827	85.8906916734	27.9493269249	
-25.0	309.476480119	30.9375490984	98.0658276527	30.6229839831	
-25.5	329.018733904	33.1967673318	81.7712240695	24.433063133	
-26.0	306.311044383	35.607005457	91.3436886455	26.7799364224	
-26.5	297.998776916	37.6951084163	76.6129923215	25.9089165624	
-27.0	314.244013223	34.72798946	71.1202116146	36.6198567825	
-27.5	302.150139201	37.3921412637	65.9401505957	30.4397041845	
-28.0	328.326374542	35.4846567282	87.9096684728	35.1486874166	
-28.5	319.564937854	40.6753666017	60.8554694542	40.9505571109	
-29.0	301.283079769	37.5944582746	68.0500813911	26.5711627896	
-29.5	271.096124986	37.7381235347	54.8734811254	34.4061323985	
-30.0	263.71696528	36.6263467978	52.1127185251	25.1771367037	
-30.5	270.793472914	42.0438383933	31.381672809	27.9804133657	
-31.0	252.047340086	40.7123431001	48.6806403642	30.2613419007	
-31.5	253.408362649	44.2354548478	65.8293360012	24.7968056775	
-32.0	228.75508706	43.9447363699	53.1370693725	21.6147910624	
-32.5	246.819282057	43.8814576092	45.4182940655	27.2488673571	
-33.0	223.199153656	45.9733893474	66.4608445198	30.7786165877	
-33.5	209.512180238	47.0451482554	43.2670021078	36.7930521888	
-34.0	243.822509428	50.476906485	65.3386655285	26.5446227832	
-34.5	237.161780031	52.7709333563	62.2606590689	20.5158458985	
-35.0	236.061270145	56.3909014776	49.4246948838	20.8534948895	
-35.5	242.563156107	54.7178846575	69.7580174125	28.4495970757	
-36.0	239.439843207	60.2531590234	45.4039828119	24.9014701852	
-36.5	257.631787171	60.7227819357	66.9352391729	36.1335353751	
-37.0	263.534094286	60.018757455	58.8806528321	32.4088090168	
-37.5	226.98080727	59.8732372924	57.472072305	24.0464270541	
-38.0	215.543823485	59.9120736464	47.651895487	23.6875196359	
-38.5	218.161359441	55.2082239258	37.7018039733	26.0167491032	
-39.0	212.698485401	63.9537849658	27.9148672397	23.2970116641	
-39.5	192.799599106	57.6992214626	38.1492677697	25.5610085665	
-40.0	202.238341647	55.9731552984	14.7515334063	18.5537327569	
-40.5	177.812518457	56.4246827817	34.8682584759	22.8813534704	
-41.0	151.231230921	55.5316973586	28.6927026548	15.7020978224	
-41.5	202.90384512	59.4529379888	30.025888122	22.8171127124	
-42.0	209.954122917	59.4061340016	20.7636222487	11.8944395343	
-42.5	197.793162898	54.8830959519	20.5995415682	14.3758167429	
-43.0	222.135539098	63.2735615314	26.7661368175	10.0049642294	
-43.5	208.083735305	54.840684769	25.9828640531	13.8162667237	
-44.0	202.194412281	47.2725822099	13.5190723159	6.35632347261	
-44.5	198.063852457	52.9896511104	38.190201923	21.4677146265	
-45.0	201.455037405	48.8342953766	33.6682213925	19.7697622421	
-45.5	223.980122918	35.3096241268	7.65002373606	6.21148394298	
-46.0	162.488657432	57.0588125349	31.1725165154	10.8791807693	
-46.5	197.960473186	62.6592742166	16.1085536074	7.16231954106	
-47.0	203.765531359	46.5505840027	47.1547933979	29.8736253235	
-47.5	181.234126714	34.7784308516	45.7434334013	31.1191903651	
-48.0	159.237274784	48.0277178408	2.14386366961	7.41333527988	
-48.5	136.973347178	36.338277475	10.1262038184	9.69059425109	
-49.0	170.295932525	44.5487248276	56.6938805108	56.5075678452	
-49.5	134.282045401	40.5480002467	1.17528263726	5.81346112778	
-50.0	165.612760818	49.7330438859	20.1176159452	19.145954235	
-50.5	164.8707804	25.1946872574	16.1659155575	17.1957075996	
-51.0	143.800675822	32.6451903624	6.899682072	4.63172754152	
-51.5	134.63240506	55.5714048999	22.660330052	19.4071214915	
-52.0	122.415291811	48.3877272996	5.56310086842	7.74394660744	
-52.5	114.841293322	39.5958548067	13.2976816238	20.3653551506	
-53.0	126.908774451	34.9309183355	7.65743957979	8.25294618167	
-53.5	85.0395171911	53.8415718631	-9.55734486047	5.7026848607	
-54.0	110.059946832	34.6167729267	-4.24421711623	7.67538860827	
-54.5	75.4160137318	49.189385193	3.69778080633	9.9367053764	
-55.0	100.016139012	48.3281695938	-1.93429414495	12.7267727723	
-55.5	80.4782099119	35.9903500602	20.4507127526	29.995542312	
-56.0	100.580145093	54.6850237785	-23.2728178997	15.7664246761	
-56.5	73.2910196744	49.56869905	-29.3116259865	18.4363935798	
-57.0	118.085237013	43.7488607901	2.4274891759	17.1843456614	
-57.5	94.7753835313	51.3605914868	-23.9165744858	17.9965643337	
-58.0	99.5433298309	44.89310629	3.25601634267	12.1074735043	
-58.5	79.6623105993	33.0086922863	-13.0999978104	7.94042250594	
-59.0	55.8513077819	40.5421824939	-14.1846678295	4.47009953839	
-59.5					
-60.0					
-60.5					
-61.0					
-61.5					
-62.0					
-62.5					
-63.0					
-63.5					
-64.0					
-64.5					
-65.0					
-65.5					
-66.0					
-66.5					
-67.0					
-67.5					
-68.0					
-68.5					
-69.0					
-69.5					
					
